5.000000e+00 1.570796e-02 0.000000e+00
5.000000e+00 2.346256e-02 0.000000e+00
5.000000e+00 3.503514e-02 0.000000e+00
5.000000e+00 5.263151e-02 0.000000e+00
5.000000e+00 7.314235e-02 0.000000e+00
5.000000e+00 1.025928e-01 0.000000e+00
5.000000e+00 1.448116e-01 0.000000e+00
5.000000e+00 2.023460e-01 0.000000e+00
5.000000e+00 2.834245e-01 0.000000e+00
5.000000e+00 3.967448e-01 0.000000e+00
5.000000e+00 5.552783e-01 0.000000e+00
5.000000e+00 7.774819e-01 0.000000e+00
5.000000e+00 1.088445e+00 0.000000e+00
5.000000e+00 1.523711e+00 0.000000e+00
5.000000e+00 2.088426e+00 0.000000e+00
5.000000e+00 2.685505e+00 0.000000e+00
5.120000e+00 1.570796e-02 0.000000e+00
5.120000e+00 2.346256e-02 0.000000e+00
5.120000e+00 3.503514e-02 0.000000e+00
5.120000e+00 5.263151e-02 0.000000e+00
5.120000e+00 7.314235e-02 0.000000e+00
5.120000e+00 1.025928e-01 0.000000e+00
5.120000e+00 1.448116e-01 0.000000e+00
5.120000e+00 2.023460e-01 0.000000e+00
5.120000e+00 2.834245e-01 0.000000e+00
5.120000e+00 3.967448e-01 0.000000e+00
5.120000e+00 5.552783e-01 0.000000e+00
5.120000e+00 7.774819e-01 0.000000e+00
5.120000e+00 1.088445e+00 0.000000e+00
5.120000e+00 1.523711e+00 0.000000e+00
5.120000e+00 2.088426e+00 0.000000e+00
5.120000e+00 2.685505e+00 0.000000e+00
5.242400e+00 1.570796e-02 0.000000e+00
5.242400e+00 2.346256e-02 0.000000e+00
5.242400e+00 3.503514e-02 0.000000e+00
5.242400e+00 5.263151e-02 0.000000e+00
5.242400e+00 7.314235e-02 0.000000e+00
5.242400e+00 1.025928e-01 0.000000e+00
5.242400e+00 1.448116e-01 0.000000e+00
5.242400e+00 2.023460e-01 0.000000e+00
5.242400e+00 2.834245e-01 0.000000e+00
5.242400e+00 3.967448e-01 0.000000e+00
5.242400e+00 5.552783e-01 0.000000e+00
5.242400e+00 7.774819e-01 0.000000e+00
5.242400e+00 1.088445e+00 0.000000e+00
5.242400e+00 1.523711e+00 0.000000e+00
5.242400e+00 2.088426e+00 0.000000e+00
5.242400e+00 2.685505e+00 0.000000e+00
5.367248e+00 1.570796e-02 0.000000e+00
5.367248e+00 2.346256e-02 0.000000e+00
5.367248e+00 3.503514e-02 0.000000e+00
5.367248e+00 5.263151e-02 0.000000e+00
5.367248e+00 7.314235e-02 0.000000e+00
5.367248e+00 1.025928e-01 0.000000e+00
5.367248e+00 1.448116e-01 0.000000e+00
5.367248e+00 2.023460e-01 0.000000e+00
5.367248e+00 2.834245e-01 0.000000e+00
5.367248e+00 3.967448e-01 0.000000e+00
5.367248e+00 5.552783e-01 0.000000e+00
5.367248e+00 7.774819e-01 0.000000e+00
5.367248e+00 1.088445e+00 0.000000e+00
5.367248e+00 1.523711e+00 0.000000e+00
5.367248e+00 2.088426e+00 0.000000e+00
5.367248e+00 2.685505e+00 0.000000e+00
5.494593e+00 1.570796e-02 0.000000e+00
5.494593e+00 2.346256e-02 0.000000e+00
5.494593e+00 3.503514e-02 0.000000e+00
5.494593e+00 5.263151e-02 0.000000e+00
5.494593e+00 7.314235e-02 0.000000e+00
5.494593e+00 1.025928e-01 0.000000e+00
5.494593e+00 1.448116e-01 0.000000e+00
5.494593e+00 2.023460e-01 0.000000e+00
5.494593e+00 2.834245e-01 0.000000e+00
5.494593e+00 3.967448e-01 0.000000e+00
5.494593e+00 5.552783e-01 0.000000e+00
5.494593e+00 7.774819e-01 0.000000e+00
5.494593e+00 1.088445e+00 0.000000e+00
5.494593e+00 1.523711e+00 0.000000e+00
5.494593e+00 2.088426e+00 0.000000e+00
5.494593e+00 2.685505e+00 0.000000e+00
5.624485e+00 1.570796e-02 -2.688933e-05
5.624485e+00 2.346256e-02 -1.830998e-05
5.624485e+00 3.503514e-02 -4.072608e-05
5.624485e+00 5.263151e-02 -1.216222e-05
5.624485e+00 7.314235e-02 -6.574742e-05
5.624485e+00 1.025928e-01 -1.892755e-06
5.624485e+00 1.448116e-01 -9.380384e-05
5.624485e+00 2.023460e-01 -2.705885e-05
5.624485e+00 2.834245e-01 -1.428876e-05
5.624485e+00 3.967448e-01 -1.290516e-05
5.624485e+00 5.552783e-01 -1.302804e-05
5.624485e+00 7.774819e-01 -1.167249e-05
5.624485e+00 1.088445e+00 -1.521258e-05
5.624485e+00 1.523711e+00 -1.528569e-05
5.624485e+00 2.088426e+00 -1.588960e-05
5.624485e+00 2.685505e+00 -1.659993e-05
5.756975e+00 1.570796e-02 -1.393531e-04
5.756975e+00 2.346256e-02 -1.020168e-04
5.756975e+00 3.503514e-02 -1.755870e-04
5.756975e+00 5.263151e-02 -2.536601e-04
5.756975e+00 7.314235e-02 -3.279098e-04
5.756975e+00 1.025928e-01 -9.941016e-05
5.756975e+00 1.448116e-01 -2.250626e-04
5.756975e+00 2.023460e-01 -1.930570e-04
5.756975e+00 2.834245e-01 -2.786396e-04
5.756975e+00 3.967448e-01 -1.611219e-04
5.756975e+00 5.552783e-01 -1.326850e-04
5.756975e+00 7.774819e-01 -1.321932e-04
5.756975e+00 1.088445e+00 -1.251397e-04
5.756975e+00 1.523711e+00 -1.106429e-04
5.756975e+00 2.088426e+00 -1.233340e-04
5.756975e+00 2.685505e+00 -1.318547e-04
5.892114e+00 1.570796e-02 -3.006586e-04
5.892114e+00 2.346256e-02 -3.000184e-04
5.892114e+00 3.503514e-02 -3.599663e-04
5.892114e+00 5.263151e-02 -6.714820e-04
5.892114e+00 7.314235e-02 -8.829375e-04
5.892114e+00 1.025928e-01 -6.460148e-04
5.892114e+00 1.448116e-01 -8.259811e-04
5.892114e+00 2.023460e-01 -7.625711e-04
5.892114e+00 2.834245e-01 -8.654800e-04
5.892114e+00 3.967448e-01 -6.307408e-04
5.892114e+00 5.552783e-01 -5.255985e-04
5.892114e+00 7.774819e-01 -4.866519e-04
5.892114e+00 1.088445e+00 -4.169066e-04
5.892114e+00 1.523711e+00 -3.980343e-04
5.892114e+00 2.088426e+00 -4.354347e-04
5.892114e+00 2.685505e+00 -4.712425e-04
6.029956e+00 1.570796e-02 -6.028060e-04
6.029956e+00 2.346256e-02 -7.511726e-04
6.029956e+00 3.503514e-02 -1.183220e-03
6.029956e+00 5.263151e-02 -2.005582e-03
6.029956e+00 7.314235e-02 -2.965747e-03
6.029956e+00 1.025928e-01 -2.209973e-03
6.029956e+00 1.448116e-01 -2.819899e-03
6.029956e+00 2.023460e-01 -2.537929e-03
6.029956e+00 2.834245e-01 -2.571564e-03
6.029956e+00 3.967448e-01 -1.979871e-03
6.029956e+00 5.552783e-01 -1.752611e-03
6.029956e+00 7.774819e-01 -1.569896e-03
6.029956e+00 1.088445e+00 -1.344375e-03
6.029956e+00 1.523711e+00 -1.260213e-03
6.029956e+00 2.088426e+00 -1.349354e-03
6.029956e+00 2.685505e+00 -1.457137e-03
6.170555e+00 1.570796e-02 -7.780391e-04
6.170555e+00 2.346256e-02 -1.419088e-03
6.170555e+00 3.503514e-02 -2.323576e-03
6.170555e+00 5.263151e-02 -3.502158e-03
6.170555e+00 7.314235e-02 -5.783957e-03
6.170555e+00 1.025928e-01 -4.324523e-03
6.170555e+00 1.448116e-01 -5.203774e-03
6.170555e+00 2.023460e-01 -5.323349e-03
6.170555e+00 2.834245e-01 -5.046959e-03
6.170555e+00 3.967448e-01 -4.185183e-03
6.170555e+00 5.552783e-01 -3.783011e-03
6.170555e+00 7.774819e-01 -3.217502e-03
6.170555e+00 1.088445e+00 -2.763973e-03
6.170555e+00 1.523711e+00 -2.577777e-03
6.170555e+00 2.088426e+00 -2.734528e-03
6.170555e+00 2.685505e+00 -2.855402e-03
6.313967e+00 1.570796e-02 -8.418073e-04
6.313967e+00 2.346256e-02 -1.961954e-03
6.313967e+00 3.503514e-02 -3.593891e-03
6.313967e+00 5.263151e-02 -5.312216e-03
6.313967e+00 7.314235e-02 -8.926178e-03
6.313967e+00 1.025928e-01 -7.671015e-03
6.313967e+00 1.448116e-01 -8.837929e-03
6.313967e+00 2.023460e-01 -9.196471e-03
6.313967e+00 2.834245e-01 -8.666819e-03
6.313967e+00 3.967448e-01 -7.449961e-03
6.313967e+00 5.552783e-01 -6.629939e-03
6.313967e+00 7.774819e-01 -5.688035e-03
6.313967e+00 1.088445e+00 -4.805619e-03
6.313967e+00 1.523711e+00 -4.381057e-03
6.313967e+00 2.088426e+00 -4.620540e-03
6.313967e+00 2.685505e+00 -4.808341e-03
6.460246e+00 1.570796e-02 -9.039578e-04
6.460246e+00 2.346256e-02 -2.319499e-03
6.460246e+00 3.503514e-02 -4.483180e-03
6.460246e+00 5.263151e-02 -6.944511e-03
6.460246e+00 7.314235e-02 -1.182781e-02
6.460246e+00 1.025928e-01 -1.140400e-02
6.460246e+00 1.448116e-01 -1.362719e-02
6.460246e+00 2.023460e-01 -1.391755e-02
6.460246e+00 2.834245e-01 -1.354360e-02
6.460246e+00 3.967448e-01 -1.149085e-02
6.460246e+00 5.552783e-01 -1.035665e-02
6.460246e+00 7.774819e-01 -8.815655e-03
6.460246e+00 1.088445e+00 -7.396996e-03
6.460246e+00 1.523711e+00 -6.646751e-03
6.460246e+00 2.088426e+00 -6.940041e-03
6.460246e+00 2.685505e+00 -7.172833e-03
6.609451e+00 1.570796e-02 -9.214199e-04
6.609451e+00 2.346256e-02 -2.351680e-03
6.609451e+00 3.503514e-02 -4.964985e-03
6.609451e+00 5.263151e-02 -8.295170e-03
6.609451e+00 7.314235e-02 -1.427250e-02
6.609451e+00 1.025928e-01 -1.529810e-02
6.609451e+00 1.448116e-01 -1.838473e-02
6.609451e+00 2.023460e-01 -1.886450e-02
6.609451e+00 2.834245e-01 -1.859873e-02
6.609451e+00 3.967448e-01 -1.616521e-02
6.609451e+00 5.552783e-01 -1.460282e-02
6.609451e+00 7.774819e-01 -1.242044e-02
6.609451e+00 1.088445e+00 -1.041945e-02
6.609451e+00 1.523711e+00 -9.211661e-03
6.609451e+00 2.088426e+00 -9.556430e-03
6.609451e+00 2.685505e+00 -9.795807e-03
6.761640e+00 1.570796e-02 -9.526516e-04
6.761640e+00 2.346256e-02 -2.286020e-03
6.761640e+00 3.503514e-02 -5.120385e-03
6.761640e+00 5.263151e-02 -8.978635e-03
6.761640e+00 7.314235e-02 -1.576159e-02
6.761640e+00 1.025928e-01 -1.821578e-02
6.761640e+00 1.448116e-01 -2.288997e-02
6.761640e+00 2.023460e-01 -2.376509e-02
6.761640e+00 2.834245e-01 -2.354027e-02
6.761640e+00 3.967448e-01 -2.106840e-02
6.761640e+00 5.552783e-01 -1.903324e-02
6.761640e+00 7.774819e-01 -1.622130e-02
6.761640e+00 1.088445e+00 -1.354118e-02
6.761640e+00 1.523711e+00 -1.191225e-02
6.761640e+00 2.088426e+00 -1.216343e-02
6.761640e+00 2.685505e+00 -1.227335e-02
6.916873e+00 1.570796e-02 -9.238836e-04
6.916873e+00 2.346256e-02 -2.162664e-03
6.916873e+00 3.503514e-02 -4.958217e-03
6.916873e+00 5.263151e-02 -9.009347e-03
6.916873e+00 7.314235e-02 -1.651639e-02
6.916873e+00 1.025928e-01 -2.041344e-02
6.916873e+00 1.448116e-01 -2.685187e-02
6.916873e+00 2.023460e-01 -2.822930e-02
6.916873e+00 2.834245e-01 -2.815256e-02
6.916873e+00 3.967448e-01 -2.585422e-02
6.916873e+00 5.552783e-01 -2.340704e-02
6.916873e+00 7.774819e-01 -2.001543e-02
6.916873e+00 1.088445e+00 -1.666795e-02
6.916873e+00 1.523711e+00 -1.457402e-02
6.916873e+00 2.088426e+00 -1.464915e-02
6.916873e+00 2.685505e+00 -1.469436e-02
7.075210e+00 1.570796e-02 -8.590182e-04
7.075210e+00 2.346256e-02 -2.052360e-03
7.075210e+00 3.503514e-02 -4.678451e-03
7.075210e+00 5.263151e-02 -8.793960e-03
7.075210e+00 7.314235e-02 -1.656475e-02
7.075210e+00 1.025928e-01 -2.160068e-02
7.075210e+00 1.448116e-01 -2.920663e-02
7.075210e+00 2.023460e-01 -3.169639e-02
7.075210e+00 2.834245e-01 -3.222278e-02
7.075210e+00 3.967448e-01 -3.011337e-02
7.075210e+00 5.552783e-01 -2.744674e-02
7.075210e+00 7.774819e-01 -2.349550e-02
7.075210e+00 1.088445e+00 -1.961354e-02
7.075210e+00 1.523711e+00 -1.699192e-02
7.075210e+00 2.088426e+00 -1.687548e-02
7.075210e+00 2.685505e+00 -1.667013e-02
7.236714e+00 1.570796e-02 -7.826918e-04
7.236714e+00 2.346256e-02 -1.890136e-03
7.236714e+00 3.503514e-02 -4.405377e-03
7.236714e+00 5.263151e-02 -8.423627e-03
7.236714e+00 7.314235e-02 -1.607372e-02
7.236714e+00 1.025928e-01 -2.191924e-02
7.236714e+00 1.448116e-01 -3.055867e-02
7.236714e+00 2.023460e-01 -3.414088e-02
7.236714e+00 2.834245e-01 -3.535720e-02
7.236714e+00 3.967448e-01 -3.355849e-02
7.236714e+00 5.552783e-01 -3.095402e-02
7.236714e+00 7.774819e-01 -2.667245e-02
7.236714e+00 1.088445e+00 -2.222932e-02
7.236714e+00 1.523711e+00 -1.913896e-02
7.236714e+00 2.088426e+00 -1.879802e-02
7.236714e+00 2.685505e+00 -1.839528e-02
7.401449e+00 1.570796e-02 -7.114955e-04
7.401449e+00 2.346256e-02 -1.750300e-03
7.401449e+00 3.503514e-02 -4.024475e-03
7.401449e+00 5.263151e-02 -7.851580e-03
7.401449e+00 7.314235e-02 -1.518693e-02
7.401449e+00 1.025928e-01 -2.150693e-02
7.401449e+00 1.448116e-01 -3.091181e-02
7.401449e+00 2.023460e-01 -3.549629e-02
7.401449e+00 2.834245e-01 -3.747725e-02
7.401449e+00 3.967448e-01 -3.640901e-02
7.401449e+00 5.552783e-01 -3.388477e-02
7.401449e+00 7.774819e-01 -2.942338e-02
7.401449e+00 1.088445e+00 -2.452747e-02
7.401449e+00 1.523711e+00 -2.100572e-02
7.401449e+00 2.088426e+00 -2.050703e-02
7.401449e+00 2.685505e+00 -1.986507e-02
7.569477e+00 1.570796e-02 -6.554916e-04
7.569477e+00 2.346256e-02 -1.628586e-03
7.569477e+00 3.503514e-02 -3.621772e-03
7.569477e+00 5.263151e-02 -7.210726e-03
7.569477e+00 7.314235e-02 -1.417166e-02
7.569477e+00 1.025928e-01 -2.054033e-02
7.569477e+00 1.448116e-01 -3.048457e-02
7.569477e+00 2.023460e-01 -3.594386e-02
7.569477e+00 2.834245e-01 -3.882410e-02
7.569477e+00 3.967448e-01 -3.851575e-02
7.569477e+00 5.552783e-01 -3.628178e-02
7.569477e+00 7.774819e-01 -3.172064e-02
7.569477e+00 1.088445e+00 -2.650235e-02
7.569477e+00 1.523711e+00 -2.263781e-02
7.569477e+00 2.088426e+00 -2.196577e-02
7.569477e+00 2.685505e+00 -2.105483e-02
7.740867e+00 1.570796e-02 -5.989613e-04
7.740867e+00 2.346256e-02 -1.490672e-03
7.740867e+00 3.503514e-02 -3.210818e-03
7.740867e+00 5.263151e-02 -6.577425e-03
7.740867e+00 7.314235e-02 -1.305353e-02
7.740867e+00 1.025928e-01 -1.930927e-02
7.740867e+00 1.448116e-01 -2.940739e-02
7.740867e+00 2.023460e-01 -3.556008e-02
7.740867e+00 2.834245e-01 -3.940576e-02
7.740867e+00 3.967448e-01 -3.976616e-02
7.740867e+00 5.552783e-01 -3.788904e-02
7.740867e+00 7.774819e-01 -3.352329e-02
7.740867e+00 1.088445e+00 -2.806587e-02
7.740867e+00 1.523711e+00 -2.397259e-02
7.740867e+00 2.088426e+00 -2.310458e-02
7.740867e+00 2.685505e+00 -2.207316e-02
7.915684e+00 1.570796e-02 -5.477144e-04
7.915684e+00 2.346256e-02 -1.361212e-03
7.915684e+00 3.503514e-02 -2.865843e-03
7.915684e+00 5.263151e-02 -5.965417e-03
7.915684e+00 7.314235e-02 -1.190873e-02
7.915684e+00 1.025928e-01 -1.794131e-02
7.915684e+00 1.448116e-01 -2.780826e-02
7.915684e+00 2.023460e-01 -3.455007e-02
7.915684e+00 2.834245e-01 -3.923784e-02
7.915684e+00 3.967448e-01 -4.033974e-02
7.915684e+00 5.552783e-01 -3.900781e-02
7.915684e+00 7.774819e-01 -3.476806e-02
7.915684e+00 1.088445e+00 -2.929378e-02
7.915684e+00 1.523711e+00 -2.504637e-02
7.915684e+00 2.088426e+00 -2.402183e-02
7.915684e+00 2.685505e+00 -2.276704e-02
8.093998e+00 1.570796e-02 -4.957599e-04
8.093998e+00 2.346256e-02 -1.250987e-03
8.093998e+00 3.503514e-02 -2.577854e-03
8.093998e+00 5.263151e-02 -5.396132e-03
8.093998e+00 7.314235e-02 -1.079776e-02
8.093998e+00 1.025928e-01 -1.640027e-02
8.093998e+00 1.448116e-01 -2.586441e-02
8.093998e+00 2.023460e-01 -3.297081e-02
8.093998e+00 2.834245e-01 -3.844963e-02
8.093998e+00 3.967448e-01 -4.031501e-02
8.093998e+00 5.552783e-01 -3.950381e-02
8.093998e+00 7.774819e-01 -3.561767e-02
8.093998e+00 1.088445e+00 -3.015420e-02
8.093998e+00 1.523711e+00 -2.583508e-02
8.093998e+00 2.088426e+00 -2.478686e-02
8.093998e+00 2.685505e+00 -2.328103e-02
8.275878e+00 1.570796e-02 -4.400227e-04
8.275878e+00 2.346256e-02 -1.135206e-03
8.275878e+00 3.503514e-02 -2.323464e-03
8.275878e+00 5.263151e-02 -4.871151e-03
8.275878e+00 7.314235e-02 -9.735394e-03
8.275878e+00 1.025928e-01 -1.484106e-02
8.275878e+00 1.448116e-01 -2.377549e-02
8.275878e+00 2.023460e-01 -3.107201e-02
8.275878e+00 2.834245e-01 -3.713854e-02
8.275878e+00 3.967448e-01 -3.975781e-02
8.275878e+00 5.552783e-01 -3.951455e-02
8.275878e+00 7.774819e-01 -3.601619e-02
8.275878e+00 1.088445e+00 -3.062123e-02
8.275878e+00 1.523711e+00 -2.634366e-02
8.275878e+00 2.088426e+00 -2.523236e-02
8.275878e+00 2.685505e+00 -2.348116e-02
8.461396e+00 1.570796e-02 -3.894896e-04
8.461396e+00 2.346256e-02 -1.030111e-03
8.461396e+00 3.503514e-02 -2.082296e-03
8.461396e+00 5.263151e-02 -4.378472e-03
8.461396e+00 7.314235e-02 -8.744385e-03
8.461396e+00 1.025928e-01 -1.335097e-02
8.461396e+00 1.448116e-01 -2.168322e-02
8.461396e+00 2.023460e-01 -2.892413e-02
8.461396e+00 2.834245e-01 -3.543440e-02
8.461396e+00 3.967448e-01 -3.869459e-02
8.461396e+00 5.552783e-01 -3.899974e-02
8.461396e+00 7.774819e-01 -3.597012e-02
8.461396e+00 1.088445e+00 -3.083377e-02
8.461396e+00 1.523711e+00 -2.656384e-02
8.461396e+00 2.088426e+00 -2.545029e-02
8.461396e+00 2.685505e+00 -2.359518e-02
8.650623e+00 1.570796e-02 -3.424924e-04
8.650623e+00 2.346256e-02 -9.383514e-04
8.650623e+00 3.503514e-02 -1.865182e-03
8.650623e+00 5.263151e-02 -3.917702e-03
8.650623e+00 7.314235e-02 -7.846647e-03
8.650623e+00 1.025928e-01 -1.197100e-02
8.650623e+00 1.448116e-01 -1.965491e-02
8.650623e+00 2.023460e-01 -2.669685e-02
8.650623e+00 2.834245e-01 -3.345915e-02
8.650623e+00 3.967448e-01 -3.727566e-02
8.650623e+00 5.552783e-01 -3.806423e-02
8.650623e+00 7.774819e-01 -3.556909e-02
8.650623e+00 1.088445e+00 -3.072803e-02
8.650623e+00 1.523711e+00 -2.667078e-02
8.650623e+00 2.088426e+00 -2.549805e-02
8.650623e+00 2.685505e+00 -2.347150e-02
8.843636e+00 1.570796e-02 -3.004142e-04
8.843636e+00 2.346256e-02 -8.500734e-04
8.843636e+00 3.503514e-02 -1.669484e-03
8.843636e+00 5.263151e-02 -3.499603e-03
8.843636e+00 7.314235e-02 -7.002359e-03
8.843636e+00 1.025928e-01 -1.068416e-02
8.843636e+00 1.448116e-01 -1.767511e-02
8.843636e+00 2.023460e-01 -2.442224e-02
8.843636e+00 2.834245e-01 -3.122506e-02
8.843636e+00 3.967448e-01 -3.547811e-02
8.843636e+00 5.552783e-01 -3.680390e-02
8.843636e+00 7.774819e-01 -3.475475e-02
8.843636e+00 1.088445e+00 -3.035184e-02
8.843636e+00 1.523711e+00 -2.654450e-02
8.843636e+00 2.088426e+00 -2.546014e-02
8.843636e+00 2.685505e+00 -2.335163e-02
9.040509e+00 1.570796e-02 -2.660642e-04
9.040509e+00 2.346256e-02 -7.633130e-04
9.040509e+00 3.503514e-02 -1.490712e-03
9.040509e+00 5.263151e-02 -3.116673e-03
9.040509e+00 7.314235e-02 -6.238140e-03
9.040509e+00 1.025928e-01 -9.514464e-03
9.040509e+00 1.448116e-01 -1.583211e-02
9.040509e+00 2.023460e-01 -2.215974e-02
9.040509e+00 2.834245e-01 -2.883428e-02
9.040509e+00 3.967448e-01 -3.338361e-02
9.040509e+00 5.552783e-01 -3.516404e-02
9.040509e+00 7.774819e-01 -3.365623e-02
9.040509e+00 1.088445e+00 -2.971675e-02
9.040509e+00 1.523711e+00 -2.613638e-02
9.040509e+00 2.088426e+00 -2.511543e-02
9.040509e+00 2.685505e+00 -2.297390e-02
9.241319e+00 1.570796e-02 -2.353479e-04
9.241319e+00 2.346256e-02 -6.807351e-04
9.241319e+00 3.503514e-02 -1.329268e-03
9.241319e+00 5.263151e-02 -2.769019e-03
9.241319e+00 7.314235e-02 -5.538095e-03
9.241319e+00 1.025928e-01 -8.476805e-03
9.241319e+00 1.448116e-01 -1.412637e-02
9.241319e+00 2.023460e-01 -1.998074e-02
9.241319e+00 2.834245e-01 -2.639334e-02
9.241319e+00 3.967448e-01 -3.111760e-02
9.241319e+00 5.552783e-01 -3.326598e-02
9.241319e+00 7.774819e-01 -3.224593e-02
9.241319e+00 1.088445e+00 -2.880892e-02
9.241319e+00 1.523711e+00 -2.562186e-02
9.241319e+00 2.088426e+00 -2.459365e-02
9.241319e+00 2.685505e+00 -2.238480e-02
9.446145e+00 1.570796e-02 -2.089763e-04
9.446145e+00 2.346256e-02 -6.050179e-04
9.446145e+00 3.503514e-02 -1.184712e-03
9.446145e+00 5.263151e-02 -2.454201e-03
9.446145e+00 7.314235e-02 -4.912445e-03
9.446145e+00 1.025928e-01 -7.541019e-03
9.446145e+00 1.448116e-01 -1.257709e-02
9.446145e+00 2.023460e-01 -1.790868e-02
9.446145e+00 2.834245e-01 -2.396759e-02
9.446145e+00 3.967448e-01 -2.872458e-02
9.446145e+00 5.552783e-01 -3.120835e-02
9.446145e+00 7.774819e-01 -3.068378e-02
9.446145e+00 1.088445e+00 -2.771402e-02
9.446145e+00 1.523711e+00 -2.489095e-02
9.446145e+00 2.088426e+00 -2.400549e-02
9.446145e+00 2.685505e+00 -2.173954e-02
9.655068e+00 1.570796e-02 -1.850246e-04
9.655068e+00 2.346256e-02 -5.395120e-04
9.655068e+00 3.503514e-02 -1.057198e-03
9.655068e+00 5.263151e-02 -2.171507e-03
9.655068e+00 7.314235e-02 -4.347037e-03
9.655068e+00 1.025928e-01 -6.682977e-03
9.655068e+00 1.448116e-01 -1.114886e-02
9.655068e+00 2.023460e-01 -1.595228e-02
9.655068e+00 2.834245e-01 -2.159331e-02
9.655068e+00 3.967448e-01 -2.628230e-02
9.655068e+00 5.552783e-01 -2.904602e-02
9.655068e+00 7.774819e-01 -2.893495e-02
9.655068e+00 1.088445e+00 -2.644848e-02
9.655068e+00 1.523711e+00 -2.406020e-02
9.655068e+00 2.088426e+00 -2.331946e-02
9.655068e+00 2.685505e+00 -2.096075e-02
9.868170e+00 1.570796e-02 -1.646525e-04
9.868170e+00 2.346256e-02 -4.759580e-04
9.868170e+00 3.503514e-02 -9.397441e-04
9.868170e+00 5.263151e-02 -1.914008e-03
9.868170e+00 7.314235e-02 -3.834953e-03
9.868170e+00 1.025928e-01 -5.907248e-03
9.868170e+00 1.448116e-01 -9.842029e-03
9.868170e+00 2.023460e-01 -1.413447e-02
9.868170e+00 2.834245e-01 -1.933636e-02
9.868170e+00 3.967448e-01 -2.386180e-02
9.868170e+00 5.552783e-01 -2.680164e-02
9.868170e+00 7.774819e-01 -2.708024e-02
9.868170e+00 1.088445e+00 -2.512062e-02
9.868170e+00 1.523711e+00 -2.308873e-02
9.868170e+00 2.088426e+00 -2.247048e-02
9.868170e+00 2.685505e+00 -2.007961e-02
1.008553e+01 1.570796e-02 -1.451001e-04
1.008553e+01 2.346256e-02 -4.157434e-04
1.008553e+01 3.503514e-02 -8.286251e-04
1.008553e+01 5.263151e-02 -1.679498e-03
1.008553e+01 7.314235e-02 -3.371617e-03
1.008553e+01 1.025928e-01 -5.194030e-03
1.008553e+01 1.448116e-01 -8.646955e-03
1.008553e+01 2.023460e-01 -1.246382e-02
1.008553e+01 2.834245e-01 -1.721793e-02
1.008553e+01 3.967448e-01 -2.152252e-02
1.008553e+01 5.552783e-01 -2.454497e-02
1.008553e+01 7.774819e-01 -2.514159e-02
1.008553e+01 1.088445e+00 -2.366400e-02
1.008553e+01 1.523711e+00 -2.203339e-02
1.008553e+01 2.088426e+00 -2.152565e-02
1.008553e+01 2.685505e+00 -1.913599e-02
1.030724e+01 1.570796e-02 -1.286504e-04
1.030724e+01 2.346256e-02 -3.601727e-04
1.030724e+01 3.503514e-02 -7.281024e-04
1.030724e+01 5.263151e-02 -1.472591e-03
1.030724e+01 7.314235e-02 -2.955920e-03
1.030724e+01 1.025928e-01 -4.539203e-03
1.030724e+01 1.448116e-01 -7.572791e-03
1.030724e+01 2.023460e-01 -1.093652e-02
1.030724e+01 2.834245e-01 -1.523571e-02
1.030724e+01 3.967448e-01 -1.929433e-02
1.030724e+01 5.552783e-01 -2.232011e-02
1.030724e+01 7.774819e-01 -2.318810e-02
1.030724e+01 1.088445e+00 -2.211705e-02
1.030724e+01 1.523711e+00 -2.085467e-02
1.030724e+01 2.088426e+00 -2.047908e-02
1.030724e+01 2.685505e+00 -1.811661e-02
1.053339e+01 1.570796e-02 -1.122686e-04
1.053339e+01 2.346256e-02 -3.115784e-04
1.053339e+01 3.503514e-02 -6.348337e-04
1.053339e+01 5.263151e-02 -1.285216e-03
1.053339e+01 7.314235e-02 -2.579925e-03
1.053339e+01 1.025928e-01 -3.955536e-03
1.053339e+01 1.448116e-01 -6.601710e-03
1.053339e+01 2.023460e-01 -9.579061e-03
1.053339e+01 2.834245e-01 -1.340828e-02
1.053339e+01 3.967448e-01 -1.717003e-02
1.053339e+01 5.552783e-01 -2.012118e-02
1.053339e+01 7.774819e-01 -2.120040e-02
1.053339e+01 1.088445e+00 -2.052332e-02
1.053339e+01 1.523711e+00 -1.958528e-02
1.053339e+01 2.088426e+00 -1.934621e-02
1.053339e+01 2.685505e+00 -1.702194e-02
1.076406e+01 1.570796e-02 -9.833434e-05
1.076406e+01 2.346256e-02 -2.689894e-04
1.076406e+01 3.503514e-02 -5.516045e-04
1.076406e+01 5.263151e-02 -1.118581e-03
1.076406e+01 7.314235e-02 -2.241918e-03
1.076406e+01 1.025928e-01 -3.443124e-03
1.076406e+01 1.448116e-01 -5.737729e-03
1.076406e+01 2.023460e-01 -8.344142e-03
1.076406e+01 2.834245e-01 -1.175034e-02
1.076406e+01 3.967448e-01 -1.520677e-02
1.076406e+01 5.552783e-01 -1.803650e-02
1.076406e+01 7.774819e-01 -1.927100e-02
1.076406e+01 1.088445e+00 -1.890555e-02
1.076406e+01 1.523711e+00 -1.827729e-02
1.076406e+01 2.088426e+00 -1.813343e-02
1.076406e+01 2.685505e+00 -1.585514e-02
1.099934e+01 1.570796e-02 -8.472138e-05
1.099934e+01 2.346256e-02 -2.305406e-04
1.099934e+01 3.503514e-02 -4.761498e-04
1.099934e+01 5.263151e-02 -9.648854e-04
1.099934e+01 7.314235e-02 -1.934979e-03
1.099934e+01 1.025928e-01 -2.980795e-03
1.099934e+01 1.448116e-01 -4.953683e-03
1.099934e+01 2.023460e-01 -7.228923e-03
1.099934e+01 2.834245e-01 -1.021621e-02
1.099934e+01 3.967448e-01 -1.334903e-02
1.099934e+01 5.552783e-01 -1.602245e-02
1.099934e+01 7.774819e-01 -1.736124e-02
1.099934e+01 1.088445e+00 -1.728959e-02
1.099934e+01 1.523711e+00 -1.701115e-02
1.099934e+01 2.088426e+00 -1.703113e-02
1.099934e+01 2.685505e+00 -1.490413e-02
1.123932e+01 1.570796e-02 -7.350667e-05
1.123932e+01 2.346256e-02 -1.989053e-04
1.123932e+01 3.503514e-02 -4.096701e-04
1.123932e+01 5.263151e-02 -8.340239e-04
1.123932e+01 7.314235e-02 -1.666433e-03
1.123932e+01 1.025928e-01 -2.569372e-03
1.123932e+01 1.448116e-01 -4.262896e-03
1.123932e+01 2.023460e-01 -6.241994e-03
1.123932e+01 2.834245e-01 -8.849995e-03
1.123932e+01 3.967448e-01 -1.165260e-02
1.123932e+01 5.552783e-01 -1.413965e-02
1.123932e+01 7.774819e-01 -1.554244e-02
1.123932e+01 1.088445e+00 -1.571355e-02
1.123932e+01 1.523711e+00 -1.569212e-02
1.123932e+01 2.088426e+00 -1.583992e-02
1.123932e+01 2.685505e+00 -1.389703e-02
1.148411e+01 1.570796e-02 -6.303474e-05
1.148411e+01 2.346256e-02 -1.706651e-04
1.148411e+01 3.503514e-02 -3.526193e-04
1.148411e+01 5.263151e-02 -7.157850e-04
1.148411e+01 7.314235e-02 -1.428328e-03
1.148411e+01 1.025928e-01 -2.205879e-03
1.148411e+01 1.448116e-01 -3.654391e-03
1.148411e+01 2.023460e-01 -5.365966e-03
1.148411e+01 2.834245e-01 -7.640504e-03
1.148411e+01 3.967448e-01 -1.011534e-02
1.148411e+01 5.552783e-01 -1.239602e-02
1.148411e+01 7.774819e-01 -1.380211e-02
1.148411e+01 1.088445e+00 -1.417254e-02
1.148411e+01 1.523711e+00 -1.435777e-02
1.148411e+01 2.088426e+00 -1.461366e-02
1.148411e+01 2.685505e+00 -1.281145e-02
1.173379e+01 1.570796e-02 -5.383731e-05
1.173379e+01 2.346256e-02 -1.454132e-04
1.173379e+01 3.503514e-02 -2.997906e-04
1.173379e+01 5.263151e-02 -6.123159e-04
1.173379e+01 7.314235e-02 -1.218068e-03
1.173379e+01 1.025928e-01 -1.883143e-03
1.173379e+01 1.448116e-01 -3.115464e-03
1.173379e+01 2.023460e-01 -4.592611e-03
1.173379e+01 2.834245e-01 -6.547531e-03
1.173379e+01 3.967448e-01 -8.719265e-03
1.173379e+01 5.552783e-01 -1.078389e-02
1.173379e+01 7.774819e-01 -1.217264e-02
1.173379e+01 1.088445e+00 -1.269587e-02
1.173379e+01 1.523711e+00 -1.303566e-02
1.173379e+01 2.088426e+00 -1.344413e-02
1.173379e+01 2.685505e+00 -1.178282e-02
1.198847e+01 1.570796e-02 -4.607655e-05
1.198847e+01 2.346256e-02 -1.205951e-04
1.198847e+01 3.503514e-02 -2.559539e-04
1.198847e+01 5.263151e-02 -5.200351e-04
1.198847e+01 7.314235e-02 -1.035785e-03
1.198847e+01 1.025928e-01 -1.605580e-03
1.198847e+01 1.448116e-01 -2.648503e-03
1.198847e+01 2.023460e-01 -3.911728e-03
1.198847e+01 2.834245e-01 -5.587721e-03
1.198847e+01 3.967448e-01 -7.479915e-03
1.198847e+01 5.552783e-01 -9.314651e-03
1.198847e+01 7.774819e-01 -1.066095e-02
1.198847e+01 1.088445e+00 -1.130567e-02
1.198847e+01 1.523711e+00 -1.182047e-02
1.198847e+01 2.088426e+00 -1.230228e-02
1.198847e+01 2.685505e+00 -1.077068e-02
1.224824e+01 1.570796e-02 -3.939165e-05
1.224824e+01 2.346256e-02 -9.968721e-05
1.224824e+01 3.503514e-02 -2.159709e-04
1.224824e+01 5.263151e-02 -4.400539e-04
1.224824e+01 7.314235e-02 -8.734515e-04
1.224824e+01 1.025928e-01 -1.358775e-03
1.224824e+01 1.448116e-01 -2.240164e-03
1.224824e+01 2.023460e-01 -3.316598e-03
1.224824e+01 2.834245e-01 -4.736186e-03
1.224824e+01 3.967448e-01 -6.372646e-03
1.224824e+01 5.552783e-01 -8.000909e-03
1.224824e+01 7.774819e-01 -9.271832e-03
1.224824e+01 1.088445e+00 -9.993014e-03
1.224824e+01 1.523711e+00 -1.063082e-02
1.224824e+01 2.088426e+00 -1.119263e-02
1.224824e+01 2.685505e+00 -9.806509e-03
1.251320e+01 1.570796e-02 -3.329646e-05
1.251320e+01 2.346256e-02 -8.366029e-05
1.251320e+01 3.503514e-02 -1.814887e-04
1.251320e+01 5.263151e-02 -3.689191e-04
1.251320e+01 7.314235e-02 -7.347905e-04
1.251320e+01 1.025928e-01 -1.148359e-03
1.251320e+01 1.448116e-01 -1.884751e-03
1.251320e+01 2.023460e-01 -2.792165e-03
1.251320e+01 2.834245e-01 -3.997742e-03
1.251320e+01 3.967448e-01 -5.400144e-03
1.251320e+01 5.552783e-01 -6.820408e-03
1.251320e+01 7.774819e-01 -8.015017e-03
1.251320e+01 1.088445e+00 -8.775717e-03
1.251320e+01 1.523711e+00 -9.496695e-03
1.251320e+01 2.088426e+00 -1.009676e-02
1.251320e+01 2.685505e+00 -8.884812e-03
1.278347e+01 1.570796e-02 -2.812748e-05
1.278347e+01 2.346256e-02 -6.904826e-05
1.278347e+01 3.503514e-02 -1.521398e-04
1.278347e+01 5.263151e-02 -3.084015e-04
1.278347e+01 7.314235e-02 -6.141767e-04
1.278347e+01 1.025928e-01 -9.609993e-04
1.278347e+01 1.448116e-01 -1.574055e-03
1.278347e+01 2.023460e-01 -2.340610e-03
1.278347e+01 2.834245e-01 -3.357738e-03
1.278347e+01 3.967448e-01 -4.540465e-03
1.278347e+01 5.552783e-01 -5.779611e-03
1.278347e+01 7.774819e-01 -6.883535e-03
1.278347e+01 1.088445e+00 -7.659237e-03
1.278347e+01 1.523711e+00 -8.427579e-03
1.278347e+01 2.088426e+00 -9.064830e-03
1.278347e+01 2.685505e+00 -8.009930e-03
1.305914e+01 1.570796e-02 -2.346715e-05
1.305914e+01 2.346256e-02 -5.622811e-05
1.305914e+01 3.503514e-02 -1.261916e-04
1.305914e+01 5.263151e-02 -2.571685e-04
1.305914e+01 7.314235e-02 -5.103148e-04
1.305914e+01 1.025928e-01 -7.996274e-04
1.305914e+01 1.448116e-01 -1.307124e-03
1.305914e+01 2.023460e-01 -1.955591e-03
1.305914e+01 2.834245e-01 -2.802281e-03
1.305914e+01 3.967448e-01 -3.795475e-03
1.305914e+01 5.552783e-01 -4.872283e-03
1.305914e+01 7.774819e-01 -5.874084e-03
1.305914e+01 1.088445e+00 -6.641326e-03
1.305914e+01 1.523711e+00 -7.426942e-03
1.305914e+01 2.088426e+00 -8.081768e-03
1.305914e+01 2.685505e+00 -7.159163e-03
1.334032e+01 1.570796e-02 -1.952761e-05
1.334032e+01 2.346256e-02 -4.611630e-05
1.334032e+01 3.503514e-02 -1.048013e-04
1.334032e+01 5.263151e-02 -2.120036e-04
1.334032e+01 7.314235e-02 -4.227136e-04
1.334032e+01 1.025928e-01 -6.598689e-04
1.334032e+01 1.448116e-01 -1.080632e-03
1.334032e+01 2.023460e-01 -1.619524e-03
1.334032e+01 2.834245e-01 -2.326758e-03
1.334032e+01 3.967448e-01 -3.157249e-03
1.334032e+01 5.552783e-01 -4.073436e-03
1.334032e+01 7.774819e-01 -4.985946e-03
1.334032e+01 1.088445e+00 -5.719727e-03
1.334032e+01 1.523711e+00 -6.495709e-03
1.334032e+01 2.088426e+00 -7.150220e-03
1.334032e+01 2.685505e+00 -6.393502e-03
1.362713e+01 1.570796e-02 -1.623638e-05
1.362713e+01 2.346256e-02 -3.829025e-05
1.362713e+01 3.503514e-02 -8.589876e-05
1.362713e+01 5.263151e-02 -1.745076e-04
1.362713e+01 7.314235e-02 -3.473415e-04
1.362713e+01 1.025928e-01 -5.433714e-04
1.362713e+01 1.448116e-01 -8.901426e-04
1.362713e+01 2.023460e-01 -1.333000e-03
1.362713e+01 2.834245e-01 -1.914444e-03
1.362713e+01 3.967448e-01 -2.609802e-03
1.362713e+01 5.552783e-01 -3.392542e-03
1.362713e+01 7.774819e-01 -4.197571e-03
1.362713e+01 1.088445e+00 -4.892701e-03
1.362713e+01 1.523711e+00 -5.645057e-03
1.362713e+01 2.088426e+00 -6.286070e-03
1.362713e+01 2.685505e+00 -5.648445e-03
1.391967e+01 1.570796e-02 -1.334437e-05
1.391967e+01 2.346256e-02 -3.067175e-05
1.391967e+01 3.503514e-02 -6.958115e-05
1.391967e+01 5.263151e-02 -1.425190e-04
1.391967e+01 7.314235e-02 -2.826878e-04
1.391967e+01 1.025928e-01 -4.418768e-04
1.391967e+01 1.448116e-01 -7.267476e-04
1.391967e+01 2.023460e-01 -1.089741e-03
1.391967e+01 2.834245e-01 -1.565607e-03
1.391967e+01 3.967448e-01 -2.137966e-03
1.391967e+01 5.552783e-01 -2.803566e-03
1.391967e+01 7.774819e-01 -3.503791e-03
1.391967e+01 1.088445e+00 -4.153849e-03
1.391967e+01 1.523711e+00 -4.877450e-03
1.391967e+01 2.088426e+00 -5.510820e-03
1.391967e+01 2.685505e+00 -4.978187e-03
1.421806e+01 1.570796e-02 -1.089975e-05
1.421806e+01 2.346256e-02 -2.504221e-05
1.421806e+01 3.503514e-02 -5.669700e-05
1.421806e+01 5.263151e-02 -1.163837e-04
1.421806e+01 7.314235e-02 -2.297161e-04
1.421806e+01 1.025928e-01 -3.585128e-04
1.421806e+01 1.448116e-01 -5.895203e-04
1.421806e+01 2.023460e-01 -8.894193e-04
1.421806e+01 2.834245e-01 -1.277790e-03
1.421806e+01 3.967448e-01 -1.748174e-03
1.421806e+01 5.552783e-01 -2.305588e-03
1.421806e+01 7.774819e-01 -2.917532e-03
1.421806e+01 1.088445e+00 -3.510903e-03
1.421806e+01 1.523711e+00 -4.205801e-03
1.421806e+01 2.088426e+00 -4.782443e-03
1.421806e+01 2.685505e+00 -4.341770e-03
1.452242e+01 1.570796e-02 -8.817919e-06
1.452242e+01 2.346256e-02 -2.047798e-05
1.452242e+01 3.503514e-02 -4.574953e-05
1.452242e+01 5.263151e-02 -9.407753e-05
1.452242e+01 7.314235e-02 -1.848772e-04
1.452242e+01 1.025928e-01 -2.899835e-04
1.452242e+01 1.448116e-01 -4.754924e-04
1.452242e+01 2.023460e-01 -7.197485e-04
1.452242e+01 2.834245e-01 -1.032927e-03
1.452242e+01 3.967448e-01 -1.418258e-03
1.452242e+01 5.552783e-01 -1.878273e-03
1.452242e+01 7.774819e-01 -2.407289e-03
1.452242e+01 1.088445e+00 -2.941314e-03
1.452242e+01 1.523711e+00 -3.587650e-03
1.452242e+01 2.088426e+00 -4.127672e-03
1.452242e+01 2.685505e+00 -3.775894e-03
1.483287e+01 1.570796e-02 -7.204340e-06
1.483287e+01 2.346256e-02 -1.613437e-05
1.483287e+01 3.503514e-02 -3.666101e-05
1.483287e+01 5.263151e-02 -7.613590e-05
1.483287e+01 7.314235e-02 -1.485197e-04
1.483287e+01 1.025928e-01 -2.324187e-04
1.483287e+01 1.448116e-01 -3.813779e-04
1.483287e+01 2.023460e-01 -5.798324e-04
1.483287e+01 2.834245e-01 -8.302200e-04
1.483287e+01 3.967448e-01 -1.143771e-03
1.483287e+01 5.552783e-01 -1.527812e-03
1.483287e+01 7.774819e-01 -1.975703e-03
1.483287e+01 1.088445e+00 -2.453985e-03
1.483287e+01 1.523711e+00 -3.041104e-03
1.483287e+01 2.088426e+00 -3.532876e-03
1.483287e+01 2.685505e+00 -3.241037e-03
1.514953e+01 1.570796e-02 -5.729509e-06
1.514953e+01 2.346256e-02 -1.245510e-05
1.514953e+01 3.503514e-02 -2.928216e-05
1.514953e+01 5.263151e-02 -6.040917e-05
1.514953e+01 7.314235e-02 -1.188478e-04
1.514953e+01 1.025928e-01 -1.853253e-04
1.514953e+01 1.448116e-01 -3.055891e-04
1.514953e+01 2.023460e-01 -4.637142e-04
1.514953e+01 2.834245e-01 -6.633385e-04
1.514953e+01 3.967448e-01 -9.195238e-04
1.514953e+01 5.552783e-01 -1.232144e-03
1.514953e+01 7.774819e-01 -1.609488e-03
1.514953e+01 1.088445e+00 -2.035230e-03
1.514953e+01 1.523711e+00 -2.559472e-03
1.514953e+01 2.088426e+00 -3.011006e-03
1.514953e+01 2.685505e+00 -2.784808e-03
1.547252e+01 1.570796e-02 -4.701100e-06
1.547252e+01 2.346256e-02 -9.717383e-06
1.547252e+01 3.503514e-02 -2.328095e-05
1.547252e+01 5.263151e-02 -4.768351e-05
1.547252e+01 7.314235e-02 -9.376072e-05
1.547252e+01 1.025928e-01 -1.467277e-04
1.547252e+01 1.448116e-01 -2.431822e-04
1.547252e+01 2.023460e-01 -3.699012e-04
1.547252e+01 2.834245e-01 -5.281458e-04
1.547252e+01 3.967448e-01 -7.338248e-04
1.547252e+01 5.552783e-01 -9.893564e-04
1.547252e+01 7.774819e-01 -1.299893e-03
1.547252e+01 1.088445e+00 -1.673657e-03
1.547252e+01 1.523711e+00 -2.132796e-03
1.547252e+01 2.088426e+00 -2.532510e-03
1.547252e+01 2.685505e+00 -2.356582e-03
1.580197e+01 1.570796e-02 -3.783432e-06
1.580197e+01 2.346256e-02 -7.444303e-06
1.580197e+01 3.503514e-02 -1.818127e-05
1.580197e+01 5.263151e-02 -3.687628e-05
1.580197e+01 7.314235e-02 -7.379417e-05
1.580197e+01 1.025928e-01 -1.156096e-04
1.580197e+01 1.448116e-01 -1.911147e-04
1.580197e+01 2.023460e-01 -2.906575e-04
1.580197e+01 2.834245e-01 -4.146047e-04
1.580197e+01 3.967448e-01 -5.802206e-04
1.580197e+01 5.552783e-01 -7.842147e-04
1.580197e+01 7.774819e-01 -1.039055e-03
1.580197e+01 1.088445e+00 -1.357949e-03
1.580197e+01 1.523711e+00 -1.756670e-03
1.580197e+01 2.088426e+00 -2.099181e-03
1.580197e+01 2.685505e+00 -1.962787e-03
1.613801e+01 1.570796e-02 -3.013656e-06
1.613801e+01 2.346256e-02 -5.725264e-06
1.613801e+01 3.503514e-02 -1.427601e-05
1.613801e+01 5.263151e-02 -2.855200e-05
1.613801e+01 7.314235e-02 -5.734934e-05
1.613801e+01 1.025928e-01 -8.986899e-05
1.613801e+01 1.448116e-01 -1.489586e-04
1.613801e+01 2.023460e-01 -2.264040e-04
1.613801e+01 2.834245e-01 -3.235899e-04
1.613801e+01 3.967448e-01 -4.517043e-04
1.613801e+01 5.552783e-01 -6.165260e-04
1.613801e+01 7.774819e-01 -8.238771e-04
1.613801e+01 1.088445e+00 -1.090055e-03
1.613801e+01 1.523711e+00 -1.433358e-03
1.613801e+01 2.088426e+00 -1.733099e-03
1.613801e+01 2.685505e+00 -1.621235e-03
1.648077e+01 1.570796e-02 -2.467099e-06
1.648077e+01 2.346256e-02 -4.598188e-06
1.648077e+01 3.503514e-02 -1.128596e-05
1.648077e+01 5.263151e-02 -2.209836e-05
1.648077e+01 7.314235e-02 -4.454382e-05
1.648077e+01 1.025928e-01 -6.954787e-05
1.648077e+01 1.448116e-01 -1.156102e-04
1.648077e+01 2.023460e-01 -1.769883e-04
1.648077e+01 2.834245e-01 -2.517198e-04
1.648077e+01 3.967448e-01 -3.524919e-04
1.648077e+01 5.552783e-01 -4.844512e-04
1.648077e+01 7.774819e-01 -6.501862e-04
1.648077e+01 1.088445e+00 -8.710918e-04
1.648077e+01 1.523711e+00 -1.162628e-03
1.648077e+01 2.088426e+00 -1.415032e-03
1.648077e+01 2.685505e+00 -1.299162e-03
1.683038e+01 1.570796e-02 -1.836471e-06
1.683038e+01 2.346256e-02 -3.388299e-06
1.683038e+01 3.503514e-02 -8.730127e-06
1.683038e+01 5.263151e-02 -1.694743e-05
1.683038e+01 7.314235e-02 -3.409214e-05
1.683038e+01 1.025928e-01 -5.320915e-05
1.683038e+01 1.448116e-01 -8.915419e-05
1.683038e+01 2.023460e-01 -1.364144e-04
1.683038e+01 2.834245e-01 -1.941097e-04
1.683038e+01 3.967448e-01 -2.721742e-04
1.683038e+01 5.552783e-01 -3.761878e-04
1.683038e+01 7.774819e-01 -5.083777e-04
1.683038e+01 1.088445e+00 -6.894412e-04
1.683038e+01 1.523711e+00 -9.308390e-04
1.683038e+01 2.088426e+00 -1.140434e-03
1.683038e+01 2.685505e+00 -1.052036e-03
1.718699e+01 1.570796e-02 -1.429518e-06
1.718699e+01 2.346256e-02 -2.595674e-06
1.718699e+01 3.503514e-02 -6.735577e-06
1.718699e+01 5.263151e-02 -1.292145e-05
1.718699e+01 7.314235e-02 -2.549153e-05
1.718699e+01 1.025928e-01 -3.959436e-05
1.718699e+01 1.448116e-01 -6.740937e-05
1.718699e+01 2.023460e-01 -1.039126e-04
1.718699e+01 2.834245e-01 -1.469217e-04
1.718699e+01 3.967448e-01 -2.077322e-04
1.718699e+01 5.552783e-01 -2.871033e-04
1.718699e+01 7.774819e-01 -3.920740e-04
1.718699e+01 1.088445e+00 -5.348638e-04
1.718699e+01 1.523711e+00 -7.311403e-04
1.718699e+01 2.088426e+00 -9.065457e-04
1.718699e+01 2.685505e+00 -8.362471e-04
1.755073e+01 1.570796e-02 -1.096711e-06
1.755073e+01 2.346256e-02 -1.856405e-06
1.755073e+01 3.503514e-02 -5.115028e-06
1.755073e+01 5.263151e-02 -9.686736e-06
1.755073e+01 7.314235e-02 -1.887195e-05
1.755073e+01 1.025928e-01 -2.910494e-05
1.755073e+01 1.448116e-01 -5.039550e-05
1.755073e+01 2.023460e-01 -7.714373e-05
1.755073e+01 2.834245e-01 -1.104357e-04
1.755073e+01 3.967448e-01 -1.557533e-04
1.755073e+01 5.552783e-01 -2.155248e-04
1.755073e+01 7.774819e-01 -2.973378e-04
1.755073e+01 1.088445e+00 -4.089122e-04
1.755073e+01 1.523711e+00 -5.649106e-04
1.755073e+01 2.088426e+00 -7.051537e-04
1.755073e+01 2.685505e+00 -6.593889e-04
1.792175e+01 1.570796e-02 -8.466571e-07
1.792175e+01 2.346256e-02 -1.339200e-06
1.792175e+01 3.503514e-02 -3.844371e-06
1.792175e+01 5.263151e-02 -7.059339e-06
1.792175e+01 7.314235e-02 -1.398622e-05
1.792175e+01 1.025928e-01 -2.148599e-05
1.792175e+01 1.448116e-01 -3.719540e-05
1.792175e+01 2.023460e-01 -5.744942e-05
1.792175e+01 2.834245e-01 -8.149695e-05
1.792175e+01 3.967448e-01 -1.158182e-04
1.792175e+01 5.552783e-01 -1.604535e-04
1.792175e+01 7.774819e-01 -2.236808e-04
1.792175e+01 1.088445e+00 -3.092853e-04
1.792175e+01 1.523711e+00 -4.305257e-04
1.792175e+01 2.088426e+00 -5.391657e-04
1.792175e+01 2.685505e+00 -5.043730e-04
1.830018e+01 1.570796e-02 -6.460545e-07
1.830018e+01 2.346256e-02 -8.550666e-07
1.830018e+01 3.503514e-02 -2.853714e-06
1.830018e+01 5.263151e-02 -5.080391e-06
1.830018e+01 7.314235e-02 -9.917584e-06
1.830018e+01 1.025928e-01 -1.568283e-05
1.830018e+01 1.448116e-01 -2.689899e-05
1.830018e+01 2.023460e-01 -4.130428e-05
1.830018e+01 2.834245e-01 -5.920260e-05
1.830018e+01 3.967448e-01 -8.411820e-05
1.830018e+01 5.552783e-01 -1.175813e-04
1.830018e+01 7.774819e-01 -1.653945e-04
1.830018e+01 1.088445e+00 -2.288457e-04
1.830018e+01 1.523711e+00 -3.201196e-04
1.830018e+01 2.088426e+00 -4.054053e-04
1.830018e+01 2.685505e+00 -3.846139e-04
1.868618e+01 1.570796e-02 -4.599190e-07
1.868618e+01 2.346256e-02 -5.569278e-07
1.868618e+01 3.503514e-02 -1.947363e-06
1.868618e+01 5.263151e-02 -3.785483e-06
1.868618e+01 7.314235e-02 -7.148457e-06
1.868618e+01 1.025928e-01 -1.107728e-05
1.868618e+01 1.448116e-01 -1.904441e-05
1.868618e+01 2.023460e-01 -2.921617e-05
1.868618e+01 2.834245e-01 -4.189629e-05
1.868618e+01 3.967448e-01 -6.007802e-05
1.868618e+01 5.552783e-01 -8.428751e-05
1.868618e+01 7.774819e-01 -1.198013e-04
1.868618e+01 1.088445e+00 -1.667303e-04
1.868618e+01 1.523711e+00 -2.351371e-04
1.868618e+01 2.088426e+00 -2.993178e-04
1.868618e+01 2.685505e+00 -2.877093e-04
1.907991e+01 1.570796e-02 -3.491305e-07
1.907991e+01 2.346256e-02 -4.038337e-07
1.907991e+01 3.503514e-02 -1.346342e-06
1.907991e+01 5.263151e-02 -2.739747e-06
1.907991e+01 7.314235e-02 -5.077575e-06
1.907991e+01 1.025928e-01 -7.684575e-06
1.907991e+01 1.448116e-01 -1.350164e-05
1.907991e+01 2.023460e-01 -2.095935e-05
1.907991e+01 2.834245e-01 -2.973954e-05
1.907991e+01 3.967448e-01 -4.276664e-05
1.907991e+01 5.552783e-01 -6.031781e-05
1.907991e+01 7.774819e-01 -8.730541e-05
1.907991e+01 1.088445e+00 -1.214779e-04
1.907991e+01 1.523711e+00 -1.712123e-04
1.907991e+01 2.088426e+00 -2.196607e-04
1.907991e+01 2.685505e+00 -2.116816e-04
1.948151e+01 1.570796e-02 -2.498145e-07
1.948151e+01 2.346256e-02 -2.701014e-07
1.948151e+01 3.503514e-02 -9.555054e-07
1.948151e+01 5.263151e-02 -1.908417e-06
1.948151e+01 7.314235e-02 -3.480831e-06
1.948151e+01 1.025928e-01 -5.228850e-06
1.948151e+01 1.448116e-01 -9.437573e-06
1.948151e+01 2.023460e-01 -1.481674e-05
1.948151e+01 2.834245e-01 -2.067882e-05
1.948151e+01 3.967448e-01 -3.019986e-05
1.948151e+01 5.552783e-01 -4.272697e-05
1.948151e+01 7.774819e-01 -6.254326e-05
1.948151e+01 1.088445e+00 -8.722666e-05
1.948151e+01 1.523711e+00 -1.231738e-04
1.948151e+01 2.088426e+00 -1.577459e-04
1.948151e+01 2.685505e+00 -1.517313e-04
1.989114e+01 1.570796e-02 -1.761711e-07
1.989114e+01 2.346256e-02 -1.636883e-07
1.989114e+01 3.503514e-02 -6.647624e-07
1.989114e+01 5.263151e-02 -1.302393e-06
1.989114e+01 7.314235e-02 -2.399958e-06
1.989114e+01 1.025928e-01 -3.435891e-06
1.989114e+01 1.448116e-01 -6.474942e-06
1.989114e+01 2.023460e-01 -1.029978e-05
1.989114e+01 2.834245e-01 -1.406902e-05
1.989114e+01 3.967448e-01 -2.068766e-05
1.989114e+01 5.552783e-01 -2.964569e-05
1.989114e+01 7.774819e-01 -4.324070e-05
1.989114e+01 1.088445e+00 -6.022231e-05
1.989114e+01 1.523711e+00 -8.540734e-05
1.989114e+01 2.088426e+00 -1.113319e-04
1.989114e+01 2.685505e+00 -1.085267e-04
2.030896e+01 1.570796e-02 -1.280314e-07
2.030896e+01 2.346256e-02 -1.023925e-07
2.030896e+01 3.503514e-02 -4.528344e-07
2.030896e+01 5.263151e-02 -8.359041e-07
2.030896e+01 7.314235e-02 -1.527581e-06
2.030896e+01 1.025928e-01 -2.231043e-06
2.030896e+01 1.448116e-01 -4.334587e-06
2.030896e+01 2.023460e-01 -6.969963e-06
2.030896e+01 2.834245e-01 -9.422888e-06
2.030896e+01 3.967448e-01 -1.383640e-05
2.030896e+01 5.552783e-01 -2.009620e-05
2.030896e+01 7.774819e-01 -2.952438e-05
2.030896e+01 1.088445e+00 -4.066086e-05
2.030896e+01 1.523711e+00 -5.777160e-05
2.030896e+01 2.088426e+00 -7.606921e-05
2.030896e+01 2.685505e+00 -7.433856e-05
2.073514e+01 1.570796e-02 -7.744163e-08
2.073514e+01 2.346256e-02 -6.084001e-08
2.073514e+01 3.503514e-02 -2.835845e-07
2.073514e+01 5.263151e-02 -5.500186e-07
2.073514e+01 7.314235e-02 -9.590949e-07
2.073514e+01 1.025928e-01 -1.437770e-06
2.073514e+01 1.448116e-01 -2.843556e-06
2.073514e+01 2.023460e-01 -4.520463e-06
2.073514e+01 2.834245e-01 -6.082562e-06
2.073514e+01 3.967448e-01 -9.003631e-06
2.073514e+01 5.552783e-01 -1.324639e-05
2.073514e+01 7.774819e-01 -1.966853e-05
2.073514e+01 1.088445e+00 -2.684626e-05
2.073514e+01 1.523711e+00 -3.823589e-05
2.073514e+01 2.088426e+00 -5.050580e-05
2.073514e+01 2.685505e+00 -4.947086e-05
2.116984e+01 1.570796e-02 -5.566156e-08
2.116984e+01 2.346256e-02 -3.862890e-08
2.116984e+01 3.503514e-02 -1.862576e-07
2.116984e+01 5.263151e-02 -3.355240e-07
2.116984e+01 7.314235e-02 -6.028981e-07
2.116984e+01 1.025928e-01 -9.315185e-07
2.116984e+01 1.448116e-01 -1.867381e-06
2.116984e+01 2.023460e-01 -2.968770e-06
2.116984e+01 2.834245e-01 -3.964952e-06
2.116984e+01 3.967448e-01 -5.951078e-06
2.116984e+01 5.552783e-01 -8.777309e-06
2.116984e+01 7.774819e-01 -1.306385e-05
2.116984e+01 1.088445e+00 -1.773150e-05
2.116984e+01 1.523711e+00 -2.536041e-05
2.116984e+01 2.088426e+00 -3.315559e-05
2.116984e+01 2.685505e+00 -3.198545e-05
2.161324e+01 1.570796e-02 -3.124885e-08
2.161324e+01 2.346256e-02 -3.297394e-08
2.161324e+01 3.503514e-02 -1.097350e-07
2.161324e+01 5.263151e-02 -2.032392e-07
2.161324e+01 7.314235e-02 -3.489802e-07
2.161324e+01 1.025928e-01 -5.766992e-07
2.161324e+01 1.448116e-01 -1.115778e-06
2.161324e+01 2.023460e-01 -1.782601e-06
2.161324e+01 2.834245e-01 -2.386544e-06
2.161324e+01 3.967448e-01 -3.658487e-06
2.161324e+01 5.552783e-01 -5.415122e-06
2.161324e+01 7.774819e-01 -8.180060e-06
2.161324e+01 1.088445e+00 -1.119036e-05
2.161324e+01 1.523711e+00 -1.589357e-05
2.161324e+01 2.088426e+00 -2.105516e-05
2.161324e+01 2.685505e+00 -2.080243e-05
2.206550e+01 1.570796e-02 -1.725185e-08
2.206550e+01 2.346256e-02 -1.547837e-08
2.206550e+01 3.503514e-02 -6.687328e-08
2.206550e+01 5.263151e-02 -1.219220e-07
2.206550e+01 7.314235e-02 -2.049139e-07
2.206550e+01 1.025928e-01 -3.431969e-07
2.206550e+01 1.448116e-01 -6.332245e-07
2.206550e+01 2.023460e-01 -1.011426e-06
2.206550e+01 2.834245e-01 -1.397876e-06
2.206550e+01 3.967448e-01 -2.127645e-06
2.206550e+01 5.552783e-01 -3.177081e-06
2.206550e+01 7.774819e-01 -4.832563e-06
2.206550e+01 1.088445e+00 -6.776998e-06
2.206550e+01 1.523711e+00 -9.734323e-06
2.206550e+01 2.088426e+00 -1.302835e-05
2.206550e+01 2.685505e+00 -1.269607e-05
2.252681e+01 1.570796e-02 5.249842e-10
2.252681e+01 2.346256e-02 1.337389e-09
2.252681e+01 3.503514e-02 2.708631e-09
2.252681e+01 5.263151e-02 5.564388e-09
2.252681e+01 7.314235e-02 1.160198e-08
2.252681e+01 1.025928e-01 1.731225e-08
2.252681e+01 1.448116e-01 2.931551e-08
2.252681e+01 2.023460e-01 4.253894e-08
2.252681e+01 2.834245e-01 6.113207e-08
2.252681e+01 3.967448e-01 8.492032e-08
2.252681e+01 5.552783e-01 1.162909e-07
2.252681e+01 7.774819e-01 1.494430e-07
2.252681e+01 1.088445e+00 1.643587e-07
2.252681e+01 1.523711e+00 1.410803e-07
2.252681e+01 2.088426e+00 9.076788e-08
2.252681e+01 2.685505e+00 3.996273e-08
2.299735e+01 1.570796e-02 4.951886e-10
2.299735e+01 2.346256e-02 1.258818e-09
2.299735e+01 3.503514e-02 2.551758e-09
2.299735e+01 5.263151e-02 5.236356e-09
2.299735e+01 7.314235e-02 1.092244e-08
2.299735e+01 1.025928e-01 1.629471e-08
2.299735e+01 1.448116e-01 2.760553e-08
2.299735e+01 2.023460e-01 4.013775e-08
2.299735e+01 2.834245e-01 5.789741e-08
2.299735e+01 3.967448e-01 8.096761e-08
2.299735e+01 5.552783e-01 1.117497e-07
2.299735e+01 7.774819e-01 1.445319e-07
2.299735e+01 1.088445e+00 1.600146e-07
2.299735e+01 1.523711e+00 1.388592e-07
2.299735e+01 2.088426e+00 9.063667e-08
2.299735e+01 2.685505e+00 4.020260e-08
2.347730e+01 1.570796e-02 4.650262e-10
2.347730e+01 2.346256e-02 1.180795e-09
2.347730e+01 3.503514e-02 2.396176e-09
2.347730e+01 5.263151e-02 4.911382e-09
2.347730e+01 7.314235e-02 1.025132e-08
2.347730e+01 1.025928e-01 1.528900e-08
2.347730e+01 1.448116e-01 2.592353e-08
2.347730e+01 2.023460e-01 3.776697e-08
2.347730e+01 2.834245e-01 5.472367e-08
2.347730e+01 3.967448e-01 7.704489e-08
2.347730e+01 5.552783e-01 1.071453e-07
2.347730e+01 7.774819e-01 1.394290e-07
2.347730e+01 1.088445e+00 1.554909e-07
2.347730e+01 1.523711e+00 1.365138e-07
2.347730e+01 2.088426e+00 9.051263e-08
2.347730e+01 2.685505e+00 4.039141e-08
2.396684e+01 1.570796e-02 4.353768e-10
2.396684e+01 2.346256e-02 1.104481e-09
2.396684e+01 3.503514e-02 2.242287e-09
2.396684e+01 5.263151e-02 4.591946e-09
2.396684e+01 7.314235e-02 9.591377e-09
2.396684e+01 1.025928e-01 1.430264e-08
2.396684e+01 1.448116e-01 2.427514e-08
2.396684e+01 2.023460e-01 3.544570e-08
2.396684e+01 2.834245e-01 5.160833e-08
2.396684e+01 3.967448e-01 7.313581e-08
2.396684e+01 5.552783e-01 1.024931e-07
2.396684e+01 7.774819e-01 1.341720e-07
2.396684e+01 1.088445e+00 1.507440e-07
2.396684e+01 1.523711e+00 1.339953e-07
2.396684e+01 2.088426e+00 9.037516e-08
2.396684e+01 2.685505e+00 4.075036e-08
2.446618e+01 1.570796e-02 4.060312e-10
2.446618e+01 2.346256e-02 1.029331e-09
2.446618e+01 3.503514e-02 2.091896e-09
2.446618e+01 5.263151e-02 4.279545e-09
2.446618e+01 7.314235e-02 8.946698e-09
2.446618e+01 1.025928e-01 1.333656e-08
2.446618e+01 1.448116e-01 2.266373e-08
2.446618e+01 2.023460e-01 3.317937e-08
2.446618e+01 2.834245e-01 4.855705e-08
2.446618e+01 3.967448e-01 6.929741e-08
2.446618e+01 5.552783e-01 9.779591e-08
2.446618e+01 7.774819e-01 1.287737e-07
2.446618e+01 1.088445e+00 1.457355e-07
2.446618e+01 1.523711e+00 1.313955e-07
2.446618e+01 2.088426e+00 9.021854e-08
2.446618e+01 2.685505e+00 4.116872e-08
2.497550e+01 1.570796e-02 3.774553e-10
2.497550e+01 2.346256e-02 9.563564e-10
2.497550e+01 3.503514e-02 1.944649e-09
2.497550e+01 5.263151e-02 3.975234e-09
2.497550e+01 7.314235e-02 8.317191e-09
2.497550e+01 1.025928e-01 1.239623e-08
2.497550e+01 1.448116e-01 2.109352e-08
2.497550e+01 2.023460e-01 3.097033e-08
2.497550e+01 2.834245e-01 4.556669e-08
2.497550e+01 3.967448e-01 6.548131e-08
2.497550e+01 5.552783e-01 9.304252e-08
2.497550e+01 7.774819e-01 1.231589e-07
2.497550e+01 1.088445e+00 1.404814e-07
2.497550e+01 1.523711e+00 1.285083e-07
2.497550e+01 2.088426e+00 9.019923e-08
2.497550e+01 2.685505e+00 4.177033e-08
2.549501e+01 1.570796e-02 3.495068e-10
2.549501e+01 2.346256e-02 8.852299e-10
2.549501e+01 3.503514e-02 1.801994e-09
2.549501e+01 5.263151e-02 3.678720e-09
2.549501e+01 7.314235e-02 7.705451e-09
2.549501e+01 1.025928e-01 1.148182e-08
2.549501e+01 1.448116e-01 1.956667e-08
2.549501e+01 2.023460e-01 2.880923e-08
2.549501e+01 2.834245e-01 4.263116e-08
2.549501e+01 3.967448e-01 6.168860e-08
2.549501e+01 5.552783e-01 8.820664e-08
2.549501e+01 7.774819e-01 1.173997e-07
2.549501e+01 1.088445e+00 1.349369e-07
2.549501e+01 1.523711e+00 1.255060e-07
2.549501e+01 2.088426e+00 9.012954e-08
2.549501e+01 2.685505e+00 4.250747e-08
2.602491e+01 1.570796e-02 3.222523e-10
2.602491e+01 2.346256e-02 8.161873e-10
2.602491e+01 3.503514e-02 1.662356e-09
2.602491e+01 5.263151e-02 3.390714e-09
2.602491e+01 7.314235e-02 7.108940e-09
2.602491e+01 1.025928e-01 1.058838e-08
2.602491e+01 1.448116e-01 1.807589e-08
2.602491e+01 2.023460e-01 2.669993e-08
2.602491e+01 2.834245e-01 3.973836e-08
2.602491e+01 3.967448e-01 5.789586e-08
2.602491e+01 5.552783e-01 8.326464e-08
2.602491e+01 7.774819e-01 1.113964e-07
2.602491e+01 1.088445e+00 1.291348e-07
2.602491e+01 1.523711e+00 1.222471e-07
2.602491e+01 2.088426e+00 9.003114e-08
2.602491e+01 2.685505e+00 4.350504e-08
2.656541e+01 1.570796e-02 2.957392e-10
2.656541e+01 2.346256e-02 7.497708e-10
2.656541e+01 3.503514e-02 1.526051e-09
2.656541e+01 5.263151e-02 3.110745e-09
2.656541e+01 7.314235e-02 6.527767e-09
2.656541e+01 1.025928e-01 9.719891e-09
2.656541e+01 1.448116e-01 1.662351e-08
2.656541e+01 2.023460e-01 2.464462e-08
2.656541e+01 2.834245e-01 3.688219e-08
2.656541e+01 3.967448e-01 5.410353e-08
2.656541e+01 5.552783e-01 7.823455e-08
2.656541e+01 7.774819e-01 1.051903e-07
2.656541e+01 1.088445e+00 1.230395e-07
2.656541e+01 1.523711e+00 1.186807e-07
2.656541e+01 2.088426e+00 8.981631e-08
2.656541e+01 2.685505e+00 4.477248e-08
2.711672e+01 1.570796e-02 2.700785e-10
2.711672e+01 2.346256e-02 6.850919e-10
2.711672e+01 3.503514e-02 1.393443e-09
2.711672e+01 5.263151e-02 2.839482e-09
2.711672e+01 7.314235e-02 5.961815e-09
2.711672e+01 1.025928e-01 8.878060e-09
2.711672e+01 1.448116e-01 1.520669e-08
2.711672e+01 2.023460e-01 2.263454e-08
2.711672e+01 2.834245e-01 3.407315e-08
2.711672e+01 3.967448e-01 5.028153e-08
2.711672e+01 5.552783e-01 7.309090e-08
2.711672e+01 7.774819e-01 9.876149e-08
2.711672e+01 1.088445e+00 1.166335e-07
2.711672e+01 1.523711e+00 1.147998e-07
2.711672e+01 2.088426e+00 8.932693e-08
2.711672e+01 2.685505e+00 4.645921e-08
2.767905e+01 1.570796e-02 2.449748e-10
2.767905e+01 2.346256e-02 6.216450e-10
2.767905e+01 3.503514e-02 1.264367e-09
2.767905e+01 5.263151e-02 2.575765e-09
2.767905e+01 7.314235e-02 5.412905e-09
2.767905e+01 1.025928e-01 8.058267e-09
2.767905e+01 1.448116e-01 1.382888e-08
2.767905e+01 2.023460e-01 2.066985e-08
2.767905e+01 2.834245e-01 3.129444e-08
2.767905e+01 3.967448e-01 4.644299e-08
2.767905e+01 5.552783e-01 6.783013e-08
2.767905e+01 7.774819e-01 9.210735e-08
2.767905e+01 1.088445e+00 1.098909e-07
2.767905e+01 1.523711e+00 1.104621e-07
2.767905e+01 2.088426e+00 8.872678e-08
2.767905e+01 2.685505e+00 4.837005e-08
2.825263e+01 1.570796e-02 2.206383e-10
2.825263e+01 2.346256e-02 5.605926e-10
2.825263e+01 3.503514e-02 1.138621e-09
2.825263e+01 5.263151e-02 2.318752e-09
2.825263e+01 7.314235e-02 4.877746e-09
2.825263e+01 1.025928e-01 7.263819e-09
2.825263e+01 1.448116e-01 1.248069e-08
2.825263e+01 2.023460e-01 1.874371e-08
2.825263e+01 2.834245e-01 2.853049e-08
2.825263e+01 3.967448e-01 4.256530e-08
2.825263e+01 5.552783e-01 6.243924e-08
2.825263e+01 7.774819e-01 8.526235e-08
2.825263e+01 1.088445e+00 1.028050e-07
2.825263e+01 1.523711e+00 1.057102e-07
2.825263e+01 2.088426e+00 8.773519e-08
2.825263e+01 2.685505e+00 5.057830e-08
2.883769e+01 1.570796e-02 1.968845e-10
2.883769e+01 2.346256e-02 5.009172e-10
2.883769e+01 3.503514e-02 1.016229e-09
2.883769e+01 5.263151e-02 2.069217e-09
2.883769e+01 7.314235e-02 4.355720e-09
2.883769e+01 1.025928e-01 6.488997e-09
2.883769e+01 1.448116e-01 1.116595e-08
2.883769e+01 2.023460e-01 1.684745e-08
2.883769e+01 2.834245e-01 2.578213e-08
2.883769e+01 3.967448e-01 3.864808e-08
2.883769e+01 5.552783e-01 5.694412e-08
2.883769e+01 7.774819e-01 7.819910e-08
2.883769e+01 1.088445e+00 9.530448e-08
2.883769e+01 1.523711e+00 1.002539e-07
2.883769e+01 2.088426e+00 8.629797e-08
2.883769e+01 2.685505e+00 5.288004e-08
2.943444e+01 1.570796e-02 1.738423e-10
2.943444e+01 2.346256e-02 4.426949e-10
2.943444e+01 3.503514e-02 8.966005e-10
2.943444e+01 5.263151e-02 1.826165e-09
2.943444e+01 7.314235e-02 3.846739e-09
2.943444e+01 1.025928e-01 5.733887e-09
2.943444e+01 1.448116e-01 9.880086e-09
2.943444e+01 2.023460e-01 1.498028e-08
2.943444e+01 2.834245e-01 2.304224e-08
2.943444e+01 3.967448e-01 3.469225e-08
2.943444e+01 5.552783e-01 5.132312e-08
2.943444e+01 7.774819e-01 7.087916e-08
2.943444e+01 1.088445e+00 8.738141e-08
2.943444e+01 1.523711e+00 9.418339e-08
2.943444e+01 2.088426e+00 8.423754e-08
2.943444e+01 2.685505e+00 5.522867e-08
3.004313e+01 1.570796e-02 1.513023e-10
3.004313e+01 2.346256e-02 3.857722e-10
3.004313e+01 3.503514e-02 7.804098e-10
3.004313e+01 5.263151e-02 1.589936e-09
3.004313e+01 7.314235e-02 3.351157e-09
3.004313e+01 1.025928e-01 4.997805e-09
3.004313e+01 1.448116e-01 8.624164e-09
3.004313e+01 2.023460e-01 1.313660e-08
3.004313e+01 2.834245e-01 2.030085e-08
3.004313e+01 3.967448e-01 3.069959e-08
3.004313e+01 5.552783e-01 4.558349e-08
3.004313e+01 7.774819e-01 6.330771e-08
3.004313e+01 1.088445e+00 7.902684e-08
3.004313e+01 1.523711e+00 8.730027e-08
3.004313e+01 2.088426e+00 8.138667e-08
3.004313e+01 2.685505e+00 5.731752e-08
3.066399e+01 1.570796e-02 1.292902e-10
3.066399e+01 2.346256e-02 3.305562e-10
3.066399e+01 3.503514e-02 6.669262e-10
3.066399e+01 5.263151e-02 1.359192e-09
3.066399e+01 7.314235e-02 2.868069e-09
3.066399e+01 1.025928e-01 4.279443e-09
3.066399e+01 1.448116e-01 7.392423e-09
3.066399e+01 2.023460e-01 1.132002e-08
3.066399e+01 2.834245e-01 1.757449e-08
3.066399e+01 3.967448e-01 2.666362e-08
3.066399e+01 5.552783e-01 3.974387e-08
3.066399e+01 7.774819e-01 5.548870e-08
3.066399e+01 1.088445e+00 7.014207e-08
3.066399e+01 1.523711e+00 7.948415e-08
3.066399e+01 2.088426e+00 7.738800e-08
3.066399e+01 2.685505e+00 5.879438e-08
3.129727e+01 1.570796e-02 1.079448e-10
3.129727e+01 2.346256e-02 2.762912e-10
3.129727e+01 3.503514e-02 5.563315e-10
3.129727e+01 5.263151e-02 1.134620e-09
3.129727e+01 7.314235e-02 2.395869e-09
3.129727e+01 1.025928e-01 3.578918e-09
3.129727e+01 1.448116e-01 6.188395e-09
3.129727e+01 2.023460e-01 9.519392e-09
3.129727e+01 2.834245e-01 1.484498e-08
3.129727e+01 3.967448e-01 2.259225e-08
3.129727e+01 5.552783e-01 3.378937e-08
3.129727e+01 7.774819e-01 4.743328e-08
3.129727e+01 1.088445e+00 6.070764e-08
3.129727e+01 1.523711e+00 7.063620e-08
3.129727e+01 2.088426e+00 7.205716e-08
3.129727e+01 2.685505e+00 5.930228e-08
3.194322e+01 1.570796e-02 8.705369e-11
3.194322e+01 2.346256e-02 2.233893e-10
3.194322e+01 3.503514e-02 4.486794e-10
3.194322e+01 5.263151e-02 9.156698e-10
3.194322e+01 7.314235e-02 1.935346e-09
3.194322e+01 1.025928e-01 2.893799e-09
3.194322e+01 1.448116e-01 5.009370e-09
3.194322e+01 2.023460e-01 7.740478e-09
3.194322e+01 2.834245e-01 1.211800e-08
3.194322e+01 3.967448e-01 1.849456e-08
3.194322e+01 5.552783e-01 2.773653e-08
3.194322e+01 7.774819e-01 3.914782e-08
3.194322e+01 1.088445e+00 5.075457e-08
3.194322e+01 1.523711e+00 6.067623e-08
3.194322e+01 2.088426e+00 6.499895e-08
3.194322e+01 2.685505e+00 5.803881e-08
3.260208e+01 1.570796e-02 6.667502e-11
3.260208e+01 2.346256e-02 1.713659e-10
3.260208e+01 3.503514e-02 3.434161e-10
3.260208e+01 5.263151e-02 7.022609e-10
3.260208e+01 7.314235e-02 1.485622e-09
3.260208e+01 1.025928e-01 2.223505e-09
3.260208e+01 1.448116e-01 3.853998e-09
3.260208e+01 2.023460e-01 5.979659e-09
3.260208e+01 2.834245e-01 9.395039e-09
3.260208e+01 3.967448e-01 1.436740e-08
3.260208e+01 5.552783e-01 2.161389e-08
3.260208e+01 7.774819e-01 3.065987e-08
3.260208e+01 1.088445e+00 4.024479e-08
3.260208e+01 1.523711e+00 4.945161e-08
3.260208e+01 2.088426e+00 5.578338e-08
3.260208e+01 2.685505e+00 5.411192e-08
3.327412e+01 1.570796e-02 4.682784e-11
3.327412e+01 2.346256e-02 1.207735e-10
3.327412e+01 3.503514e-02 2.411512e-10
3.327412e+01 5.263151e-02 4.937061e-10
3.327412e+01 7.314235e-02 1.045034e-09
3.327412e+01 1.025928e-01 1.566628e-09
3.327412e+01 1.448116e-01 2.717707e-09
3.327412e+01 2.023460e-01 4.235151e-09
3.327412e+01 2.834245e-01 6.677123e-09
3.327412e+01 3.967448e-01 1.022915e-08
3.327412e+01 5.552783e-01 1.543022e-08
3.327412e+01 7.774819e-01 2.197998e-08
3.327412e+01 1.088445e+00 2.922684e-08
3.327412e+01 1.523711e+00 3.690288e-08
3.327412e+01 2.088426e+00 4.395535e-08
3.327412e+01 2.685505e+00 4.630258e-08
3.395961e+01 1.570796e-02 2.814668e-11
3.395961e+01 2.346256e-02 7.303716e-11
3.395961e+01 3.503514e-02 1.448537e-10
3.395961e+01 5.263151e-02 2.977650e-10
3.395961e+01 7.314235e-02 6.307784e-10
3.395961e+01 1.025928e-01 9.465996e-10
3.395961e+01 1.448116e-01 1.641242e-09
3.395961e+01 2.023460e-01 2.560220e-09
3.395961e+01 2.834245e-01 4.033467e-09
3.395961e+01 3.967448e-01 6.157323e-09
3.395961e+01 5.552783e-01 9.272139e-09
3.395961e+01 7.774819e-01 1.320676e-08
3.395961e+01 1.088445e+00 1.772362e-08
3.395961e+01 1.523711e+00 2.295727e-08
3.395961e+01 2.088426e+00 2.878901e-08
3.395961e+01 2.685505e+00 3.258092e-08
3.465880e+01 1.570796e-02 9.003941e-12
3.465880e+01 2.346256e-02 2.236457e-11
3.465880e+01 3.503514e-02 4.776633e-11
3.465880e+01 5.263151e-02 9.230545e-11
3.465880e+01 7.314235e-02 2.012057e-10
3.465880e+01 1.025928e-01 2.995530e-10
3.465880e+01 1.448116e-01 5.188842e-10
3.465880e+01 2.023460e-01 8.207522e-10
3.465880e+01 2.834245e-01 1.304737e-09
3.465880e+01 3.967448e-01 2.003584e-09
3.465880e+01 5.552783e-01 3.027273e-09
3.465880e+01 7.774819e-01 4.334996e-09
3.465880e+01 1.088445e+00 5.876406e-09
3.465880e+01 1.523711e+00 7.781834e-09
3.465880e+01 2.088426e+00 1.021689e-08
3.465880e+01 2.685505e+00 1.234914e-08
3.537197e+01 1.570796e-02 0.000000e+00
3.537197e+01 2.346256e-02 0.000000e+00
3.537197e+01 3.503514e-02 0.000000e+00
3.537197e+01 5.263151e-02 0.000000e+00
3.537197e+01 7.314235e-02 0.000000e+00
3.537197e+01 1.025928e-01 0.000000e+00
3.537197e+01 1.448116e-01 0.000000e+00
3.537197e+01 2.023460e-01 0.000000e+00
3.537197e+01 2.834245e-01 0.000000e+00
3.537197e+01 3.967448e-01 0.000000e+00
3.537197e+01 5.552783e-01 0.000000e+00
3.537197e+01 7.774819e-01 0.000000e+00
3.537197e+01 1.088445e+00 0.000000e+00
3.537197e+01 1.523711e+00 0.000000e+00
3.537197e+01 2.088426e+00 0.000000e+00
3.537197e+01 2.685505e+00 0.000000e+00
