5.000000e+00 1.570796e-02 0.000000e+00
5.000000e+00 2.346256e-02 0.000000e+00
5.000000e+00 3.503514e-02 0.000000e+00
5.000000e+00 5.263151e-02 0.000000e+00
5.000000e+00 7.314235e-02 0.000000e+00
5.000000e+00 1.025928e-01 0.000000e+00
5.000000e+00 1.448116e-01 0.000000e+00
5.000000e+00 2.023460e-01 0.000000e+00
5.000000e+00 2.834245e-01 0.000000e+00
5.000000e+00 3.967448e-01 0.000000e+00
5.000000e+00 5.552783e-01 0.000000e+00
5.000000e+00 7.774819e-01 0.000000e+00
5.000000e+00 1.088445e+00 0.000000e+00
5.000000e+00 1.523711e+00 0.000000e+00
5.000000e+00 2.088426e+00 0.000000e+00
5.000000e+00 2.685505e+00 0.000000e+00
5.120000e+00 1.570796e-02 0.000000e+00
5.120000e+00 2.346256e-02 0.000000e+00
5.120000e+00 3.503514e-02 0.000000e+00
5.120000e+00 5.263151e-02 0.000000e+00
5.120000e+00 7.314235e-02 0.000000e+00
5.120000e+00 1.025928e-01 0.000000e+00
5.120000e+00 1.448116e-01 0.000000e+00
5.120000e+00 2.023460e-01 0.000000e+00
5.120000e+00 2.834245e-01 0.000000e+00
5.120000e+00 3.967448e-01 0.000000e+00
5.120000e+00 5.552783e-01 0.000000e+00
5.120000e+00 7.774819e-01 0.000000e+00
5.120000e+00 1.088445e+00 0.000000e+00
5.120000e+00 1.523711e+00 0.000000e+00
5.120000e+00 2.088426e+00 0.000000e+00
5.120000e+00 2.685505e+00 0.000000e+00
5.242400e+00 1.570796e-02 0.000000e+00
5.242400e+00 2.346256e-02 0.000000e+00
5.242400e+00 3.503514e-02 0.000000e+00
5.242400e+00 5.263151e-02 0.000000e+00
5.242400e+00 7.314235e-02 0.000000e+00
5.242400e+00 1.025928e-01 0.000000e+00
5.242400e+00 1.448116e-01 0.000000e+00
5.242400e+00 2.023460e-01 0.000000e+00
5.242400e+00 2.834245e-01 0.000000e+00
5.242400e+00 3.967448e-01 0.000000e+00
5.242400e+00 5.552783e-01 0.000000e+00
5.242400e+00 7.774819e-01 0.000000e+00
5.242400e+00 1.088445e+00 0.000000e+00
5.242400e+00 1.523711e+00 0.000000e+00
5.242400e+00 2.088426e+00 0.000000e+00
5.242400e+00 2.685505e+00 0.000000e+00
5.367248e+00 1.570796e-02 0.000000e+00
5.367248e+00 2.346256e-02 0.000000e+00
5.367248e+00 3.503514e-02 0.000000e+00
5.367248e+00 5.263151e-02 0.000000e+00
5.367248e+00 7.314235e-02 0.000000e+00
5.367248e+00 1.025928e-01 0.000000e+00
5.367248e+00 1.448116e-01 0.000000e+00
5.367248e+00 2.023460e-01 0.000000e+00
5.367248e+00 2.834245e-01 0.000000e+00
5.367248e+00 3.967448e-01 0.000000e+00
5.367248e+00 5.552783e-01 0.000000e+00
5.367248e+00 7.774819e-01 0.000000e+00
5.367248e+00 1.088445e+00 0.000000e+00
5.367248e+00 1.523711e+00 0.000000e+00
5.367248e+00 2.088426e+00 0.000000e+00
5.367248e+00 2.685505e+00 0.000000e+00
5.494593e+00 1.570796e-02 0.000000e+00
5.494593e+00 2.346256e-02 0.000000e+00
5.494593e+00 3.503514e-02 0.000000e+00
5.494593e+00 5.263151e-02 0.000000e+00
5.494593e+00 7.314235e-02 0.000000e+00
5.494593e+00 1.025928e-01 0.000000e+00
5.494593e+00 1.448116e-01 0.000000e+00
5.494593e+00 2.023460e-01 0.000000e+00
5.494593e+00 2.834245e-01 0.000000e+00
5.494593e+00 3.967448e-01 0.000000e+00
5.494593e+00 5.552783e-01 0.000000e+00
5.494593e+00 7.774819e-01 0.000000e+00
5.494593e+00 1.088445e+00 0.000000e+00
5.494593e+00 1.523711e+00 0.000000e+00
5.494593e+00 2.088426e+00 0.000000e+00
5.494593e+00 2.685505e+00 0.000000e+00
5.624485e+00 1.570796e-02 0.000000e+00
5.624485e+00 2.346256e-02 0.000000e+00
5.624485e+00 3.503514e-02 0.000000e+00
5.624485e+00 5.263151e-02 0.000000e+00
5.624485e+00 7.314235e-02 0.000000e+00
5.624485e+00 1.025928e-01 0.000000e+00
5.624485e+00 1.448116e-01 0.000000e+00
5.624485e+00 2.023460e-01 0.000000e+00
5.624485e+00 2.834245e-01 0.000000e+00
5.624485e+00 3.967448e-01 0.000000e+00
5.624485e+00 5.552783e-01 0.000000e+00
5.624485e+00 7.774819e-01 0.000000e+00
5.624485e+00 1.088445e+00 0.000000e+00
5.624485e+00 1.523711e+00 0.000000e+00
5.624485e+00 2.088426e+00 0.000000e+00
5.624485e+00 2.685505e+00 0.000000e+00
5.756975e+00 1.570796e-02 0.000000e+00
5.756975e+00 2.346256e-02 0.000000e+00
5.756975e+00 3.503514e-02 0.000000e+00
5.756975e+00 5.263151e-02 0.000000e+00
5.756975e+00 7.314235e-02 0.000000e+00
5.756975e+00 1.025928e-01 0.000000e+00
5.756975e+00 1.448116e-01 0.000000e+00
5.756975e+00 2.023460e-01 0.000000e+00
5.756975e+00 2.834245e-01 0.000000e+00
5.756975e+00 3.967448e-01 0.000000e+00
5.756975e+00 5.552783e-01 0.000000e+00
5.756975e+00 7.774819e-01 0.000000e+00
5.756975e+00 1.088445e+00 0.000000e+00
5.756975e+00 1.523711e+00 0.000000e+00
5.756975e+00 2.088426e+00 0.000000e+00
5.756975e+00 2.685505e+00 0.000000e+00
5.892114e+00 1.570796e-02 0.000000e+00
5.892114e+00 2.346256e-02 0.000000e+00
5.892114e+00 3.503514e-02 0.000000e+00
5.892114e+00 5.263151e-02 0.000000e+00
5.892114e+00 7.314235e-02 0.000000e+00
5.892114e+00 1.025928e-01 0.000000e+00
5.892114e+00 1.448116e-01 0.000000e+00
5.892114e+00 2.023460e-01 0.000000e+00
5.892114e+00 2.834245e-01 0.000000e+00
5.892114e+00 3.967448e-01 0.000000e+00
5.892114e+00 5.552783e-01 0.000000e+00
5.892114e+00 7.774819e-01 0.000000e+00
5.892114e+00 1.088445e+00 0.000000e+00
5.892114e+00 1.523711e+00 0.000000e+00
5.892114e+00 2.088426e+00 0.000000e+00
5.892114e+00 2.685505e+00 0.000000e+00
6.029956e+00 1.570796e-02 0.000000e+00
6.029956e+00 2.346256e-02 0.000000e+00
6.029956e+00 3.503514e-02 0.000000e+00
6.029956e+00 5.263151e-02 0.000000e+00
6.029956e+00 7.314235e-02 0.000000e+00
6.029956e+00 1.025928e-01 0.000000e+00
6.029956e+00 1.448116e-01 0.000000e+00
6.029956e+00 2.023460e-01 0.000000e+00
6.029956e+00 2.834245e-01 0.000000e+00
6.029956e+00 3.967448e-01 0.000000e+00
6.029956e+00 5.552783e-01 0.000000e+00
6.029956e+00 7.774819e-01 0.000000e+00
6.029956e+00 1.088445e+00 0.000000e+00
6.029956e+00 1.523711e+00 0.000000e+00
6.029956e+00 2.088426e+00 0.000000e+00
6.029956e+00 2.685505e+00 0.000000e+00
6.170555e+00 1.570796e-02 0.000000e+00
6.170555e+00 2.346256e-02 0.000000e+00
6.170555e+00 3.503514e-02 0.000000e+00
6.170555e+00 5.263151e-02 0.000000e+00
6.170555e+00 7.314235e-02 0.000000e+00
6.170555e+00 1.025928e-01 0.000000e+00
6.170555e+00 1.448116e-01 0.000000e+00
6.170555e+00 2.023460e-01 0.000000e+00
6.170555e+00 2.834245e-01 0.000000e+00
6.170555e+00 3.967448e-01 0.000000e+00
6.170555e+00 5.552783e-01 0.000000e+00
6.170555e+00 7.774819e-01 0.000000e+00
6.170555e+00 1.088445e+00 0.000000e+00
6.170555e+00 1.523711e+00 0.000000e+00
6.170555e+00 2.088426e+00 0.000000e+00
6.170555e+00 2.685505e+00 0.000000e+00
6.313967e+00 1.570796e-02 0.000000e+00
6.313967e+00 2.346256e-02 0.000000e+00
6.313967e+00 3.503514e-02 0.000000e+00
6.313967e+00 5.263151e-02 0.000000e+00
6.313967e+00 7.314235e-02 0.000000e+00
6.313967e+00 1.025928e-01 0.000000e+00
6.313967e+00 1.448116e-01 0.000000e+00
6.313967e+00 2.023460e-01 0.000000e+00
6.313967e+00 2.834245e-01 0.000000e+00
6.313967e+00 3.967448e-01 0.000000e+00
6.313967e+00 5.552783e-01 0.000000e+00
6.313967e+00 7.774819e-01 0.000000e+00
6.313967e+00 1.088445e+00 0.000000e+00
6.313967e+00 1.523711e+00 0.000000e+00
6.313967e+00 2.088426e+00 0.000000e+00
6.313967e+00 2.685505e+00 0.000000e+00
6.460246e+00 1.570796e-02 0.000000e+00
6.460246e+00 2.346256e-02 0.000000e+00
6.460246e+00 3.503514e-02 0.000000e+00
6.460246e+00 5.263151e-02 0.000000e+00
6.460246e+00 7.314235e-02 0.000000e+00
6.460246e+00 1.025928e-01 0.000000e+00
6.460246e+00 1.448116e-01 0.000000e+00
6.460246e+00 2.023460e-01 0.000000e+00
6.460246e+00 2.834245e-01 0.000000e+00
6.460246e+00 3.967448e-01 0.000000e+00
6.460246e+00 5.552783e-01 0.000000e+00
6.460246e+00 7.774819e-01 0.000000e+00
6.460246e+00 1.088445e+00 0.000000e+00
6.460246e+00 1.523711e+00 0.000000e+00
6.460246e+00 2.088426e+00 0.000000e+00
6.460246e+00 2.685505e+00 0.000000e+00
6.609451e+00 1.570796e-02 0.000000e+00
6.609451e+00 2.346256e-02 0.000000e+00
6.609451e+00 3.503514e-02 0.000000e+00
6.609451e+00 5.263151e-02 0.000000e+00
6.609451e+00 7.314235e-02 0.000000e+00
6.609451e+00 1.025928e-01 0.000000e+00
6.609451e+00 1.448116e-01 0.000000e+00
6.609451e+00 2.023460e-01 0.000000e+00
6.609451e+00 2.834245e-01 0.000000e+00
6.609451e+00 3.967448e-01 0.000000e+00
6.609451e+00 5.552783e-01 0.000000e+00
6.609451e+00 7.774819e-01 0.000000e+00
6.609451e+00 1.088445e+00 0.000000e+00
6.609451e+00 1.523711e+00 0.000000e+00
6.609451e+00 2.088426e+00 0.000000e+00
6.609451e+00 2.685505e+00 0.000000e+00
6.761640e+00 1.570796e-02 0.000000e+00
6.761640e+00 2.346256e-02 0.000000e+00
6.761640e+00 3.503514e-02 0.000000e+00
6.761640e+00 5.263151e-02 0.000000e+00
6.761640e+00 7.314235e-02 0.000000e+00
6.761640e+00 1.025928e-01 0.000000e+00
6.761640e+00 1.448116e-01 0.000000e+00
6.761640e+00 2.023460e-01 0.000000e+00
6.761640e+00 2.834245e-01 0.000000e+00
6.761640e+00 3.967448e-01 0.000000e+00
6.761640e+00 5.552783e-01 0.000000e+00
6.761640e+00 7.774819e-01 0.000000e+00
6.761640e+00 1.088445e+00 0.000000e+00
6.761640e+00 1.523711e+00 0.000000e+00
6.761640e+00 2.088426e+00 0.000000e+00
6.761640e+00 2.685505e+00 0.000000e+00
6.916873e+00 1.570796e-02 0.000000e+00
6.916873e+00 2.346256e-02 0.000000e+00
6.916873e+00 3.503514e-02 0.000000e+00
6.916873e+00 5.263151e-02 0.000000e+00
6.916873e+00 7.314235e-02 0.000000e+00
6.916873e+00 1.025928e-01 0.000000e+00
6.916873e+00 1.448116e-01 0.000000e+00
6.916873e+00 2.023460e-01 0.000000e+00
6.916873e+00 2.834245e-01 0.000000e+00
6.916873e+00 3.967448e-01 0.000000e+00
6.916873e+00 5.552783e-01 0.000000e+00
6.916873e+00 7.774819e-01 0.000000e+00
6.916873e+00 1.088445e+00 0.000000e+00
6.916873e+00 1.523711e+00 0.000000e+00
6.916873e+00 2.088426e+00 0.000000e+00
6.916873e+00 2.685505e+00 0.000000e+00
7.075210e+00 1.570796e-02 0.000000e+00
7.075210e+00 2.346256e-02 0.000000e+00
7.075210e+00 3.503514e-02 0.000000e+00
7.075210e+00 5.263151e-02 0.000000e+00
7.075210e+00 7.314235e-02 0.000000e+00
7.075210e+00 1.025928e-01 0.000000e+00
7.075210e+00 1.448116e-01 0.000000e+00
7.075210e+00 2.023460e-01 0.000000e+00
7.075210e+00 2.834245e-01 0.000000e+00
7.075210e+00 3.967448e-01 0.000000e+00
7.075210e+00 5.552783e-01 0.000000e+00
7.075210e+00 7.774819e-01 0.000000e+00
7.075210e+00 1.088445e+00 0.000000e+00
7.075210e+00 1.523711e+00 0.000000e+00
7.075210e+00 2.088426e+00 0.000000e+00
7.075210e+00 2.685505e+00 0.000000e+00
7.236714e+00 1.570796e-02 0.000000e+00
7.236714e+00 2.346256e-02 0.000000e+00
7.236714e+00 3.503514e-02 0.000000e+00
7.236714e+00 5.263151e-02 0.000000e+00
7.236714e+00 7.314235e-02 0.000000e+00
7.236714e+00 1.025928e-01 0.000000e+00
7.236714e+00 1.448116e-01 0.000000e+00
7.236714e+00 2.023460e-01 0.000000e+00
7.236714e+00 2.834245e-01 0.000000e+00
7.236714e+00 3.967448e-01 0.000000e+00
7.236714e+00 5.552783e-01 0.000000e+00
7.236714e+00 7.774819e-01 0.000000e+00
7.236714e+00 1.088445e+00 0.000000e+00
7.236714e+00 1.523711e+00 0.000000e+00
7.236714e+00 2.088426e+00 0.000000e+00
7.236714e+00 2.685505e+00 0.000000e+00
7.401449e+00 1.570796e-02 -4.182842e-05
7.401449e+00 2.346256e-02 -3.056815e-05
7.401449e+00 3.503514e-02 -6.146136e-05
7.401449e+00 5.263151e-02 -7.772113e-05
7.401449e+00 7.314235e-02 -8.586870e-05
7.401449e+00 1.025928e-01 -3.055270e-05
7.401449e+00 1.448116e-01 -1.051516e-04
7.401449e+00 2.023460e-01 -4.428899e-05
7.401449e+00 2.834245e-01 -7.655977e-05
7.401449e+00 3.967448e-01 -5.812561e-05
7.401449e+00 5.552783e-01 -4.850406e-05
7.401449e+00 7.774819e-01 -4.363629e-05
7.401449e+00 1.088445e+00 -4.177802e-05
7.401449e+00 1.523711e+00 -4.803790e-05
7.401449e+00 2.088426e+00 -5.213453e-05
7.401449e+00 2.685505e+00 -5.063403e-05
7.569477e+00 1.570796e-02 -1.445397e-04
7.569477e+00 2.346256e-02 -1.308269e-04
7.569477e+00 3.503514e-02 -1.740255e-04
7.569477e+00 5.263151e-02 -2.851137e-04
7.569477e+00 7.314235e-02 -3.503259e-04
7.569477e+00 1.025928e-01 -2.443121e-04
7.569477e+00 1.448116e-01 -3.074370e-04
7.569477e+00 2.023460e-01 -3.076716e-04
7.569477e+00 2.834245e-01 -4.114874e-04
7.569477e+00 3.967448e-01 -2.843107e-04
7.569477e+00 5.552783e-01 -2.792747e-04
7.569477e+00 7.774819e-01 -2.562863e-04
7.569477e+00 1.088445e+00 -2.317847e-04
7.569477e+00 1.523711e+00 -2.527210e-04
7.569477e+00 2.088426e+00 -2.707979e-04
7.569477e+00 2.685505e+00 -2.541235e-04
7.740867e+00 1.570796e-02 -3.758149e-04
7.740867e+00 2.346256e-02 -4.565266e-04
7.740867e+00 3.503514e-02 -7.047268e-04
7.740867e+00 5.263151e-02 -1.211887e-03
7.740867e+00 7.314235e-02 -1.703105e-03
7.740867e+00 1.025928e-01 -1.346966e-03
7.740867e+00 1.448116e-01 -1.790404e-03
7.740867e+00 2.023460e-01 -1.637939e-03
7.740867e+00 2.834245e-01 -1.801785e-03
7.740867e+00 3.967448e-01 -1.444991e-03
7.740867e+00 5.552783e-01 -1.322973e-03
7.740867e+00 7.774819e-01 -1.245101e-03
7.740867e+00 1.088445e+00 -1.126316e-03
7.740867e+00 1.523711e+00 -1.191301e-03
7.740867e+00 2.088426e+00 -1.276672e-03
7.740867e+00 2.685505e+00 -1.212658e-03
7.915684e+00 1.570796e-02 -5.357119e-04
7.915684e+00 2.346256e-02 -1.078238e-03
7.915684e+00 3.503514e-02 -1.753282e-03
7.915684e+00 5.263151e-02 -2.594869e-03
7.915684e+00 7.314235e-02 -4.324903e-03
7.915684e+00 1.025928e-01 -3.408090e-03
7.915684e+00 1.448116e-01 -4.099318e-03
7.915684e+00 2.023460e-01 -4.391172e-03
7.915684e+00 2.834245e-01 -4.431618e-03
7.915684e+00 3.967448e-01 -3.863635e-03
7.915684e+00 5.552783e-01 -3.614118e-03
7.915684e+00 7.774819e-01 -3.266860e-03
7.915684e+00 1.088445e+00 -2.967459e-03
7.915684e+00 1.523711e+00 -3.087956e-03
7.915684e+00 2.088426e+00 -3.258859e-03
7.915684e+00 2.685505e+00 -3.076970e-03
8.093998e+00 1.570796e-02 -5.844689e-04
8.093998e+00 2.346256e-02 -1.498103e-03
8.093998e+00 3.503514e-02 -2.782167e-03
8.093998e+00 5.263151e-02 -4.245948e-03
8.093998e+00 7.314235e-02 -7.148451e-03
8.093998e+00 1.025928e-01 -6.705231e-03
8.093998e+00 1.448116e-01 -8.055592e-03
8.093998e+00 2.023460e-01 -8.538032e-03
8.093998e+00 2.834245e-01 -8.672802e-03
8.093998e+00 3.967448e-01 -7.706103e-03
8.093998e+00 5.552783e-01 -7.113880e-03
8.093998e+00 7.774819e-01 -6.433782e-03
8.093998e+00 1.088445e+00 -5.806118e-03
8.093998e+00 1.523711e+00 -5.917602e-03
8.093998e+00 2.088426e+00 -6.198920e-03
8.093998e+00 2.685505e+00 -5.828583e-03
8.275878e+00 1.570796e-02 -6.094240e-04
8.275878e+00 2.346256e-02 -1.606045e-03
8.275878e+00 3.503514e-02 -3.295878e-03
8.275878e+00 5.263151e-02 -5.546219e-03
8.275878e+00 7.314235e-02 -9.568335e-03
8.275878e+00 1.025928e-01 -1.032104e-02
8.275878e+00 1.448116e-01 -1.264918e-02
8.275878e+00 2.023460e-01 -1.338858e-02
8.275878e+00 2.834245e-01 -1.370221e-02
8.275878e+00 3.967448e-01 -1.247892e-02
8.275878e+00 5.552783e-01 -1.167990e-02
8.275878e+00 7.774819e-01 -1.044800e-02
8.275878e+00 1.088445e+00 -9.440146e-03
8.275878e+00 1.523711e+00 -9.391202e-03
8.275878e+00 2.088426e+00 -9.698460e-03
8.275878e+00 2.685505e+00 -9.158316e-03
8.461396e+00 1.570796e-02 -6.327487e-04
8.461396e+00 2.346256e-02 -1.520427e-03
8.461396e+00 3.503514e-02 -3.359398e-03
8.461396e+00 5.263151e-02 -6.045661e-03
8.461396e+00 7.314235e-02 -1.094117e-02
8.461396e+00 1.025928e-01 -1.301973e-02
8.461396e+00 1.448116e-01 -1.699527e-02
8.461396e+00 2.023460e-01 -1.809077e-02
8.461396e+00 2.834245e-01 -1.866378e-02
8.461396e+00 3.967448e-01 -1.747662e-02
8.461396e+00 5.552783e-01 -1.643558e-02
8.461396e+00 7.774819e-01 -1.473037e-02
8.461396e+00 1.088445e+00 -1.328361e-02
8.461396e+00 1.523711e+00 -1.306676e-02
8.461396e+00 2.088426e+00 -1.334286e-02
8.461396e+00 2.685505e+00 -1.253753e-02
8.650623e+00 1.570796e-02 -5.852043e-04
8.650623e+00 2.346256e-02 -1.431452e-03
8.650623e+00 3.503514e-02 -3.141966e-03
8.650623e+00 5.263151e-02 -5.968490e-03
8.650623e+00 7.314235e-02 -1.128748e-02
8.650623e+00 1.025928e-01 -1.458503e-02
8.650623e+00 1.448116e-01 -1.988680e-02
8.650623e+00 2.023460e-01 -2.189349e-02
8.650623e+00 2.834245e-01 -2.293823e-02
8.650623e+00 3.967448e-01 -2.207050e-02
8.650623e+00 5.552783e-01 -2.090204e-02
8.650623e+00 7.774819e-01 -1.871602e-02
8.650623e+00 1.088445e+00 -1.693194e-02
8.650623e+00 1.523711e+00 -1.654115e-02
8.650623e+00 2.088426e+00 -1.671061e-02
8.650623e+00 2.685505e+00 -1.570329e-02
8.843636e+00 1.570796e-02 -5.200866e-04
8.843636e+00 2.346256e-02 -1.289863e-03
8.843636e+00 3.503514e-02 -2.915602e-03
8.843636e+00 5.263151e-02 -5.675739e-03
8.843636e+00 7.314235e-02 -1.095620e-02
8.843636e+00 1.025928e-01 -1.506689e-02
8.843636e+00 1.448116e-01 -2.135380e-02
8.843636e+00 2.023460e-01 -2.440484e-02
8.843636e+00 2.834245e-01 -2.610034e-02
8.843636e+00 3.967448e-01 -2.565471e-02
8.843636e+00 5.552783e-01 -2.460563e-02
8.843636e+00 7.774819e-01 -2.223632e-02
8.843636e+00 1.088445e+00 -2.011522e-02
8.843636e+00 1.523711e+00 -1.949349e-02
8.843636e+00 2.088426e+00 -1.953410e-02
8.843636e+00 2.685505e+00 -1.818935e-02
9.040509e+00 1.570796e-02 -4.663651e-04
9.040509e+00 2.346256e-02 -1.183245e-03
9.040509e+00 3.503514e-02 -2.587093e-03
9.040509e+00 5.263151e-02 -5.175864e-03
9.040509e+00 7.314235e-02 -1.019680e-02
9.040509e+00 1.025928e-01 -1.465810e-02
9.040509e+00 1.448116e-01 -2.163294e-02
9.040509e+00 2.023460e-01 -2.560131e-02
9.040509e+00 2.834245e-01 -2.808583e-02
9.040509e+00 3.967448e-01 -2.835744e-02
9.040509e+00 5.552783e-01 -2.753994e-02
9.040509e+00 7.774819e-01 -2.516489e-02
9.040509e+00 1.088445e+00 -2.275030e-02
9.040509e+00 1.523711e+00 -2.190304e-02
9.040509e+00 2.088426e+00 -2.170910e-02
9.040509e+00 2.685505e+00 -1.993543e-02
9.241319e+00 1.570796e-02 -4.211881e-04
9.241319e+00 2.346256e-02 -1.068997e-03
9.241319e+00 3.503514e-02 -2.242697e-03
9.241319e+00 5.263151e-02 -4.655385e-03
9.241319e+00 7.314235e-02 -9.311188e-03
9.241319e+00 1.025928e-01 -1.373962e-02
9.241319e+00 1.448116e-01 -2.104836e-02
9.241319e+00 2.023460e-01 -2.575624e-02
9.241319e+00 2.834245e-01 -2.909235e-02
9.241319e+00 3.967448e-01 -3.007711e-02
9.241319e+00 5.552783e-01 -2.960570e-02
9.241319e+00 7.774819e-01 -2.738856e-02
9.241319e+00 1.088445e+00 -2.487551e-02
9.241319e+00 1.523711e+00 -2.381793e-02
9.241319e+00 2.088426e+00 -2.336102e-02
9.241319e+00 2.685505e+00 -2.130849e-02
9.446145e+00 1.570796e-02 -3.795757e-04
9.446145e+00 2.346256e-02 -9.659248e-04
9.446145e+00 3.503514e-02 -1.968064e-03
9.446145e+00 5.263151e-02 -4.157090e-03
9.446145e+00 7.314235e-02 -8.353950e-03
9.446145e+00 1.025928e-01 -1.261384e-02
9.446145e+00 1.448116e-01 -1.978965e-02
9.446145e+00 2.023460e-01 -2.503105e-02
9.446145e+00 2.834245e-01 -2.913158e-02
9.446145e+00 3.967448e-01 -3.086211e-02
9.446145e+00 5.552783e-01 -3.091539e-02
9.446145e+00 7.774819e-01 -2.896157e-02
9.446145e+00 1.088445e+00 -2.647138e-02
9.446145e+00 1.523711e+00 -2.524162e-02
9.446145e+00 2.088426e+00 -2.454565e-02
9.446145e+00 2.685505e+00 -2.215171e-02
9.655068e+00 1.570796e-02 -3.339194e-04
9.655068e+00 2.346256e-02 -8.690618e-04
9.655068e+00 3.503514e-02 -1.748020e-03
9.655068e+00 5.263151e-02 -3.695837e-03
9.655068e+00 7.314235e-02 -7.425807e-03
9.655068e+00 1.025928e-01 -1.132516e-02
9.655068e+00 1.448116e-01 -1.813065e-02
9.655068e+00 2.023460e-01 -2.367691e-02
9.655068e+00 2.834245e-01 -2.844726e-02
9.655068e+00 3.967448e-01 -3.088406e-02
9.655068e+00 5.552783e-01 -3.150973e-02
9.655068e+00 7.774819e-01 -2.996434e-02
9.655068e+00 1.088445e+00 -2.758095e-02
9.655068e+00 1.523711e+00 -2.624138e-02
9.655068e+00 2.088426e+00 -2.539720e-02
9.655068e+00 2.685505e+00 -2.271416e-02
9.868170e+00 1.570796e-02 -2.905751e-04
9.868170e+00 2.346256e-02 -7.811902e-04
9.868170e+00 3.503514e-02 -1.549548e-03
9.868170e+00 5.263151e-02 -3.269412e-03
9.868170e+00 7.314235e-02 -6.582512e-03
9.868170e+00 1.025928e-01 -1.004560e-02
9.868170e+00 1.448116e-01 -1.636764e-02
9.868170e+00 2.023460e-01 -2.196816e-02
9.868170e+00 2.834245e-01 -2.719524e-02
9.868170e+00 3.967448e-01 -3.025090e-02
9.868170e+00 5.552783e-01 -3.142378e-02
9.868170e+00 7.774819e-01 -3.032107e-02
9.868170e+00 1.088445e+00 -2.817838e-02
9.868170e+00 1.523711e+00 -2.682638e-02
9.868170e+00 2.088426e+00 -2.594036e-02
9.868170e+00 2.685505e+00 -2.295046e-02
1.008553e+01 1.570796e-02 -2.498382e-04
1.008553e+01 2.346256e-02 -6.989535e-04
1.008553e+01 3.503514e-02 -1.371398e-03
1.008553e+01 5.263151e-02 -2.885333e-03
1.008553e+01 7.314235e-02 -5.803322e-03
1.008553e+01 1.025928e-01 -8.858572e-03
1.008553e+01 1.448116e-01 -1.461933e-02
1.008553e+01 2.023460e-01 -2.007610e-02
1.008553e+01 2.834245e-01 -2.551108e-02
1.008553e+01 3.967448e-01 -2.906091e-02
1.008553e+01 5.552783e-01 -3.073255e-02
1.008553e+01 7.774819e-01 -3.012098e-02
1.008553e+01 1.088445e+00 -2.835776e-02
1.008553e+01 1.523711e+00 -2.707993e-02
1.008553e+01 2.088426e+00 -2.610639e-02
1.008553e+01 2.685505e+00 -2.298650e-02
1.030724e+01 1.570796e-02 -2.169007e-04
1.030724e+01 2.346256e-02 -6.206047e-04
1.030724e+01 3.503514e-02 -1.208867e-03
1.030724e+01 5.263151e-02 -2.533502e-03
1.030724e+01 7.314235e-02 -5.097072e-03
1.030724e+01 1.025928e-01 -7.781415e-03
1.030724e+01 1.448116e-01 -1.295039e-02
1.030724e+01 2.023460e-01 -1.810614e-02
1.030724e+01 2.834245e-01 -2.353179e-02
1.030724e+01 3.967448e-01 -2.742658e-02
1.030724e+01 5.552783e-01 -2.959228e-02
1.030724e+01 7.774819e-01 -2.949952e-02
1.030724e+01 1.088445e+00 -2.812070e-02
1.030724e+01 1.523711e+00 -2.699278e-02
1.030724e+01 2.088426e+00 -2.604495e-02
1.030724e+01 2.685505e+00 -2.284014e-02
1.053339e+01 1.570796e-02 -1.906934e-04
1.053339e+01 2.346256e-02 -5.485724e-04
1.053339e+01 3.503514e-02 -1.068275e-03
1.053339e+01 5.263151e-02 -2.223406e-03
1.053339e+01 7.314235e-02 -4.469366e-03
1.053339e+01 1.025928e-01 -6.834516e-03
1.053339e+01 1.448116e-01 -1.141512e-02
1.053339e+01 2.023460e-01 -1.615259e-02
1.053339e+01 2.834245e-01 -2.140991e-02
1.053339e+01 3.967448e-01 -2.550385e-02
1.053339e+01 5.552783e-01 -2.803652e-02
1.053339e+01 7.774819e-01 -2.843967e-02
1.053339e+01 1.088445e+00 -2.753150e-02
1.053339e+01 1.523711e+00 -2.662582e-02
1.053339e+01 2.088426e+00 -2.578672e-02
1.053339e+01 2.685505e+00 -2.259153e-02
1.076406e+01 1.570796e-02 -1.674724e-04
1.076406e+01 2.346256e-02 -4.803326e-04
1.076406e+01 3.503514e-02 -9.437188e-04
1.076406e+01 5.263151e-02 -1.946482e-03
1.076406e+01 7.314235e-02 -3.913868e-03
1.076406e+01 1.025928e-01 -6.000921e-03
1.076406e+01 1.448116e-01 -1.001957e-02
1.076406e+01 2.023460e-01 -1.429352e-02
1.076406e+01 2.834245e-01 -1.925714e-02
1.076406e+01 3.967448e-01 -2.336054e-02
1.076406e+01 5.552783e-01 -2.619804e-02
1.076406e+01 7.774819e-01 -2.707375e-02
1.076406e+01 1.088445e+00 -2.663457e-02
1.076406e+01 1.523711e+00 -2.604975e-02
1.076406e+01 2.088426e+00 -2.536620e-02
1.076406e+01 2.685505e+00 -2.210216e-02
1.099934e+01 1.570796e-02 -1.466390e-04
1.099934e+01 2.346256e-02 -4.199615e-04
1.099934e+01 3.503514e-02 -8.349535e-04
1.099934e+01 5.263151e-02 -1.692497e-03
1.099934e+01 7.314235e-02 -3.418245e-03
1.099934e+01 1.025928e-01 -5.250243e-03
1.099934e+01 1.448116e-01 -8.751305e-03
1.099934e+01 2.023460e-01 -1.254573e-02
1.099934e+01 2.834245e-01 -1.714836e-02
1.099934e+01 3.967448e-01 -2.117149e-02
1.099934e+01 5.552783e-01 -2.416679e-02
1.099934e+01 7.774819e-01 -2.548260e-02
1.099934e+01 1.088445e+00 -2.548239e-02
1.099934e+01 1.523711e+00 -2.521831e-02
1.099934e+01 2.088426e+00 -2.466101e-02
1.099934e+01 2.685505e+00 -2.148763e-02
1.123932e+01 1.570796e-02 -1.275588e-04
1.123932e+01 2.346256e-02 -3.633801e-04
1.123932e+01 3.503514e-02 -7.301780e-04
1.123932e+01 5.263151e-02 -1.469141e-03
1.123932e+01 7.314235e-02 -2.970169e-03
1.123932e+01 1.025928e-01 -4.569720e-03
1.123932e+01 1.448116e-01 -7.610739e-03
1.123932e+01 2.023460e-01 -1.094866e-02
1.123932e+01 2.834245e-01 -1.514524e-02
1.123932e+01 3.967448e-01 -1.897486e-02
1.123932e+01 5.552783e-01 -2.207677e-02
1.123932e+01 7.774819e-01 -2.370430e-02
1.123932e+01 1.088445e+00 -2.413921e-02
1.123932e+01 1.523711e+00 -2.419974e-02
1.123932e+01 2.088426e+00 -2.382689e-02
1.123932e+01 2.685505e+00 -2.074344e-02
1.148411e+01 1.570796e-02 -1.122611e-04
1.148411e+01 2.346256e-02 -3.117753e-04
1.148411e+01 3.503514e-02 -6.346217e-04
1.148411e+01 5.263151e-02 -1.272848e-03
1.148411e+01 7.314235e-02 -2.578182e-03
1.148411e+01 1.025928e-01 -3.956446e-03
1.148411e+01 1.448116e-01 -6.591964e-03
1.148411e+01 2.023460e-01 -9.510524e-03
1.148411e+01 2.834245e-01 -1.328077e-02
1.148411e+01 3.967448e-01 -1.685832e-02
1.148411e+01 5.552783e-01 -1.995690e-02
1.148411e+01 7.774819e-01 -2.183589e-02
1.148411e+01 1.088445e+00 -2.266597e-02
1.148411e+01 1.523711e+00 -2.304426e-02
1.148411e+01 2.088426e+00 -2.290675e-02
1.148411e+01 2.685505e+00 -1.997408e-02
1.173379e+01 1.570796e-02 -9.707533e-05
1.173379e+01 2.346256e-02 -2.654788e-04
1.173379e+01 3.503514e-02 -5.482801e-04
1.173379e+01 5.263151e-02 -1.101406e-03
1.173379e+01 7.314235e-02 -2.226214e-03
1.173379e+01 1.025928e-01 -3.410962e-03
1.173379e+01 1.448116e-01 -5.683732e-03
1.173379e+01 2.023460e-01 -8.224942e-03
1.173379e+01 2.834245e-01 -1.155210e-02
1.173379e+01 3.967448e-01 -1.485570e-02
1.173379e+01 5.552783e-01 -1.786312e-02
1.173379e+01 7.774819e-01 -1.992841e-02
1.173379e+01 1.088445e+00 -2.107870e-02
1.173379e+01 1.523711e+00 -2.174643e-02
1.173379e+01 2.088426e+00 -2.186574e-02
1.173379e+01 2.685505e+00 -1.915696e-02
1.198847e+01 1.570796e-02 -8.397004e-05
1.198847e+01 2.346256e-02 -2.242584e-04
1.198847e+01 3.503514e-02 -4.727534e-04
1.198847e+01 5.263151e-02 -9.516845e-04
1.198847e+01 7.314235e-02 -1.914028e-03
1.198847e+01 1.025928e-01 -2.926381e-03
1.198847e+01 1.448116e-01 -4.872105e-03
1.198847e+01 2.023460e-01 -7.089232e-03
1.198847e+01 2.834245e-01 -9.998009e-03
1.198847e+01 3.967448e-01 -1.298966e-02
1.198847e+01 5.552783e-01 -1.586101e-02
1.198847e+01 7.774819e-01 -1.803718e-02
1.198847e+01 1.088445e+00 -1.943809e-02
1.198847e+01 1.523711e+00 -2.037251e-02
1.198847e+01 2.088426e+00 -2.068778e-02
1.198847e+01 2.685505e+00 -1.813617e-02
1.224824e+01 1.570796e-02 -7.214696e-05
1.224824e+01 2.346256e-02 -1.905094e-04
1.224824e+01 3.503514e-02 -4.046369e-04
1.224824e+01 5.263151e-02 -8.165917e-04
1.224824e+01 7.314235e-02 -1.637661e-03
1.224824e+01 1.025928e-01 -2.502867e-03
1.224824e+01 1.448116e-01 -4.167582e-03
1.224824e+01 2.023460e-01 -6.081467e-03
1.224824e+01 2.834245e-01 -8.603328e-03
1.224824e+01 3.967448e-01 -1.127668e-02
1.224824e+01 5.552783e-01 -1.396444e-02
1.224824e+01 7.774819e-01 -1.616597e-02
1.224824e+01 1.088445e+00 -1.776630e-02
1.224824e+01 1.523711e+00 -1.890865e-02
1.224824e+01 2.088426e+00 -1.937389e-02
1.224824e+01 2.685505e+00 -1.692303e-02
1.251320e+01 1.570796e-02 -6.153683e-05
1.251320e+01 2.346256e-02 -1.618199e-04
1.251320e+01 3.503514e-02 -3.459766e-04
1.251320e+01 5.263151e-02 -6.963649e-04
1.251320e+01 7.314235e-02 -1.396453e-03
1.251320e+01 1.025928e-01 -2.133631e-03
1.251320e+01 1.448116e-01 -3.552663e-03
1.251320e+01 2.023460e-01 -5.199461e-03
1.251320e+01 2.834245e-01 -7.359845e-03
1.251320e+01 3.967448e-01 -9.729919e-03
1.251320e+01 5.552783e-01 -1.218959e-02
1.251320e+01 7.774819e-01 -1.437565e-02
1.251320e+01 1.088445e+00 -1.609544e-02
1.251320e+01 1.523711e+00 -1.742505e-02
1.251320e+01 2.088426e+00 -1.807627e-02
1.251320e+01 2.685505e+00 -1.572518e-02
1.278347e+01 1.570796e-02 -5.243297e-05
1.278347e+01 2.346256e-02 -1.374947e-04
1.278347e+01 3.503514e-02 -2.937892e-04
1.278347e+01 5.263151e-02 -5.917080e-04
1.278347e+01 7.314235e-02 -1.184361e-03
1.278347e+01 1.025928e-01 -1.812832e-03
1.278347e+01 1.448116e-01 -3.018180e-03
1.278347e+01 2.023460e-01 -4.422031e-03
1.278347e+01 2.834245e-01 -6.271631e-03
1.278347e+01 3.967448e-01 -8.339671e-03
1.278347e+01 5.552783e-01 -1.056956e-02
1.278347e+01 7.774819e-01 -1.267806e-02
1.278347e+01 1.088445e+00 -1.446607e-02
1.278347e+01 1.523711e+00 -1.592800e-02
1.278347e+01 2.088426e+00 -1.671815e-02
1.278347e+01 2.685505e+00 -1.456911e-02
1.305914e+01 1.570796e-02 -4.434206e-05
1.305914e+01 2.346256e-02 -1.154714e-04
1.305914e+01 3.503514e-02 -2.488556e-04
1.305914e+01 5.263151e-02 -5.003791e-04
1.305914e+01 7.314235e-02 -1.002114e-03
1.305914e+01 1.025928e-01 -1.534747e-03
1.305914e+01 1.448116e-01 -2.559501e-03
1.305914e+01 2.023460e-01 -3.745306e-03
1.305914e+01 2.834245e-01 -5.321838e-03
1.305914e+01 3.967448e-01 -7.117653e-03
1.305914e+01 5.552783e-01 -9.117357e-03
1.305914e+01 7.774819e-01 -1.111628e-02
1.305914e+01 1.088445e+00 -1.292014e-02
1.305914e+01 1.523711e+00 -1.450232e-02
1.305914e+01 2.088426e+00 -1.537195e-02
1.305914e+01 2.685505e+00 -1.343818e-02
1.334032e+01 1.570796e-02 -3.782032e-05
1.334032e+01 2.346256e-02 -9.657677e-05
1.334032e+01 3.503514e-02 -2.084500e-04
1.334032e+01 5.263151e-02 -4.187090e-04
1.334032e+01 7.314235e-02 -8.442965e-04
1.334032e+01 1.025928e-01 -1.294398e-03
1.334032e+01 1.448116e-01 -2.148469e-03
1.334032e+01 2.023460e-01 -3.155113e-03
1.334032e+01 2.834245e-01 -4.491456e-03
1.334032e+01 3.967448e-01 -6.037709e-03
1.334032e+01 5.552783e-01 -7.799636e-03
1.334032e+01 7.774819e-01 -9.671576e-03
1.334032e+01 1.088445e+00 -1.144524e-02
1.334032e+01 1.523711e+00 -1.305365e-02
1.334032e+01 2.088426e+00 -1.396928e-02
1.334032e+01 2.685505e+00 -1.221289e-02
1.362713e+01 1.570796e-02 -3.158534e-05
1.362713e+01 2.346256e-02 -8.018417e-05
1.362713e+01 3.503514e-02 -1.739684e-04
1.362713e+01 5.263151e-02 -3.487641e-04
1.362713e+01 7.314235e-02 -7.028887e-04
1.362713e+01 1.025928e-01 -1.081066e-03
1.362713e+01 1.448116e-01 -1.791768e-03
1.362713e+01 2.023460e-01 -2.635478e-03
1.362713e+01 2.834245e-01 -3.763281e-03
1.362713e+01 3.967448e-01 -5.073453e-03
1.362713e+01 5.552783e-01 -6.613394e-03
1.362713e+01 7.774819e-01 -8.324397e-03
1.362713e+01 1.088445e+00 -1.003889e-02
1.362713e+01 1.523711e+00 -1.160831e-02
1.362713e+01 2.088426e+00 -1.254309e-02
1.362713e+01 2.685505e+00 -1.098037e-02
1.391967e+01 1.570796e-02 -2.655388e-05
1.391967e+01 2.346256e-02 -6.628949e-05
1.391967e+01 3.503514e-02 -1.448975e-04
1.391967e+01 5.263151e-02 -2.867596e-04
1.391967e+01 7.314235e-02 -5.839675e-04
1.391967e+01 1.025928e-01 -8.966130e-04
1.391967e+01 1.448116e-01 -1.487564e-03
1.391967e+01 2.023460e-01 -2.191870e-03
1.391967e+01 2.834245e-01 -3.130108e-03
1.391967e+01 3.967448e-01 -4.234292e-03
1.391967e+01 5.552783e-01 -5.566345e-03
1.391967e+01 7.774819e-01 -7.115570e-03
1.391967e+01 1.088445e+00 -8.727877e-03
1.391967e+01 1.523711e+00 -1.024535e-02
1.391967e+01 2.088426e+00 -1.114307e-02
1.391967e+01 2.685505e+00 -9.789992e-03
1.421806e+01 1.570796e-02 -2.204753e-05
1.421806e+01 2.346256e-02 -5.382274e-05
1.421806e+01 3.503514e-02 -1.196848e-04
1.421806e+01 5.263151e-02 -2.371719e-04
1.421806e+01 7.314235e-02 -4.796057e-04
1.421806e+01 1.025928e-01 -7.372238e-04
1.421806e+01 1.448116e-01 -1.223195e-03
1.421806e+01 2.023460e-01 -1.808198e-03
1.421806e+01 2.834245e-01 -2.586169e-03
1.421806e+01 3.967448e-01 -3.511557e-03
1.421806e+01 5.552783e-01 -4.653630e-03
1.421806e+01 7.774819e-01 -6.034125e-03
1.421806e+01 1.088445e+00 -7.523693e-03
1.421806e+01 1.523711e+00 -8.971092e-03
1.421806e+01 2.088426e+00 -9.845361e-03
1.421806e+01 2.685505e+00 -8.697396e-03
1.452242e+01 1.570796e-02 -1.806710e-05
1.452242e+01 2.346256e-02 -4.385114e-05
1.452242e+01 3.503514e-02 -9.829683e-05
1.452242e+01 5.263151e-02 -1.944958e-04
1.452242e+01 7.314235e-02 -3.923574e-04
1.452242e+01 1.025928e-01 -6.041668e-04
1.452242e+01 1.448116e-01 -1.003510e-03
1.452242e+01 2.023460e-01 -1.483866e-03
1.452242e+01 2.834245e-01 -2.125265e-03
1.452242e+01 3.967448e-01 -2.890112e-03
1.452242e+01 5.552783e-01 -3.870595e-03
1.452242e+01 7.774819e-01 -5.075422e-03
1.452242e+01 1.088445e+00 -6.436500e-03
1.452242e+01 1.523711e+00 -7.784895e-03
1.452242e+01 2.088426e+00 -8.635012e-03
1.452242e+01 2.685505e+00 -7.691007e-03
1.483287e+01 1.570796e-02 -1.459791e-05
1.483287e+01 2.346256e-02 -3.534530e-05
1.483287e+01 3.503514e-02 -7.997285e-05
1.483287e+01 5.263151e-02 -1.576173e-04
1.483287e+01 7.314235e-02 -3.181424e-04
1.483287e+01 1.025928e-01 -4.922762e-04
1.483287e+01 1.448116e-01 -8.176663e-04
1.483287e+01 2.023460e-01 -1.207972e-03
1.483287e+01 2.834245e-01 -1.731355e-03
1.483287e+01 3.967448e-01 -2.367046e-03
1.483287e+01 5.552783e-01 -3.192684e-03
1.483287e+01 7.774819e-01 -4.240986e-03
1.483287e+01 1.088445e+00 -5.463528e-03
1.483287e+01 1.523711e+00 -6.702161e-03
1.483287e+01 2.088426e+00 -7.508336e-03
1.483287e+01 2.685505e+00 -6.761640e-03
1.514953e+01 1.570796e-02 -1.185971e-05
1.514953e+01 2.346256e-02 -2.857198e-05
1.514953e+01 3.503514e-02 -6.465089e-05
1.514953e+01 5.263151e-02 -1.279137e-04
1.514953e+01 7.314235e-02 -2.574278e-04
1.514953e+01 1.025928e-01 -3.957605e-04
1.514953e+01 1.448116e-01 -6.618572e-04
1.514953e+01 2.023460e-01 -9.796383e-04
1.514953e+01 2.834245e-01 -1.404341e-03
1.514953e+01 3.967448e-01 -1.927192e-03
1.514953e+01 5.552783e-01 -2.617321e-03
1.514953e+01 7.774819e-01 -3.520093e-03
1.514953e+01 1.088445e+00 -4.601235e-03
1.514953e+01 1.523711e+00 -5.732188e-03
1.514953e+01 2.088426e+00 -6.492907e-03
1.514953e+01 2.685505e+00 -5.889673e-03
1.547252e+01 1.570796e-02 -9.544774e-06
1.547252e+01 2.346256e-02 -2.329461e-05
1.547252e+01 3.503514e-02 -5.211435e-05
1.547252e+01 5.263151e-02 -1.025173e-04
1.547252e+01 7.314235e-02 -2.065697e-04
1.547252e+01 1.025928e-01 -3.188760e-04
1.547252e+01 1.448116e-01 -5.338808e-04
1.547252e+01 2.023460e-01 -7.867736e-04
1.547252e+01 2.834245e-01 -1.129395e-03
1.547252e+01 3.967448e-01 -1.558277e-03
1.547252e+01 5.552783e-01 -2.133294e-03
1.547252e+01 7.774819e-01 -2.901889e-03
1.547252e+01 1.088445e+00 -3.840794e-03
1.547252e+01 1.523711e+00 -4.858974e-03
1.547252e+01 2.088426e+00 -5.562012e-03
1.547252e+01 2.685505e+00 -5.104358e-03
1.580197e+01 1.570796e-02 -7.758558e-06
1.580197e+01 2.346256e-02 -1.856603e-05
1.580197e+01 3.503514e-02 -4.191740e-05
1.580197e+01 5.263151e-02 -8.164473e-05
1.580197e+01 7.314235e-02 -1.657961e-04
1.580197e+01 1.025928e-01 -2.556091e-04
1.580197e+01 1.448116e-01 -4.263518e-04
1.580197e+01 2.023460e-01 -6.302001e-04
1.580197e+01 2.834245e-01 -9.048854e-04
1.580197e+01 3.967448e-01 -1.254089e-03
1.580197e+01 5.552783e-01 -1.730716e-03
1.580197e+01 7.774819e-01 -2.382824e-03
1.580197e+01 1.088445e+00 -3.200357e-03
1.580197e+01 1.523711e+00 -4.097067e-03
1.580197e+01 2.088426e+00 -4.756750e-03
1.580197e+01 2.685505e+00 -4.432855e-03
1.613801e+01 1.570796e-02 -6.184889e-06
1.613801e+01 2.346256e-02 -1.467990e-05
1.613801e+01 3.503514e-02 -3.314158e-05
1.613801e+01 5.263151e-02 -6.470524e-05
1.613801e+01 7.314235e-02 -1.311246e-04
1.613801e+01 1.025928e-01 -2.032856e-04
1.613801e+01 1.448116e-01 -3.387348e-04
1.613801e+01 2.023460e-01 -5.004370e-04
1.613801e+01 2.834245e-01 -7.222375e-04
1.613801e+01 3.967448e-01 -1.006626e-03
1.613801e+01 5.552783e-01 -1.393198e-03
1.613801e+01 7.774819e-01 -1.943311e-03
1.613801e+01 1.088445e+00 -2.653791e-03
1.613801e+01 1.523711e+00 -3.433862e-03
1.613801e+01 2.088426e+00 -4.037409e-03
1.613801e+01 2.685505e+00 -3.823026e-03
1.648077e+01 1.570796e-02 -4.906437e-06
1.648077e+01 2.346256e-02 -1.146315e-05
1.648077e+01 3.503514e-02 -2.604457e-05
1.648077e+01 5.263151e-02 -5.135770e-05
1.648077e+01 7.314235e-02 -1.039160e-04
1.648077e+01 1.025928e-01 -1.602262e-04
1.648077e+01 1.448116e-01 -2.682434e-04
1.648077e+01 2.023460e-01 -3.954938e-04
1.648077e+01 2.834245e-01 -5.720476e-04
1.648077e+01 3.967448e-01 -8.014215e-04
1.648077e+01 5.552783e-01 -1.116225e-03
1.648077e+01 7.774819e-01 -1.577800e-03
1.648077e+01 1.088445e+00 -2.175709e-03
1.648077e+01 1.523711e+00 -2.849434e-03
1.648077e+01 2.088426e+00 -3.391938e-03
1.648077e+01 2.685505e+00 -3.247247e-03
1.683038e+01 1.570796e-02 -3.901168e-06
1.683038e+01 2.346256e-02 -8.982363e-06
1.683038e+01 3.503514e-02 -2.056014e-05
1.683038e+01 5.263151e-02 -4.051594e-05
1.683038e+01 7.314235e-02 -8.127842e-05
1.683038e+01 1.025928e-01 -1.254096e-04
1.683038e+01 1.448116e-01 -2.108063e-04
1.683038e+01 2.023460e-01 -3.118095e-04
1.683038e+01 2.834245e-01 -4.502718e-04
1.683038e+01 3.967448e-01 -6.327339e-04
1.683038e+01 5.552783e-01 -8.911657e-04
1.683038e+01 7.774819e-01 -1.271268e-03
1.683038e+01 1.088445e+00 -1.777698e-03
1.683038e+01 1.523711e+00 -2.355429e-03
1.683038e+01 2.088426e+00 -2.848954e-03
1.683038e+01 2.685505e+00 -2.767870e-03
1.718699e+01 1.570796e-02 -3.107307e-06
1.718699e+01 2.346256e-02 -6.760397e-06
1.718699e+01 3.503514e-02 -1.637936e-05
1.718699e+01 5.263151e-02 -3.145356e-05
1.718699e+01 7.314235e-02 -6.391502e-05
1.718699e+01 1.025928e-01 -9.872795e-05
1.718699e+01 1.448116e-01 -1.646240e-04
1.718699e+01 2.023460e-01 -2.454294e-04
1.718699e+01 2.834245e-01 -3.541869e-04
1.718699e+01 3.967448e-01 -4.996508e-04
1.718699e+01 5.552783e-01 -7.076756e-04
1.718699e+01 7.774819e-01 -1.024333e-03
1.718699e+01 1.088445e+00 -1.440584e-03
1.718699e+01 1.523711e+00 -1.927308e-03
1.718699e+01 2.088426e+00 -2.368127e-03
1.718699e+01 2.685505e+00 -2.320301e-03
1.755073e+01 1.570796e-02 -2.484771e-06
1.755073e+01 2.346256e-02 -5.073907e-06
1.755073e+01 3.503514e-02 -1.288539e-05
1.755073e+01 5.263151e-02 -2.456515e-05
1.755073e+01 7.314235e-02 -4.909910e-05
1.755073e+01 1.025928e-01 -7.668577e-05
1.755073e+01 1.448116e-01 -1.279887e-04
1.755073e+01 2.023460e-01 -1.908906e-04
1.755073e+01 2.834245e-01 -2.763497e-04
1.755073e+01 3.967448e-01 -3.911756e-04
1.755073e+01 5.552783e-01 -5.600669e-04
1.755073e+01 7.774819e-01 -8.164337e-04
1.755073e+01 1.088445e+00 -1.158868e-03
1.755073e+01 1.523711e+00 -1.564214e-03
1.755073e+01 2.088426e+00 -1.948332e-03
1.755073e+01 2.685505e+00 -1.926810e-03
1.792175e+01 1.570796e-02 -1.966079e-06
1.792175e+01 2.346256e-02 -3.744808e-06
1.792175e+01 3.503514e-02 -9.957507e-06
1.792175e+01 5.263151e-02 -1.900936e-05
1.792175e+01 7.314235e-02 -3.756065e-05
1.792175e+01 1.025928e-01 -5.914193e-05
1.792175e+01 1.448116e-01 -9.847645e-05
1.792175e+01 2.023460e-01 -1.478840e-04
1.792175e+01 2.834245e-01 -2.136795e-04
1.792175e+01 3.967448e-01 -3.047316e-04
1.792175e+01 5.552783e-01 -4.391495e-04
1.792175e+01 7.774819e-01 -6.476479e-04
1.792175e+01 1.088445e+00 -9.240907e-04
1.792175e+01 1.523711e+00 -1.263777e-03
1.792175e+01 2.088426e+00 -1.586242e-03
1.792175e+01 2.685505e+00 -1.584064e-03
1.830018e+01 1.570796e-02 -1.551122e-06
1.830018e+01 2.346256e-02 -2.870824e-06
1.830018e+01 3.503514e-02 -7.456070e-06
1.830018e+01 5.263151e-02 -1.462547e-05
1.830018e+01 7.314235e-02 -2.899217e-05
1.830018e+01 1.025928e-01 -4.562375e-05
1.830018e+01 1.448116e-01 -7.643634e-05
1.830018e+01 2.023460e-01 -1.140261e-04
1.830018e+01 2.834245e-01 -1.650515e-04
1.830018e+01 3.967448e-01 -2.371993e-04
1.830018e+01 5.552783e-01 -3.443181e-04
1.830018e+01 7.774819e-01 -5.137320e-04
1.830018e+01 1.088445e+00 -7.371909e-04
1.830018e+01 1.523711e+00 -1.019848e-03
1.830018e+01 2.088426e+00 -1.290122e-03
1.830018e+01 2.685505e+00 -1.301808e-03
1.868618e+01 1.570796e-02 -1.180352e-06
1.868618e+01 2.346256e-02 -2.144833e-06
1.868618e+01 3.503514e-02 -5.642101e-06
1.868618e+01 5.263151e-02 -1.114137e-05
1.868618e+01 7.314235e-02 -2.211292e-05
1.868618e+01 1.025928e-01 -3.479921e-05
1.868618e+01 1.448116e-01 -5.797466e-05
1.868618e+01 2.023460e-01 -8.766680e-05
1.868618e+01 2.834245e-01 -1.264035e-04
1.868618e+01 3.967448e-01 -1.825917e-04
1.868618e+01 5.552783e-01 -2.677914e-04
1.868618e+01 7.774819e-01 -4.019336e-04
1.868618e+01 1.088445e+00 -5.811535e-04
1.868618e+01 1.523711e+00 -8.116318e-04
1.868618e+01 2.088426e+00 -1.039254e-03
1.868618e+01 2.685505e+00 -1.048784e-03
1.907991e+01 1.570796e-02 -8.931344e-07
1.907991e+01 2.346256e-02 -1.568793e-06
1.907991e+01 3.503514e-02 -4.323578e-06
1.907991e+01 5.263151e-02 -8.336082e-06
1.907991e+01 7.314235e-02 -1.666680e-05
1.907991e+01 1.025928e-01 -2.632757e-05
1.907991e+01 1.448116e-01 -4.358812e-05
1.907991e+01 2.023460e-01 -6.636697e-05
1.907991e+01 2.834245e-01 -9.561832e-05
1.907991e+01 3.967448e-01 -1.398618e-04
1.907991e+01 5.552783e-01 -2.060757e-04
1.907991e+01 7.774819e-01 -3.126005e-04
1.907991e+01 1.088445e+00 -4.519545e-04
1.907991e+01 1.523711e+00 -6.351874e-04
1.907991e+01 2.088426e+00 -8.252775e-04
1.907991e+01 2.685505e+00 -8.286963e-04
1.948151e+01 1.570796e-02 -6.674875e-07
1.948151e+01 2.346256e-02 -1.144707e-06
1.948151e+01 3.503514e-02 -3.301450e-06
1.948151e+01 5.263151e-02 -6.354296e-06
1.948151e+01 7.314235e-02 -1.253310e-05
1.948151e+01 1.025928e-01 -1.964895e-05
1.948151e+01 1.448116e-01 -3.265099e-05
1.948151e+01 2.023460e-01 -4.970940e-05
1.948151e+01 2.834245e-01 -7.211835e-05
1.948151e+01 3.967448e-01 -1.057027e-04
1.948151e+01 5.552783e-01 -1.576774e-04
1.948151e+01 7.774819e-01 -2.396317e-04
1.948151e+01 1.088445e+00 -3.470182e-04
1.948151e+01 1.523711e+00 -4.898179e-04
1.948151e+01 2.088426e+00 -6.419624e-04
1.948151e+01 2.685505e+00 -6.444665e-04
1.989114e+01 1.570796e-02 -5.034017e-07
1.989114e+01 2.346256e-02 -7.801960e-07
1.989114e+01 3.503514e-02 -2.426698e-06
1.989114e+01 5.263151e-02 -4.621413e-06
1.989114e+01 7.314235e-02 -9.259569e-06
1.989114e+01 1.025928e-01 -1.422238e-05
1.989114e+01 1.448116e-01 -2.401216e-05
1.989114e+01 2.023460e-01 -3.666543e-05
1.989114e+01 2.834245e-01 -5.332532e-05
1.989114e+01 3.967448e-01 -7.902512e-05
1.989114e+01 5.552783e-01 -1.191251e-04
1.989114e+01 7.774819e-01 -1.815334e-04
1.989114e+01 1.088445e+00 -2.633456e-04
1.989114e+01 1.523711e+00 -3.746718e-04
1.989114e+01 2.088426e+00 -4.938072e-04
1.989114e+01 2.685505e+00 -4.949025e-04
2.030896e+01 1.570796e-02 -3.587153e-07
2.030896e+01 2.346256e-02 -5.451942e-07
2.030896e+01 3.503514e-02 -1.739808e-06
2.030896e+01 5.263151e-02 -3.328900e-06
2.030896e+01 7.314235e-02 -6.506436e-06
2.030896e+01 1.025928e-01 -1.036152e-05
2.030896e+01 1.448116e-01 -1.747243e-05
2.030896e+01 2.023460e-01 -2.673130e-05
2.030896e+01 2.834245e-01 -3.890041e-05
2.030896e+01 3.967448e-01 -5.797564e-05
2.030896e+01 5.552783e-01 -8.858813e-05
2.030896e+01 7.774819e-01 -1.355508e-04
2.030896e+01 1.088445e+00 -1.976419e-04
2.030896e+01 1.523711e+00 -2.829686e-04
2.030896e+01 2.088426e+00 -3.737578e-04
2.030896e+01 2.685505e+00 -3.720399e-04
2.073514e+01 1.570796e-02 -2.600054e-07
2.073514e+01 2.346256e-02 -3.900524e-07
2.073514e+01 3.503514e-02 -1.255279e-06
2.073514e+01 5.263151e-02 -2.388944e-06
2.073514e+01 7.314235e-02 -4.805866e-06
2.073514e+01 1.025928e-01 -7.292443e-06
2.073514e+01 1.448116e-01 -1.245835e-05
2.073514e+01 2.023460e-01 -1.938450e-05
2.073514e+01 2.834245e-01 -2.817000e-05
2.073514e+01 3.967448e-01 -4.182066e-05
2.073514e+01 5.552783e-01 -6.439113e-05
2.073514e+01 7.774819e-01 -9.878325e-05
2.073514e+01 1.088445e+00 -1.445399e-04
2.073514e+01 1.523711e+00 -2.081865e-04
2.073514e+01 2.088426e+00 -2.734051e-04
2.073514e+01 2.685505e+00 -2.659026e-04
2.116984e+01 1.570796e-02 -1.905868e-07
2.116984e+01 2.346256e-02 -2.168665e-07
2.116984e+01 3.503514e-02 -8.868296e-07
2.116984e+01 5.263151e-02 -1.610767e-06
2.116984e+01 7.314235e-02 -3.220802e-06
2.116984e+01 1.025928e-01 -4.907490e-06
2.116984e+01 1.448116e-01 -8.650566e-06
2.116984e+01 2.023460e-01 -1.334010e-05
2.116984e+01 2.834245e-01 -1.953938e-05
2.116984e+01 3.967448e-01 -2.923457e-05
2.116984e+01 5.552783e-01 -4.508322e-05
2.116984e+01 7.774819e-01 -6.923887e-05
2.116984e+01 1.088445e+00 -1.019582e-04
2.116984e+01 1.523711e+00 -1.478771e-04
2.116984e+01 2.088426e+00 -1.940371e-04
2.116984e+01 2.685505e+00 -1.882493e-04
2.161324e+01 1.570796e-02 -1.366209e-07
2.161324e+01 2.346256e-02 -1.064436e-07
2.161324e+01 3.503514e-02 -5.830678e-07
2.161324e+01 5.263151e-02 -1.115699e-06
2.161324e+01 7.314235e-02 -2.166866e-06
2.161324e+01 1.025928e-01 -3.337792e-06
2.161324e+01 1.448116e-01 -5.913746e-06
2.161324e+01 2.023460e-01 -8.949160e-06
2.161324e+01 2.834245e-01 -1.339170e-05
2.161324e+01 3.967448e-01 -2.005083e-05
2.161324e+01 5.552783e-01 -3.074756e-05
2.161324e+01 7.774819e-01 -4.779897e-05
2.161324e+01 1.088445e+00 -6.994835e-05
2.161324e+01 1.523711e+00 -1.020937e-04
2.161324e+01 2.088426e+00 -1.340486e-04
2.161324e+01 2.685505e+00 -1.299119e-04
2.206550e+01 1.570796e-02 -9.874309e-08
2.206550e+01 2.346256e-02 -7.346793e-08
2.206550e+01 3.503514e-02 -3.869986e-07
2.206550e+01 5.263151e-02 -7.177055e-07
2.206550e+01 7.314235e-02 -1.434487e-06
2.206550e+01 1.025928e-01 -2.200825e-06
2.206550e+01 1.448116e-01 -3.967766e-06
2.206550e+01 2.023460e-01 -5.931033e-06
2.206550e+01 2.834245e-01 -8.879356e-06
2.206550e+01 3.967448e-01 -1.352702e-05
2.206550e+01 5.552783e-01 -2.105675e-05
2.206550e+01 7.774819e-01 -3.232518e-05
2.206550e+01 1.088445e+00 -4.731925e-05
2.206550e+01 1.523711e+00 -6.892978e-05
2.206550e+01 2.088426e+00 -9.093264e-05
2.206550e+01 2.685505e+00 -8.659719e-05
2.252681e+01 1.570796e-02 -6.297194e-08
2.252681e+01 2.346256e-02 -3.939861e-08
2.252681e+01 3.503514e-02 -2.459229e-07
2.252681e+01 5.263151e-02 -4.723221e-07
2.252681e+01 7.314235e-02 -9.331822e-07
2.252681e+01 1.025928e-01 -1.407078e-06
2.252681e+01 1.448116e-01 -2.521859e-06
2.252681e+01 2.023460e-01 -3.848542e-06
2.252681e+01 2.834245e-01 -5.744252e-06
2.252681e+01 3.967448e-01 -8.874744e-06
2.252681e+01 5.552783e-01 -1.393439e-05
2.252681e+01 7.774819e-01 -2.140132e-05
2.252681e+01 1.088445e+00 -3.130986e-05
2.252681e+01 1.523711e+00 -4.589968e-05
2.252681e+01 2.088426e+00 -6.071574e-05
2.252681e+01 2.685505e+00 -5.830967e-05
2.299735e+01 1.570796e-02 -4.022037e-08
2.299735e+01 2.346256e-02 -2.647464e-08
2.299735e+01 3.503514e-02 -1.508024e-07
2.299735e+01 5.263151e-02 -2.840197e-07
2.299735e+01 7.314235e-02 -5.897811e-07
2.299735e+01 1.025928e-01 -8.820789e-07
2.299735e+01 1.448116e-01 -1.635179e-06
2.299735e+01 2.023460e-01 -2.427685e-06
2.299735e+01 2.834245e-01 -3.650588e-06
2.299735e+01 3.967448e-01 -5.838315e-06
2.299735e+01 5.552783e-01 -9.156706e-06
2.299735e+01 7.774819e-01 -1.400153e-05
2.299735e+01 1.088445e+00 -2.036857e-05
2.299735e+01 1.523711e+00 -2.997619e-05
2.299735e+01 2.088426e+00 -3.977798e-05
2.299735e+01 2.685505e+00 -3.786609e-05
2.347730e+01 1.570796e-02 -3.012997e-08
2.347730e+01 2.346256e-02 -1.595953e-08
2.347730e+01 3.503514e-02 -9.689793e-08
2.347730e+01 5.263151e-02 -1.762695e-07
2.347730e+01 7.314235e-02 -3.726949e-07
2.347730e+01 1.025928e-01 -5.483875e-07
2.347730e+01 1.448116e-01 -9.980780e-07
2.347730e+01 2.023460e-01 -1.538628e-06
2.347730e+01 2.834245e-01 -2.287125e-06
2.347730e+01 3.967448e-01 -3.671076e-06
2.347730e+01 5.552783e-01 -5.879383e-06
2.347730e+01 7.774819e-01 -8.949575e-06
2.347730e+01 1.088445e+00 -1.293568e-05
2.347730e+01 1.523711e+00 -1.935595e-05
2.347730e+01 2.088426e+00 -2.569130e-05
2.347730e+01 2.685505e+00 -2.360230e-05
2.396684e+01 1.570796e-02 -1.822099e-08
2.396684e+01 2.346256e-02 -1.500295e-08
2.396684e+01 3.503514e-02 -5.780921e-08
2.396684e+01 5.263151e-02 -1.028994e-07
2.396684e+01 7.314235e-02 -2.318367e-07
2.396684e+01 1.025928e-01 -3.300391e-07
2.396684e+01 1.448116e-01 -6.125729e-07
2.396684e+01 2.023460e-01 -9.333080e-07
2.396684e+01 2.834245e-01 -1.413366e-06
2.396684e+01 3.967448e-01 -2.280425e-06
2.396684e+01 5.552783e-01 -3.633324e-06
2.396684e+01 7.774819e-01 -5.622398e-06
2.396684e+01 1.088445e+00 -8.092870e-06
2.396684e+01 1.523711e+00 -1.222552e-05
2.396684e+01 2.088426e+00 -1.616031e-05
2.396684e+01 2.685505e+00 -1.512961e-05
2.446618e+01 1.570796e-02 3.181510e-10
2.446618e+01 2.346256e-02 8.110864e-10
2.446618e+01 3.503514e-02 1.639019e-09
2.446618e+01 5.263151e-02 3.345284e-09
2.446618e+01 7.314235e-02 7.039664e-09
2.446618e+01 1.025928e-01 1.047456e-08
2.446618e+01 1.448116e-01 1.791921e-08
2.446618e+01 2.023460e-01 2.673378e-08
2.446618e+01 2.834245e-01 4.022465e-08
2.446618e+01 3.967448e-01 5.871607e-08
2.446618e+01 5.552783e-01 8.363205e-08
2.446618e+01 7.774819e-01 1.093760e-07
2.446618e+01 1.088445e+00 1.223172e-07
2.446618e+01 1.523711e+00 1.085916e-07
2.446618e+01 2.088426e+00 7.379133e-08
2.446618e+01 2.685505e+00 3.536998e-08
2.497550e+01 1.570796e-02 2.960158e-10
2.497550e+01 2.346256e-02 7.549938e-10
2.497550e+01 3.503514e-02 1.525188e-09
2.497550e+01 5.263151e-02 3.110965e-09
2.497550e+01 7.314235e-02 6.552996e-09
2.497550e+01 1.025928e-01 9.749150e-09
2.497550e+01 1.448116e-01 1.670759e-08
2.497550e+01 2.023460e-01 2.504600e-08
2.497550e+01 2.834245e-01 3.789720e-08
2.497550e+01 3.967448e-01 5.563197e-08
2.497550e+01 5.552783e-01 7.963646e-08
2.497550e+01 7.774819e-01 1.046846e-07
2.497550e+01 1.088445e+00 1.180940e-07
2.497550e+01 1.523711e+00 1.066522e-07
2.497550e+01 2.088426e+00 7.386016e-08
2.497550e+01 2.685505e+00 3.570795e-08
2.549501e+01 1.570796e-02 2.743722e-10
2.549501e+01 2.346256e-02 7.005818e-10
2.549501e+01 3.503514e-02 1.413516e-09
2.549501e+01 5.263151e-02 2.882373e-09
2.549501e+01 7.314235e-02 6.075516e-09
2.549501e+01 1.025928e-01 9.045486e-09
2.549501e+01 1.448116e-01 1.552156e-08
2.549501e+01 2.023460e-01 2.338403e-08
2.549501e+01 2.834245e-01 3.558101e-08
2.549501e+01 3.967448e-01 5.251114e-08
2.549501e+01 5.552783e-01 7.554087e-08
2.549501e+01 7.774819e-01 9.985084e-08
2.549501e+01 1.088445e+00 1.137147e-07
2.549501e+01 1.523711e+00 1.045487e-07
2.549501e+01 2.088426e+00 7.396745e-08
2.549501e+01 2.685505e+00 3.616785e-08
2.602491e+01 1.570796e-02 2.531365e-10
2.602491e+01 2.346256e-02 6.471537e-10
2.602491e+01 3.503514e-02 1.303792e-09
2.602491e+01 5.263151e-02 2.659235e-09
2.602491e+01 7.314235e-02 5.609775e-09
2.602491e+01 1.025928e-01 8.356820e-09
2.602491e+01 1.448116e-01 1.436171e-08
2.602491e+01 2.023460e-01 2.174666e-08
2.602491e+01 2.834245e-01 3.327150e-08
2.602491e+01 3.967448e-01 4.935592e-08
2.602491e+01 5.552783e-01 7.136178e-08
2.602491e+01 7.774819e-01 9.486741e-08
2.602491e+01 1.088445e+00 1.091131e-07
2.602491e+01 1.523711e+00 1.023102e-07
2.602491e+01 2.088426e+00 7.415897e-08
2.602491e+01 2.685505e+00 3.687898e-08
2.656541e+01 1.570796e-02 2.323694e-10
2.656541e+01 2.346256e-02 5.951844e-10
2.656541e+01 3.503514e-02 1.196695e-09
2.656541e+01 5.263151e-02 2.441766e-09
2.656541e+01 7.314235e-02 5.155585e-09
2.656541e+01 1.025928e-01 7.684507e-09
2.656541e+01 1.448116e-01 1.322650e-08
2.656541e+01 2.023460e-01 2.013599e-08
2.656541e+01 2.834245e-01 3.096793e-08
2.656541e+01 3.967448e-01 4.616806e-08
2.656541e+01 5.552783e-01 6.706963e-08
2.656541e+01 7.774819e-01 8.967246e-08
2.656541e+01 1.088445e+00 1.043129e-07
2.656541e+01 1.523711e+00 9.981293e-08
2.656541e+01 2.088426e+00 7.437903e-08
2.656541e+01 2.685505e+00 3.788063e-08
2.711672e+01 1.570796e-02 2.121446e-10
2.711672e+01 2.346256e-02 5.440889e-10
2.711672e+01 3.503514e-02 1.092325e-09
2.711672e+01 5.263151e-02 2.229662e-09
2.711672e+01 7.314235e-02 4.712491e-09
2.711672e+01 1.025928e-01 7.028939e-09
2.711672e+01 1.448116e-01 1.211906e-08
2.711672e+01 2.023460e-01 1.854959e-08
2.711672e+01 2.834245e-01 2.868169e-08
2.711672e+01 3.967448e-01 4.294407e-08
2.711672e+01 5.552783e-01 6.268502e-08
2.711672e+01 7.774819e-01 8.430702e-08
2.711672e+01 1.088445e+00 9.920189e-08
2.711672e+01 1.523711e+00 9.702625e-08
2.711672e+01 2.088426e+00 7.442677e-08
2.711672e+01 2.685505e+00 3.914193e-08
2.767905e+01 1.570796e-02 1.923819e-10
2.767905e+01 2.346256e-02 4.947383e-10
2.767905e+01 3.503514e-02 9.906159e-10
2.767905e+01 5.263151e-02 2.023391e-09
2.767905e+01 7.314235e-02 4.280999e-09
2.767905e+01 1.025928e-01 6.392151e-09
2.767905e+01 1.448116e-01 1.103281e-08
2.767905e+01 2.023460e-01 1.698099e-08
2.767905e+01 2.834245e-01 2.638613e-08
2.767905e+01 3.967448e-01 3.967435e-08
2.767905e+01 5.552783e-01 5.819131e-08
2.767905e+01 7.774819e-01 7.871324e-08
2.767905e+01 1.088445e+00 9.380134e-08
2.767905e+01 1.523711e+00 9.379766e-08
2.767905e+01 2.088426e+00 7.438135e-08
2.767905e+01 2.685505e+00 4.071135e-08
2.825263e+01 1.570796e-02 1.731748e-10
2.825263e+01 2.346256e-02 4.462443e-10
2.825263e+01 3.503514e-02 8.912132e-10
2.825263e+01 5.263151e-02 1.822084e-09
2.825263e+01 7.314235e-02 3.859577e-09
2.825263e+01 1.025928e-01 5.768685e-09
2.825263e+01 1.448116e-01 9.975178e-09
2.825263e+01 2.023460e-01 1.542875e-08
2.825263e+01 2.834245e-01 2.409316e-08
2.825263e+01 3.967448e-01 3.637469e-08
2.825263e+01 5.552783e-01 5.357892e-08
2.825263e+01 7.774819e-01 7.296660e-08
2.825263e+01 1.088445e+00 8.801693e-08
2.825263e+01 1.523711e+00 9.018931e-08
2.825263e+01 2.088426e+00 7.412236e-08
2.825263e+01 2.685505e+00 4.272213e-08
2.883769e+01 1.570796e-02 1.544160e-10
2.883769e+01 2.346256e-02 3.988964e-10
2.883769e+01 3.503514e-02 7.945645e-10
2.883769e+01 5.263151e-02 1.626416e-09
2.883769e+01 7.314235e-02 3.448395e-09
2.883769e+01 1.025928e-01 5.161736e-09
2.883769e+01 1.448116e-01 8.937359e-09
2.883769e+01 2.023460e-01 1.389388e-08
2.883769e+01 2.834245e-01 2.179471e-08
2.883769e+01 3.967448e-01 3.301481e-08
2.883769e+01 5.552783e-01 4.886267e-08
2.883769e+01 7.774819e-01 6.696628e-08
2.883769e+01 1.088445e+00 8.187763e-08
2.883769e+01 1.523711e+00 8.593897e-08
2.883769e+01 2.088426e+00 7.343982e-08
2.883769e+01 2.685505e+00 4.498385e-08
2.943444e+01 1.570796e-02 1.361161e-10
2.943444e+01 2.346256e-02 3.524727e-10
2.943444e+01 3.503514e-02 7.001242e-10
2.943444e+01 5.263151e-02 1.434906e-09
2.943444e+01 7.314235e-02 3.047410e-09
2.943444e+01 1.025928e-01 4.568321e-09
2.943444e+01 1.448116e-01 7.919827e-09
2.943444e+01 2.023460e-01 1.237363e-08
2.943444e+01 2.834245e-01 1.948988e-08
2.943444e+01 3.967448e-01 2.961890e-08
2.943444e+01 5.552783e-01 4.403567e-08
2.943444e+01 7.774819e-01 6.075502e-08
2.943444e+01 1.088445e+00 7.530939e-08
2.943444e+01 1.523711e+00 8.111761e-08
2.943444e+01 2.088426e+00 7.228099e-08
2.943444e+01 2.685505e+00 4.752793e-08
3.004313e+01 1.570796e-02 1.182255e-10
3.004313e+01 2.346256e-02 3.071544e-10
3.004313e+01 3.503514e-02 6.084011e-10
3.004313e+01 5.263151e-02 1.248423e-09
3.004313e+01 7.314235e-02 2.655604e-09
3.004313e+01 1.025928e-01 3.986731e-09
3.004313e+01 1.448116e-01 6.920522e-09
3.004313e+01 2.023460e-01 1.086477e-08
3.004313e+01 2.834245e-01 1.718552e-08
3.004313e+01 3.967448e-01 2.618311e-08
3.004313e+01 5.552783e-01 3.910438e-08
3.004313e+01 7.774819e-01 5.428234e-08
3.004313e+01 1.088445e+00 6.824381e-08
3.004313e+01 1.523711e+00 7.544396e-08
3.004313e+01 2.088426e+00 7.038470e-08
3.004313e+01 2.685505e+00 4.993055e-08
3.066399e+01 1.570796e-02 1.009756e-10
3.066399e+01 2.346256e-02 2.630250e-10
3.066399e+01 3.503514e-02 5.188740e-10
3.066399e+01 5.263151e-02 1.066549e-09
3.066399e+01 7.314235e-02 2.272513e-09
3.066399e+01 1.025928e-01 3.416513e-09
3.066399e+01 1.448116e-01 5.940133e-09
3.066399e+01 2.023460e-01 9.371009e-09
3.066399e+01 2.834245e-01 1.487647e-08
3.066399e+01 3.967448e-01 2.271477e-08
3.066399e+01 5.552783e-01 3.407159e-08
3.066399e+01 7.774819e-01 4.760135e-08
3.066399e+01 1.088445e+00 6.070942e-08
3.066399e+01 1.523711e+00 6.900550e-08
3.066399e+01 2.088426e+00 6.754646e-08
3.066399e+01 2.685505e+00 5.199052e-08
3.129727e+01 1.570796e-02 8.406014e-11
3.129727e+01 2.346256e-02 2.199576e-10
3.129727e+01 3.503514e-02 4.318918e-10
3.129727e+01 5.263151e-02 8.895109e-10
3.129727e+01 7.314235e-02 1.898391e-09
3.129727e+01 1.025928e-01 2.858870e-09
3.129727e+01 1.448116e-01 4.977782e-09
3.129727e+01 2.023460e-01 7.886063e-09
3.129727e+01 2.834245e-01 1.256333e-08
3.129727e+01 3.967448e-01 1.922357e-08
3.129727e+01 5.552783e-01 2.895011e-08
3.129727e+01 7.774819e-01 4.068318e-08
3.129727e+01 1.088445e+00 5.265267e-08
3.129727e+01 1.523711e+00 6.160242e-08
3.129727e+01 2.088426e+00 6.346566e-08
3.129727e+01 2.685505e+00 5.315760e-08
3.194322e+01 1.570796e-02 6.767589e-11
3.194322e+01 2.346256e-02 1.774269e-10
3.194322e+01 3.503514e-02 3.471044e-10
3.194322e+01 5.263151e-02 7.166127e-10
3.194322e+01 7.314235e-02 1.532546e-09
3.194322e+01 1.025928e-01 2.311208e-09
3.194322e+01 1.448116e-01 4.030304e-09
3.194322e+01 2.023460e-01 6.412522e-09
3.194322e+01 2.834245e-01 1.024623e-08
3.194322e+01 3.967448e-01 1.570598e-08
3.194322e+01 5.552783e-01 2.374446e-08
3.194322e+01 7.774819e-01 3.358668e-08
3.194322e+01 1.088445e+00 4.407838e-08
3.194322e+01 1.523711e+00 5.314483e-08
3.194322e+01 2.088426e+00 5.775370e-08
3.194322e+01 2.685505e+00 5.296310e-08
3.260208e+01 1.570796e-02 5.175196e-11
3.260208e+01 2.346256e-02 1.361915e-10
3.260208e+01 3.503514e-02 2.649757e-10
3.260208e+01 5.263151e-02 5.484823e-10
3.260208e+01 7.314235e-02 1.175631e-09
3.260208e+01 1.025928e-01 1.775685e-09
3.260208e+01 1.448116e-01 3.100575e-09
3.260208e+01 2.023460e-01 4.952213e-09
3.260208e+01 2.834245e-01 7.935093e-09
3.260208e+01 3.967448e-01 1.218238e-08
3.260208e+01 5.552783e-01 1.846885e-08
3.260208e+01 7.774819e-01 2.629790e-08
3.260208e+01 1.088445e+00 3.496867e-08
3.260208e+01 1.523711e+00 4.345677e-08
3.260208e+01 2.088426e+00 4.999854e-08
3.260208e+01 2.685505e+00 5.022088e-08
3.327412e+01 1.570796e-02 3.618578e-11
3.327412e+01 2.346256e-02 9.566289e-11
3.327412e+01 3.503514e-02 1.853060e-10
3.327412e+01 5.263151e-02 3.842733e-10
3.327412e+01 7.314235e-02 8.253218e-10
3.327412e+01 1.025928e-01 1.248840e-09
3.327412e+01 1.448116e-01 2.184335e-09
3.327412e+01 2.023460e-01 3.502896e-09
3.327412e+01 2.834245e-01 5.628541e-09
3.327412e+01 3.967448e-01 8.650502e-09
3.327412e+01 5.552783e-01 1.316407e-08
3.327412e+01 7.774819e-01 1.885713e-08
3.327412e+01 1.088445e+00 2.539467e-08
3.327412e+01 1.523711e+00 3.253875e-08
3.327412e+01 2.088426e+00 3.974231e-08
3.327412e+01 2.685505e+00 4.368991e-08
3.395961e+01 1.570796e-02 2.206489e-11
3.395961e+01 2.346256e-02 5.848455e-11
3.395961e+01 3.503514e-02 1.127268e-10
3.395961e+01 5.263151e-02 2.345061e-10
3.395961e+01 7.314235e-02 5.047455e-10
3.395961e+01 1.025928e-01 7.637029e-10
3.395961e+01 1.448116e-01 1.333608e-09
3.395961e+01 2.023460e-01 2.134475e-09
3.395961e+01 2.834245e-01 3.418104e-09
3.395961e+01 3.967448e-01 5.223441e-09
3.395961e+01 5.552783e-01 7.914151e-09
3.395961e+01 7.774819e-01 1.134428e-08
3.395961e+01 1.088445e+00 1.540211e-08
3.395961e+01 1.523711e+00 2.027830e-08
3.395961e+01 2.088426e+00 2.616413e-08
3.395961e+01 2.685505e+00 3.098467e-08
3.465880e+01 1.570796e-02 7.087461e-12
3.465880e+01 2.346256e-02 1.631727e-11
3.465880e+01 3.503514e-02 3.720044e-11
3.465880e+01 5.263151e-02 7.113171e-11
3.465880e+01 7.314235e-02 1.565363e-10
3.465880e+01 1.025928e-01 2.358654e-10
3.465880e+01 1.448116e-01 4.134330e-10
3.465880e+01 2.023460e-01 6.729410e-10
3.465880e+01 2.834245e-01 1.090463e-09
3.465880e+01 3.967448e-01 1.684441e-09
3.465880e+01 5.552783e-01 2.569174e-09
3.465880e+01 7.774819e-01 3.719180e-09
3.465880e+01 1.088445e+00 5.124298e-09
3.465880e+01 1.523711e+00 6.932456e-09
3.465880e+01 2.088426e+00 9.444640e-09
3.465880e+01 2.685505e+00 1.211935e-08
3.537197e+01 1.570796e-02 0.000000e+00
3.537197e+01 2.346256e-02 0.000000e+00
3.537197e+01 3.503514e-02 0.000000e+00
3.537197e+01 5.263151e-02 0.000000e+00
3.537197e+01 7.314235e-02 0.000000e+00
3.537197e+01 1.025928e-01 0.000000e+00
3.537197e+01 1.448116e-01 0.000000e+00
3.537197e+01 2.023460e-01 0.000000e+00
3.537197e+01 2.834245e-01 0.000000e+00
3.537197e+01 3.967448e-01 0.000000e+00
3.537197e+01 5.552783e-01 0.000000e+00
3.537197e+01 7.774819e-01 0.000000e+00
3.537197e+01 1.088445e+00 0.000000e+00
3.537197e+01 1.523711e+00 0.000000e+00
3.537197e+01 2.088426e+00 0.000000e+00
3.537197e+01 2.685505e+00 0.000000e+00
