5.000000e+00 1.570796e-02 0.000000e+00
5.000000e+00 2.346256e-02 0.000000e+00
5.000000e+00 3.503514e-02 0.000000e+00
5.000000e+00 5.263151e-02 0.000000e+00
5.000000e+00 7.314235e-02 0.000000e+00
5.000000e+00 1.025928e-01 0.000000e+00
5.000000e+00 1.448116e-01 0.000000e+00
5.000000e+00 2.023460e-01 0.000000e+00
5.000000e+00 2.834245e-01 0.000000e+00
5.000000e+00 3.967448e-01 0.000000e+00
5.000000e+00 5.552783e-01 0.000000e+00
5.000000e+00 7.774819e-01 0.000000e+00
5.000000e+00 1.088445e+00 0.000000e+00
5.000000e+00 1.523711e+00 0.000000e+00
5.000000e+00 2.088426e+00 0.000000e+00
5.000000e+00 2.685505e+00 0.000000e+00
5.120000e+00 1.570796e-02 0.000000e+00
5.120000e+00 2.346256e-02 0.000000e+00
5.120000e+00 3.503514e-02 0.000000e+00
5.120000e+00 5.263151e-02 0.000000e+00
5.120000e+00 7.314235e-02 0.000000e+00
5.120000e+00 1.025928e-01 0.000000e+00
5.120000e+00 1.448116e-01 0.000000e+00
5.120000e+00 2.023460e-01 0.000000e+00
5.120000e+00 2.834245e-01 0.000000e+00
5.120000e+00 3.967448e-01 0.000000e+00
5.120000e+00 5.552783e-01 0.000000e+00
5.120000e+00 7.774819e-01 0.000000e+00
5.120000e+00 1.088445e+00 0.000000e+00
5.120000e+00 1.523711e+00 0.000000e+00
5.120000e+00 2.088426e+00 0.000000e+00
5.120000e+00 2.685505e+00 0.000000e+00
5.242400e+00 1.570796e-02 0.000000e+00
5.242400e+00 2.346256e-02 0.000000e+00
5.242400e+00 3.503514e-02 0.000000e+00
5.242400e+00 5.263151e-02 0.000000e+00
5.242400e+00 7.314235e-02 0.000000e+00
5.242400e+00 1.025928e-01 0.000000e+00
5.242400e+00 1.448116e-01 0.000000e+00
5.242400e+00 2.023460e-01 0.000000e+00
5.242400e+00 2.834245e-01 0.000000e+00
5.242400e+00 3.967448e-01 0.000000e+00
5.242400e+00 5.552783e-01 0.000000e+00
5.242400e+00 7.774819e-01 0.000000e+00
5.242400e+00 1.088445e+00 0.000000e+00
5.242400e+00 1.523711e+00 0.000000e+00
5.242400e+00 2.088426e+00 0.000000e+00
5.242400e+00 2.685505e+00 0.000000e+00
5.367248e+00 1.570796e-02 0.000000e+00
5.367248e+00 2.346256e-02 0.000000e+00
5.367248e+00 3.503514e-02 0.000000e+00
5.367248e+00 5.263151e-02 0.000000e+00
5.367248e+00 7.314235e-02 0.000000e+00
5.367248e+00 1.025928e-01 0.000000e+00
5.367248e+00 1.448116e-01 0.000000e+00
5.367248e+00 2.023460e-01 0.000000e+00
5.367248e+00 2.834245e-01 0.000000e+00
5.367248e+00 3.967448e-01 0.000000e+00
5.367248e+00 5.552783e-01 0.000000e+00
5.367248e+00 7.774819e-01 0.000000e+00
5.367248e+00 1.088445e+00 0.000000e+00
5.367248e+00 1.523711e+00 0.000000e+00
5.367248e+00 2.088426e+00 0.000000e+00
5.367248e+00 2.685505e+00 0.000000e+00
5.494593e+00 1.570796e-02 0.000000e+00
5.494593e+00 2.346256e-02 0.000000e+00
5.494593e+00 3.503514e-02 0.000000e+00
5.494593e+00 5.263151e-02 0.000000e+00
5.494593e+00 7.314235e-02 0.000000e+00
5.494593e+00 1.025928e-01 0.000000e+00
5.494593e+00 1.448116e-01 0.000000e+00
5.494593e+00 2.023460e-01 0.000000e+00
5.494593e+00 2.834245e-01 0.000000e+00
5.494593e+00 3.967448e-01 0.000000e+00
5.494593e+00 5.552783e-01 0.000000e+00
5.494593e+00 7.774819e-01 0.000000e+00
5.494593e+00 1.088445e+00 0.000000e+00
5.494593e+00 1.523711e+00 0.000000e+00
5.494593e+00 2.088426e+00 0.000000e+00
5.494593e+00 2.685505e+00 0.000000e+00
5.624485e+00 1.570796e-02 0.000000e+00
5.624485e+00 2.346256e-02 0.000000e+00
5.624485e+00 3.503514e-02 0.000000e+00
5.624485e+00 5.263151e-02 0.000000e+00
5.624485e+00 7.314235e-02 0.000000e+00
5.624485e+00 1.025928e-01 0.000000e+00
5.624485e+00 1.448116e-01 0.000000e+00
5.624485e+00 2.023460e-01 0.000000e+00
5.624485e+00 2.834245e-01 0.000000e+00
5.624485e+00 3.967448e-01 0.000000e+00
5.624485e+00 5.552783e-01 0.000000e+00
5.624485e+00 7.774819e-01 0.000000e+00
5.624485e+00 1.088445e+00 0.000000e+00
5.624485e+00 1.523711e+00 0.000000e+00
5.624485e+00 2.088426e+00 0.000000e+00
5.624485e+00 2.685505e+00 0.000000e+00
5.756975e+00 1.570796e-02 0.000000e+00
5.756975e+00 2.346256e-02 0.000000e+00
5.756975e+00 3.503514e-02 0.000000e+00
5.756975e+00 5.263151e-02 0.000000e+00
5.756975e+00 7.314235e-02 0.000000e+00
5.756975e+00 1.025928e-01 0.000000e+00
5.756975e+00 1.448116e-01 0.000000e+00
5.756975e+00 2.023460e-01 0.000000e+00
5.756975e+00 2.834245e-01 0.000000e+00
5.756975e+00 3.967448e-01 0.000000e+00
5.756975e+00 5.552783e-01 0.000000e+00
5.756975e+00 7.774819e-01 0.000000e+00
5.756975e+00 1.088445e+00 0.000000e+00
5.756975e+00 1.523711e+00 0.000000e+00
5.756975e+00 2.088426e+00 0.000000e+00
5.756975e+00 2.685505e+00 0.000000e+00
5.892114e+00 1.570796e-02 0.000000e+00
5.892114e+00 2.346256e-02 0.000000e+00
5.892114e+00 3.503514e-02 0.000000e+00
5.892114e+00 5.263151e-02 0.000000e+00
5.892114e+00 7.314235e-02 0.000000e+00
5.892114e+00 1.025928e-01 0.000000e+00
5.892114e+00 1.448116e-01 0.000000e+00
5.892114e+00 2.023460e-01 0.000000e+00
5.892114e+00 2.834245e-01 0.000000e+00
5.892114e+00 3.967448e-01 0.000000e+00
5.892114e+00 5.552783e-01 0.000000e+00
5.892114e+00 7.774819e-01 0.000000e+00
5.892114e+00 1.088445e+00 0.000000e+00
5.892114e+00 1.523711e+00 0.000000e+00
5.892114e+00 2.088426e+00 0.000000e+00
5.892114e+00 2.685505e+00 0.000000e+00
6.029956e+00 1.570796e-02 0.000000e+00
6.029956e+00 2.346256e-02 0.000000e+00
6.029956e+00 3.503514e-02 0.000000e+00
6.029956e+00 5.263151e-02 0.000000e+00
6.029956e+00 7.314235e-02 0.000000e+00
6.029956e+00 1.025928e-01 0.000000e+00
6.029956e+00 1.448116e-01 0.000000e+00
6.029956e+00 2.023460e-01 0.000000e+00
6.029956e+00 2.834245e-01 0.000000e+00
6.029956e+00 3.967448e-01 0.000000e+00
6.029956e+00 5.552783e-01 0.000000e+00
6.029956e+00 7.774819e-01 0.000000e+00
6.029956e+00 1.088445e+00 0.000000e+00
6.029956e+00 1.523711e+00 0.000000e+00
6.029956e+00 2.088426e+00 0.000000e+00
6.029956e+00 2.685505e+00 0.000000e+00
6.170555e+00 1.570796e-02 0.000000e+00
6.170555e+00 2.346256e-02 0.000000e+00
6.170555e+00 3.503514e-02 0.000000e+00
6.170555e+00 5.263151e-02 0.000000e+00
6.170555e+00 7.314235e-02 0.000000e+00
6.170555e+00 1.025928e-01 0.000000e+00
6.170555e+00 1.448116e-01 0.000000e+00
6.170555e+00 2.023460e-01 0.000000e+00
6.170555e+00 2.834245e-01 0.000000e+00
6.170555e+00 3.967448e-01 0.000000e+00
6.170555e+00 5.552783e-01 0.000000e+00
6.170555e+00 7.774819e-01 0.000000e+00
6.170555e+00 1.088445e+00 0.000000e+00
6.170555e+00 1.523711e+00 0.000000e+00
6.170555e+00 2.088426e+00 0.000000e+00
6.170555e+00 2.685505e+00 0.000000e+00
6.313967e+00 1.570796e-02 0.000000e+00
6.313967e+00 2.346256e-02 0.000000e+00
6.313967e+00 3.503514e-02 0.000000e+00
6.313967e+00 5.263151e-02 0.000000e+00
6.313967e+00 7.314235e-02 0.000000e+00
6.313967e+00 1.025928e-01 0.000000e+00
6.313967e+00 1.448116e-01 0.000000e+00
6.313967e+00 2.023460e-01 0.000000e+00
6.313967e+00 2.834245e-01 0.000000e+00
6.313967e+00 3.967448e-01 0.000000e+00
6.313967e+00 5.552783e-01 0.000000e+00
6.313967e+00 7.774819e-01 0.000000e+00
6.313967e+00 1.088445e+00 0.000000e+00
6.313967e+00 1.523711e+00 0.000000e+00
6.313967e+00 2.088426e+00 0.000000e+00
6.313967e+00 2.685505e+00 0.000000e+00
6.460246e+00 1.570796e-02 -5.079008e-05
6.460246e+00 2.346256e-02 -3.622438e-05
6.460246e+00 3.503514e-02 -7.353785e-05
6.460246e+00 5.263151e-02 -7.201408e-05
6.460246e+00 7.314235e-02 -9.977479e-05
6.460246e+00 1.025928e-01 -2.057495e-05
6.460246e+00 1.448116e-01 -1.038371e-04
6.460246e+00 2.023460e-01 -6.111158e-05
6.460246e+00 2.834245e-01 -5.492137e-05
6.460246e+00 3.967448e-01 -4.038803e-05
6.460246e+00 5.552783e-01 -3.104321e-05
6.460246e+00 7.774819e-01 -3.013255e-05
6.460246e+00 1.088445e+00 -2.690561e-05
6.460246e+00 1.523711e+00 -2.663843e-05
6.460246e+00 2.088426e+00 -2.888383e-05
6.460246e+00 2.685505e+00 -2.844767e-05
6.609451e+00 1.570796e-02 -1.873131e-04
6.609451e+00 2.346256e-02 -1.508097e-04
6.609451e+00 3.503514e-02 -2.319991e-04
6.609451e+00 5.263151e-02 -3.594102e-04
6.609451e+00 7.314235e-02 -4.279814e-04
6.609451e+00 1.025928e-01 -1.920338e-04
6.609451e+00 1.448116e-01 -2.812445e-04
6.609451e+00 2.023460e-01 -3.092094e-04
6.609451e+00 2.834245e-01 -3.274540e-04
6.609451e+00 3.967448e-01 -2.242416e-04
6.609451e+00 5.552783e-01 -1.842170e-04
6.609451e+00 7.774819e-01 -1.720666e-04
6.609451e+00 1.088445e+00 -1.572252e-04
6.609451e+00 1.523711e+00 -1.411280e-04
6.609451e+00 2.088426e+00 -1.538640e-04
6.609451e+00 2.685505e+00 -1.603205e-04
6.761640e+00 1.570796e-02 -4.158506e-04
6.761640e+00 2.346256e-02 -4.344126e-04
6.761640e+00 3.503514e-02 -5.480639e-04
6.761640e+00 5.263151e-02 -1.065622e-03
6.761640e+00 7.314235e-02 -1.258519e-03
6.761640e+00 1.025928e-01 -9.900951e-04
6.761640e+00 1.448116e-01 -1.325255e-03
6.761640e+00 2.023460e-01 -1.150894e-03
6.761640e+00 2.834245e-01 -1.216738e-03
6.761640e+00 3.967448e-01 -8.785018e-04
6.761640e+00 5.552783e-01 -7.391209e-04
6.761640e+00 7.774819e-01 -6.779956e-04
6.761640e+00 1.088445e+00 -5.662804e-04
6.761640e+00 1.523711e+00 -5.304497e-04
6.761640e+00 2.088426e+00 -5.627299e-04
6.761640e+00 2.685505e+00 -5.868663e-04
6.916873e+00 1.570796e-02 -7.753171e-04
6.916873e+00 2.346256e-02 -1.121741e-03
6.916873e+00 3.503514e-02 -1.670840e-03
6.916873e+00 5.263151e-02 -2.832961e-03
6.916873e+00 7.314235e-02 -4.170311e-03
6.916873e+00 1.025928e-01 -3.046435e-03
6.916873e+00 1.448116e-01 -3.801898e-03
6.916873e+00 2.023460e-01 -3.504736e-03
6.916873e+00 2.834245e-01 -3.512379e-03
6.916873e+00 3.967448e-01 -2.667370e-03
6.916873e+00 5.552783e-01 -2.362371e-03
6.916873e+00 7.774819e-01 -2.035352e-03
6.916873e+00 1.088445e+00 -1.678454e-03
6.916873e+00 1.523711e+00 -1.586463e-03
6.916873e+00 2.088426e+00 -1.663221e-03
6.916873e+00 2.685505e+00 -1.748766e-03
7.075210e+00 1.570796e-02 -9.198822e-04
7.075210e+00 2.346256e-02 -1.919265e-03
7.075210e+00 3.503514e-02 -3.239687e-03
7.075210e+00 5.263151e-02 -4.757397e-03
7.075210e+00 7.314235e-02 -7.633803e-03
7.075210e+00 1.025928e-01 -5.983547e-03
7.075210e+00 1.448116e-01 -6.874067e-03
7.075210e+00 2.023460e-01 -7.028035e-03
7.075210e+00 2.834245e-01 -6.670488e-03
7.075210e+00 3.967448e-01 -5.461570e-03
7.075210e+00 5.552783e-01 -4.869146e-03
7.075210e+00 7.774819e-01 -4.076366e-03
7.075210e+00 1.088445e+00 -3.410072e-03
7.075210e+00 1.523711e+00 -3.105147e-03
7.075210e+00 2.088426e+00 -3.248105e-03
7.075210e+00 2.685505e+00 -3.340211e-03
7.236714e+00 1.570796e-02 -9.659428e-04
7.236714e+00 2.346256e-02 -2.415604e-03
7.236714e+00 3.503514e-02 -4.552591e-03
7.236714e+00 5.263151e-02 -6.892444e-03
7.236714e+00 7.314235e-02 -1.116707e-02
7.236714e+00 1.025928e-01 -1.011225e-02
7.236714e+00 1.448116e-01 -1.165746e-02
7.236714e+00 2.023460e-01 -1.180270e-02
7.236714e+00 2.834245e-01 -1.137381e-02
7.236714e+00 3.967448e-01 -9.530060e-03
7.236714e+00 5.552783e-01 -8.277625e-03
7.236714e+00 7.774819e-01 -6.984986e-03
7.236714e+00 1.088445e+00 -5.757313e-03
7.236714e+00 1.523711e+00 -5.187869e-03
7.236714e+00 2.088426e+00 -5.343058e-03
7.236714e+00 2.685505e+00 -5.397676e-03
7.401449e+00 1.570796e-02 -9.805931e-04
7.401449e+00 2.346256e-02 -2.600304e-03
7.401449e+00 3.503514e-02 -5.290652e-03
7.401449e+00 5.263151e-02 -8.519254e-03
7.401449e+00 7.314235e-02 -1.422657e-02
7.401449e+00 1.025928e-01 -1.455083e-02
7.401449e+00 1.448116e-01 -1.719985e-02
7.401449e+00 2.023460e-01 -1.736959e-02
7.401449e+00 2.834245e-01 -1.672251e-02
7.401449e+00 3.967448e-01 -1.429652e-02
7.401449e+00 5.552783e-01 -1.264039e-02
7.401449e+00 7.774819e-01 -1.049128e-02
7.401449e+00 1.088445e+00 -8.664133e-03
7.401449e+00 1.523711e+00 -7.659660e-03
7.401449e+00 2.088426e+00 -7.780965e-03
7.401449e+00 2.685505e+00 -7.805669e-03
7.569477e+00 1.570796e-02 -1.006509e-03
7.569477e+00 2.346256e-02 -2.475131e-03
7.569477e+00 3.503514e-02 -5.460603e-03
7.569477e+00 5.263151e-02 -9.466221e-03
7.569477e+00 7.314235e-02 -1.608975e-02
7.569477e+00 1.025928e-01 -1.808338e-02
7.569477e+00 1.448116e-01 -2.213356e-02
7.569477e+00 2.023460e-01 -2.265068e-02
7.569477e+00 2.834245e-01 -2.199666e-02
7.569477e+00 3.967448e-01 -1.927497e-02
7.569477e+00 5.552783e-01 -1.705744e-02
7.569477e+00 7.774819e-01 -1.424180e-02
7.569477e+00 1.088445e+00 -1.164540e-02
7.569477e+00 1.523711e+00 -1.022638e-02
7.569477e+00 2.088426e+00 -1.020965e-02
7.569477e+00 2.685505e+00 -1.007962e-02
7.740867e+00 1.570796e-02 -9.647743e-04
7.740867e+00 2.346256e-02 -2.279486e-03
7.740867e+00 3.503514e-02 -5.189761e-03
7.740867e+00 5.263151e-02 -9.383812e-03
7.740867e+00 7.314235e-02 -1.686970e-02
7.740867e+00 1.025928e-01 -2.050966e-02
7.740867e+00 1.448116e-01 -2.653242e-02
7.740867e+00 2.023460e-01 -2.735136e-02
7.740867e+00 2.834245e-01 -2.678613e-02
7.740867e+00 3.967448e-01 -2.412515e-02
7.740867e+00 5.552783e-01 -2.131823e-02
7.740867e+00 7.774819e-01 -1.789008e-02
7.740867e+00 1.088445e+00 -1.465768e-02
7.740867e+00 1.523711e+00 -1.273787e-02
7.740867e+00 2.088426e+00 -1.257195e-02
7.740867e+00 2.685505e+00 -1.232244e-02
7.915684e+00 1.570796e-02 -8.696619e-04
7.915684e+00 2.346256e-02 -2.108217e-03
7.915684e+00 3.503514e-02 -4.764108e-03
7.915684e+00 5.263151e-02 -8.958496e-03
7.915684e+00 7.314235e-02 -1.665129e-02
7.915684e+00 1.025928e-01 -2.162686e-02
7.915684e+00 1.448116e-01 -2.882423e-02
7.915684e+00 2.023460e-01 -3.084975e-02
7.915684e+00 2.834245e-01 -3.075403e-02
7.915684e+00 3.967448e-01 -2.825323e-02
7.915684e+00 5.552783e-01 -2.516495e-02
7.915684e+00 7.774819e-01 -2.108246e-02
7.915684e+00 1.088445e+00 -1.731981e-02
7.915684e+00 1.523711e+00 -1.493507e-02
7.915684e+00 2.088426e+00 -1.455622e-02
7.915684e+00 2.685505e+00 -1.406479e-02
8.093998e+00 1.570796e-02 -7.605599e-04
8.093998e+00 2.346256e-02 -1.883201e-03
8.093998e+00 3.503514e-02 -4.354712e-03
8.093998e+00 5.263151e-02 -8.345081e-03
8.093998e+00 7.314235e-02 -1.579218e-02
8.093998e+00 1.025928e-01 -2.161932e-02
8.093998e+00 1.448116e-01 -2.983931e-02
8.093998e+00 2.023460e-01 -3.298897e-02
8.093998e+00 2.834245e-01 -3.359018e-02
8.093998e+00 3.967448e-01 -3.145185e-02
8.093998e+00 5.552783e-01 -2.833170e-02
8.093998e+00 7.774819e-01 -2.387927e-02
8.093998e+00 1.088445e+00 -1.954718e-02
8.093998e+00 1.523711e+00 -1.675388e-02
8.093998e+00 2.088426e+00 -1.617815e-02
8.093998e+00 2.685505e+00 -1.555864e-02
8.275878e+00 1.570796e-02 -6.716889e-04
8.275878e+00 2.346256e-02 -1.702919e-03
8.275878e+00 3.503514e-02 -3.830095e-03
8.275878e+00 5.263151e-02 -7.523498e-03
8.275878e+00 7.314235e-02 -1.452662e-02
8.275878e+00 1.025928e-01 -2.069439e-02
8.275878e+00 1.448116e-01 -2.960450e-02
8.275878e+00 2.023460e-01 -3.373910e-02
8.275878e+00 2.834245e-01 -3.519878e-02
8.275878e+00 3.967448e-01 -3.369807e-02
8.275878e+00 5.552783e-01 -3.067612e-02
8.275878e+00 7.774819e-01 -2.609641e-02
8.275878e+00 1.088445e+00 -2.135682e-02
8.275878e+00 1.523711e+00 -1.828931e-02
8.275878e+00 2.088426e+00 -1.770997e-02
8.275878e+00 2.685505e+00 -1.694275e-02
8.461396e+00 1.570796e-02 -6.012699e-04
8.461396e+00 2.346256e-02 -1.526563e-03
8.461396e+00 3.503514e-02 -3.304990e-03
8.461396e+00 5.263151e-02 -6.700455e-03
8.461396e+00 7.314235e-02 -1.315899e-02
8.461396e+00 1.025928e-01 -1.917955e-02
8.461396e+00 1.448116e-01 -2.849291e-02
8.461396e+00 2.023460e-01 -3.340985e-02
8.461396e+00 2.834245e-01 -3.582475e-02
8.461396e+00 3.967448e-01 -3.506652e-02
8.461396e+00 5.552783e-01 -3.230262e-02
8.461396e+00 7.774819e-01 -2.778971e-02
8.461396e+00 1.088445e+00 -2.277487e-02
8.461396e+00 1.523711e+00 -1.945502e-02
8.461396e+00 2.088426e+00 -1.875064e-02
8.461396e+00 2.685505e+00 -1.774279e-02
8.650623e+00 1.570796e-02 -5.325425e-04
8.650623e+00 2.346256e-02 -1.353764e-03
8.650623e+00 3.503514e-02 -2.831358e-03
8.650623e+00 5.263151e-02 -5.924052e-03
8.650623e+00 7.314235e-02 -1.174019e-02
8.650623e+00 1.025928e-01 -1.752548e-02
8.650623e+00 1.448116e-01 -2.670389e-02
8.650623e+00 2.023460e-01 -3.229861e-02
8.650623e+00 2.834245e-01 -3.563105e-02
8.650623e+00 3.967448e-01 -3.557842e-02
8.650623e+00 5.552783e-01 -3.323722e-02
8.650623e+00 7.774819e-01 -2.885184e-02
8.650623e+00 1.088445e+00 -2.378716e-02
8.650623e+00 1.523711e+00 -2.031125e-02
8.650623e+00 2.088426e+00 -1.948387e-02
8.650623e+00 2.685505e+00 -1.835678e-02
8.843636e+00 1.570796e-02 -4.671741e-04
8.843636e+00 2.346256e-02 -1.212531e-03
8.843636e+00 3.503514e-02 -2.469239e-03
8.843636e+00 5.263151e-02 -5.206431e-03
8.843636e+00 7.314235e-02 -1.037328e-02
8.843636e+00 1.025928e-01 -1.569331e-02
8.843636e+00 1.448116e-01 -2.441730e-02
8.843636e+00 2.023460e-01 -3.046985e-02
8.843636e+00 2.834245e-01 -3.464803e-02
8.843636e+00 3.967448e-01 -3.541464e-02
8.843636e+00 5.552783e-01 -3.358898e-02
8.843636e+00 7.774819e-01 -2.939442e-02
8.843636e+00 1.088445e+00 -2.444457e-02
8.843636e+00 1.523711e+00 -2.088377e-02
8.843636e+00 2.088426e+00 -2.004902e-02
8.843636e+00 2.685505e+00 -1.870970e-02
9.040509e+00 1.570796e-02 -4.040736e-04
9.040509e+00 2.346256e-02 -1.073094e-03
9.040509e+00 3.503514e-02 -2.159102e-03
9.040509e+00 5.263151e-02 -4.562924e-03
9.040509e+00 7.314235e-02 -9.084556e-03
9.040509e+00 1.025928e-01 -1.385549e-02
9.040509e+00 1.448116e-01 -2.196485e-02
9.040509e+00 2.023460e-01 -2.824343e-02
9.040509e+00 2.834245e-01 -3.307100e-02
9.040509e+00 3.967448e-01 -3.463416e-02
9.040509e+00 5.552783e-01 -3.334661e-02
9.040509e+00 7.774819e-01 -2.953257e-02
9.040509e+00 1.088445e+00 -2.477167e-02
9.040509e+00 1.523711e+00 -2.121319e-02
9.040509e+00 2.088426e+00 -2.030557e-02
9.040509e+00 2.685505e+00 -1.900231e-02
9.241319e+00 1.570796e-02 -3.447183e-04
9.241319e+00 2.346256e-02 -9.507368e-04
9.241319e+00 3.503514e-02 -1.879695e-03
9.241319e+00 5.263151e-02 -3.986178e-03
9.241319e+00 7.314235e-02 -7.924528e-03
9.241319e+00 1.025928e-01 -1.211611e-02
9.241319e+00 1.448116e-01 -1.956134e-02
9.241319e+00 2.023460e-01 -2.579819e-02
9.241319e+00 2.834245e-01 -3.110906e-02
9.241319e+00 3.967448e-01 -3.331830e-02
9.241319e+00 5.552783e-01 -3.257587e-02
9.241319e+00 7.774819e-01 -2.925206e-02
9.241319e+00 1.088445e+00 -2.472858e-02
9.241319e+00 1.523711e+00 -2.129353e-02
9.241319e+00 2.088426e+00 -2.034276e-02
9.241319e+00 2.685505e+00 -1.885220e-02
9.446145e+00 1.570796e-02 -2.935064e-04
9.446145e+00 2.346256e-02 -8.442009e-04
9.446145e+00 3.503514e-02 -1.636132e-03
9.446145e+00 5.263151e-02 -3.456929e-03
9.446145e+00 7.314235e-02 -6.898842e-03
9.446145e+00 1.025928e-01 -1.053249e-02
9.446145e+00 1.448116e-01 -1.725984e-02
9.446145e+00 2.023460e-01 -2.329233e-02
9.446145e+00 2.834245e-01 -2.883447e-02
9.446145e+00 3.967448e-01 -3.160402e-02
9.446145e+00 5.552783e-01 -3.139266e-02
9.446145e+00 7.774819e-01 -2.858878e-02
9.446145e+00 1.088445e+00 -2.436141e-02
9.446145e+00 1.523711e+00 -2.113085e-02
9.446145e+00 2.088426e+00 -2.020466e-02
9.446145e+00 2.685505e+00 -1.850459e-02
9.655068e+00 1.570796e-02 -2.509587e-04
9.655068e+00 2.346256e-02 -7.408808e-04
9.655068e+00 3.503514e-02 -1.428021e-03
9.655068e+00 5.263151e-02 -2.990137e-03
9.655068e+00 7.314235e-02 -5.970671e-03
9.655068e+00 1.025928e-01 -9.118404e-03
9.655068e+00 1.448116e-01 -1.508772e-02
9.655068e+00 2.023460e-01 -2.082882e-02
9.655068e+00 2.834245e-01 -2.636110e-02
9.655068e+00 3.967448e-01 -2.951003e-02
9.655068e+00 5.552783e-01 -2.989611e-02
9.655068e+00 7.774819e-01 -2.759223e-02
9.655068e+00 1.088445e+00 -2.373537e-02
9.655068e+00 1.523711e+00 -2.079991e-02
9.655068e+00 2.088426e+00 -1.991602e-02
9.655068e+00 2.685505e+00 -1.815519e-02
9.868170e+00 1.570796e-02 -2.159685e-04
9.868170e+00 2.346256e-02 -6.466873e-04
9.868170e+00 3.503514e-02 -1.243366e-03
9.868170e+00 5.263151e-02 -2.584940e-03
9.868170e+00 7.314235e-02 -5.165170e-03
9.868170e+00 1.025928e-01 -7.899274e-03
9.868170e+00 1.448116e-01 -1.313713e-02
9.868170e+00 2.023460e-01 -1.843112e-02
9.868170e+00 2.834245e-01 -2.379593e-02
9.868170e+00 3.967448e-01 -2.721001e-02
9.868170e+00 5.552783e-01 -2.808801e-02
9.868170e+00 7.774819e-01 -2.630727e-02
9.868170e+00 1.088445e+00 -2.294816e-02
9.868170e+00 1.523711e+00 -2.026806e-02
9.868170e+00 2.088426e+00 -1.938890e-02
9.868170e+00 2.685505e+00 -1.760291e-02
1.008553e+01 1.570796e-02 -1.860374e-04
1.008553e+01 2.346256e-02 -5.600885e-04
1.008553e+01 3.503514e-02 -1.079719e-03
1.008553e+01 5.263151e-02 -2.234946e-03
1.008553e+01 7.314235e-02 -4.461371e-03
1.008553e+01 1.025928e-01 -6.856177e-03
1.008553e+01 1.448116e-01 -1.139952e-02
1.008553e+01 2.023460e-01 -1.618643e-02
1.008553e+01 2.834245e-01 -2.127253e-02
1.008553e+01 3.967448e-01 -2.481325e-02
1.008553e+01 5.552783e-01 -2.613549e-02
1.008553e+01 7.774819e-01 -2.483326e-02
1.008553e+01 1.088445e+00 -2.195311e-02
1.008553e+01 1.523711e+00 -1.955892e-02
1.008553e+01 2.088426e+00 -1.875364e-02
1.008553e+01 2.685505e+00 -1.687106e-02
1.030724e+01 1.570796e-02 -1.609032e-04
1.030724e+01 2.346256e-02 -4.835509e-04
1.030724e+01 3.503514e-02 -9.398623e-04
1.030724e+01 5.263151e-02 -1.924768e-03
1.030724e+01 7.314235e-02 -3.838293e-03
1.030724e+01 1.025928e-01 -5.916647e-03
1.030724e+01 1.448116e-01 -9.852174e-03
1.030724e+01 2.023460e-01 -1.407102e-02
1.030724e+01 2.834245e-01 -1.878834e-02
1.030724e+01 3.967448e-01 -2.236017e-02
1.030724e+01 5.552783e-01 -2.400855e-02
1.030724e+01 7.774819e-01 -2.318553e-02
1.030724e+01 1.088445e+00 -2.080289e-02
1.030724e+01 1.523711e+00 -1.878747e-02
1.030724e+01 2.088426e+00 -1.813016e-02
1.030724e+01 2.685505e+00 -1.626686e-02
1.053339e+01 1.570796e-02 -1.393620e-04
1.053339e+01 2.346256e-02 -4.161427e-04
1.053339e+01 3.503514e-02 -8.142849e-04
1.053339e+01 5.263151e-02 -1.647584e-03
1.053339e+01 7.314235e-02 -3.293527e-03
1.053339e+01 1.025928e-01 -5.084199e-03
1.053339e+01 1.448116e-01 -8.463958e-03
1.053339e+01 2.023460e-01 -1.217196e-02
1.053339e+01 2.834245e-01 -1.648621e-02
1.053339e+01 3.967448e-01 -1.995290e-02
1.053339e+01 5.552783e-01 -2.182384e-02
1.053339e+01 7.774819e-01 -2.144837e-02
1.053339e+01 1.088445e+00 -1.953388e-02
1.053339e+01 1.523711e+00 -1.784749e-02
1.053339e+01 2.088426e+00 -1.733423e-02
1.053339e+01 2.685505e+00 -1.541154e-02
1.076406e+01 1.570796e-02 -1.202239e-04
1.076406e+01 2.346256e-02 -3.529739e-04
1.076406e+01 3.503514e-02 -7.026161e-04
1.076406e+01 5.263151e-02 -1.404972e-03
1.076406e+01 7.314235e-02 -2.817303e-03
1.076406e+01 1.025928e-01 -4.356081e-03
1.076406e+01 1.448116e-01 -7.239182e-03
1.076406e+01 2.023460e-01 -1.044912e-02
1.076406e+01 2.834245e-01 -1.435304e-02
1.076406e+01 3.967448e-01 -1.765391e-02
1.076406e+01 5.552783e-01 -1.965326e-02
1.076406e+01 7.774819e-01 -1.962082e-02
1.076406e+01 1.088445e+00 -1.817060e-02
1.076406e+01 1.523711e+00 -1.681619e-02
1.076406e+01 2.088426e+00 -1.638063e-02
1.076406e+01 2.685505e+00 -1.450805e-02
1.099934e+01 1.570796e-02 -1.035863e-04
1.099934e+01 2.346256e-02 -2.987344e-04
1.099934e+01 3.503514e-02 -5.988057e-04
1.099934e+01 5.263151e-02 -1.194439e-03
1.099934e+01 7.314235e-02 -2.402170e-03
1.099934e+01 1.025928e-01 -3.707927e-03
1.099934e+01 1.448116e-01 -6.163166e-03
1.099934e+01 2.023460e-01 -8.922633e-03
1.099934e+01 2.834245e-01 -1.239336e-02
1.099934e+01 3.967448e-01 -1.549924e-02
1.099934e+01 5.552783e-01 -1.755731e-02
1.099934e+01 7.774819e-01 -1.781791e-02
1.099934e+01 1.088445e+00 -1.675936e-02
1.099934e+01 1.523711e+00 -1.574208e-02
1.099934e+01 2.088426e+00 -1.541789e-02
1.099934e+01 2.685505e+00 -1.360796e-02
1.123932e+01 1.570796e-02 -8.919119e-05
1.123932e+01 2.346256e-02 -2.500448e-04
1.123932e+01 3.503514e-02 -5.067179e-04
1.123932e+01 5.263151e-02 -1.014054e-03
1.123932e+01 7.314235e-02 -2.038853e-03
1.123932e+01 1.025928e-01 -3.142023e-03
1.123932e+01 1.448116e-01 -5.220295e-03
1.123932e+01 2.023460e-01 -7.588544e-03
1.123932e+01 2.834245e-01 -1.062539e-02
1.123932e+01 3.967448e-01 -1.349749e-02
1.123932e+01 5.552783e-01 -1.553574e-02
1.123932e+01 7.774819e-01 -1.604386e-02
1.123932e+01 1.088445e+00 -1.531811e-02
1.123932e+01 1.523711e+00 -1.460818e-02
1.123932e+01 2.088426e+00 -1.444195e-02
1.123932e+01 2.685505e+00 -1.274761e-02
1.148411e+01 1.570796e-02 -7.580493e-05
1.148411e+01 2.346256e-02 -2.087144e-04
1.148411e+01 3.503514e-02 -4.281873e-04
1.148411e+01 5.263151e-02 -8.599182e-04
1.148411e+01 7.314235e-02 -1.719671e-03
1.148411e+01 1.025928e-01 -2.653996e-03
1.148411e+01 1.448116e-01 -4.393827e-03
1.148411e+01 2.023460e-01 -6.428022e-03
1.148411e+01 2.834245e-01 -9.054203e-03
1.148411e+01 3.967448e-01 -1.165804e-02
1.148411e+01 5.552783e-01 -1.362669e-02
1.148411e+01 7.774819e-01 -1.430734e-02
1.148411e+01 1.088445e+00 -1.387715e-02
1.148411e+01 1.523711e+00 -1.344340e-02
1.148411e+01 2.088426e+00 -1.338446e-02
1.148411e+01 2.685505e+00 -1.177752e-02
1.173379e+01 1.570796e-02 -6.432180e-05
1.173379e+01 2.346256e-02 -1.729685e-04
1.173379e+01 3.503514e-02 -3.607500e-04
1.173379e+01 5.263151e-02 -7.245146e-04
1.173379e+01 7.314235e-02 -1.447301e-03
1.173379e+01 1.025928e-01 -2.233771e-03
1.173379e+01 1.448116e-01 -3.690284e-03
1.173379e+01 2.023460e-01 -5.421883e-03
1.173379e+01 2.834245e-01 -7.681861e-03
1.173379e+01 3.967448e-01 -9.994495e-03
1.173379e+01 5.552783e-01 -1.185831e-02
1.173379e+01 7.774819e-01 -1.266343e-02
1.173379e+01 1.088445e+00 -1.247177e-02
1.173379e+01 1.523711e+00 -1.223238e-02
1.173379e+01 2.088426e+00 -1.230788e-02
1.173379e+01 2.685505e+00 -1.083223e-02
1.198847e+01 1.570796e-02 -5.423232e-05
1.198847e+01 2.346256e-02 -1.423069e-04
1.198847e+01 3.503514e-02 -3.038583e-04
1.198847e+01 5.263151e-02 -6.075719e-04
1.198847e+01 7.314235e-02 -1.209978e-03
1.198847e+01 1.025928e-01 -1.872833e-03
1.198847e+01 1.448116e-01 -3.084755e-03
1.198847e+01 2.023460e-01 -4.554912e-03
1.198847e+01 2.834245e-01 -6.477318e-03
1.198847e+01 3.967448e-01 -8.509334e-03
1.198847e+01 5.552783e-01 -1.021878e-02
1.198847e+01 7.774819e-01 -1.110198e-02
1.198847e+01 1.088445e+00 -1.113881e-02
1.198847e+01 1.523711e+00 -1.112023e-02
1.198847e+01 2.088426e+00 -1.129069e-02
1.198847e+01 2.685505e+00 -9.878392e-03
1.224824e+01 1.570796e-02 -4.583141e-05
1.224824e+01 2.346256e-02 -1.168308e-04
1.224824e+01 3.503514e-02 -2.523794e-04
1.224824e+01 5.263151e-02 -5.081304e-04
1.224824e+01 7.314235e-02 -1.005747e-03
1.224824e+01 1.025928e-01 -1.562190e-03
1.224824e+01 1.448116e-01 -2.573837e-03
1.224824e+01 2.023460e-01 -3.814257e-03
1.224824e+01 2.834245e-01 -5.430634e-03
1.224824e+01 3.967448e-01 -7.195775e-03
1.224824e+01 5.552783e-01 -8.747340e-03
1.224824e+01 7.774819e-01 -9.646544e-03
1.224824e+01 1.088445e+00 -9.856671e-03
1.224824e+01 1.523711e+00 -1.000636e-02
1.224824e+01 2.088426e+00 -1.028790e-02
1.224824e+01 2.685505e+00 -9.005646e-03
1.251320e+01 1.570796e-02 -3.819337e-05
1.251320e+01 2.346256e-02 -9.589355e-05
1.251320e+01 3.503514e-02 -2.088129e-04
1.251320e+01 5.263151e-02 -4.215303e-04
1.251320e+01 7.314235e-02 -8.334738e-04
1.251320e+01 1.025928e-01 -1.301655e-03
1.251320e+01 1.448116e-01 -2.138999e-03
1.251320e+01 2.023460e-01 -3.173815e-03
1.251320e+01 2.834245e-01 -4.526423e-03
1.251320e+01 3.967448e-01 -6.053384e-03
1.251320e+01 5.552783e-01 -7.425497e-03
1.251320e+01 7.774819e-01 -8.325418e-03
1.251320e+01 1.088445e+00 -8.661323e-03
1.251320e+01 1.523711e+00 -8.948887e-03
1.251320e+01 2.088426e+00 -9.304237e-03
1.251320e+01 2.685505e+00 -8.147131e-03
1.278347e+01 1.570796e-02 -3.177888e-05
1.278347e+01 2.346256e-02 -7.744616e-05
1.278347e+01 3.503514e-02 -1.721636e-04
1.278347e+01 5.263151e-02 -3.473692e-04
1.278347e+01 7.314235e-02 -6.871902e-04
1.278347e+01 1.025928e-01 -1.076433e-03
1.278347e+01 1.448116e-01 -1.759544e-03
1.278347e+01 2.023460e-01 -2.621576e-03
1.278347e+01 2.834245e-01 -3.750676e-03
1.278347e+01 3.967448e-01 -5.039372e-03
1.278347e+01 5.552783e-01 -6.247797e-03
1.278347e+01 7.774819e-01 -7.129915e-03
1.278347e+01 1.088445e+00 -7.542997e-03
1.278347e+01 1.523711e+00 -7.931914e-03
1.278347e+01 2.088426e+00 -8.324659e-03
1.278347e+01 2.685505e+00 -7.341743e-03
1.305914e+01 1.570796e-02 -2.631191e-05
1.305914e+01 2.346256e-02 -6.182946e-05
1.305914e+01 3.503514e-02 -1.398363e-04
1.305914e+01 5.263151e-02 -2.850724e-04
1.305914e+01 7.314235e-02 -5.631815e-04
1.305914e+01 1.025928e-01 -8.832023e-04
1.305914e+01 1.448116e-01 -1.438252e-03
1.305914e+01 2.023460e-01 -2.156350e-03
1.305914e+01 2.834245e-01 -3.084872e-03
1.305914e+01 3.967448e-01 -4.162294e-03
1.305914e+01 5.552783e-01 -5.221059e-03
1.305914e+01 7.774819e-01 -6.060184e-03
1.305914e+01 1.088445e+00 -6.527119e-03
1.305914e+01 1.523711e+00 -6.988271e-03
1.305914e+01 2.088426e+00 -7.443028e-03
1.305914e+01 2.685505e+00 -6.598528e-03
1.334032e+01 1.570796e-02 -2.162358e-05
1.334032e+01 2.346256e-02 -5.040560e-05
1.334032e+01 3.503514e-02 -1.149989e-04
1.334032e+01 5.263151e-02 -2.328477e-04
1.334032e+01 7.314235e-02 -4.610236e-04
1.334032e+01 1.025928e-01 -7.206825e-04
1.334032e+01 1.448116e-01 -1.172962e-03
1.334032e+01 2.023460e-01 -1.763378e-03
1.334032e+01 2.834245e-01 -2.534786e-03
1.334032e+01 3.967448e-01 -3.424441e-03
1.334032e+01 5.552783e-01 -4.335655e-03
1.334032e+01 7.774819e-01 -5.124051e-03
1.334032e+01 1.088445e+00 -5.613271e-03
1.334032e+01 1.523711e+00 -6.123746e-03
1.334032e+01 2.088426e+00 -6.605500e-03
1.334032e+01 2.685505e+00 -5.922669e-03
1.362713e+01 1.570796e-02 -1.762907e-05
1.362713e+01 2.346256e-02 -4.029154e-05
1.362713e+01 3.503514e-02 -9.332599e-05
1.362713e+01 5.263151e-02 -1.879702e-04
1.362713e+01 7.314235e-02 -3.745174e-04
1.362713e+01 1.025928e-01 -5.856896e-04
1.362713e+01 1.448116e-01 -9.539660e-04
1.362713e+01 2.023460e-01 -1.438513e-03
1.362713e+01 2.834245e-01 -2.065879e-03
1.362713e+01 3.967448e-01 -2.801989e-03
1.362713e+01 5.552783e-01 -3.582143e-03
1.362713e+01 7.774819e-01 -4.298993e-03
1.362713e+01 1.088445e+00 -4.797915e-03
1.362713e+01 1.523711e+00 -5.331044e-03
1.362713e+01 2.088426e+00 -5.827733e-03
1.362713e+01 2.685505e+00 -5.259249e-03
1.391967e+01 1.570796e-02 -1.443704e-05
1.391967e+01 2.346256e-02 -3.208868e-05
1.391967e+01 3.503514e-02 -7.464605e-05
1.391967e+01 5.263151e-02 -1.507424e-04
1.391967e+01 7.314235e-02 -3.013706e-04
1.391967e+01 1.025928e-01 -4.710676e-04
1.391967e+01 1.448116e-01 -7.692189e-04
1.391967e+01 2.023460e-01 -1.161635e-03
1.391967e+01 2.834245e-01 -1.670670e-03
1.391967e+01 3.967448e-01 -2.277483e-03
1.391967e+01 5.552783e-01 -2.933802e-03
1.391967e+01 7.774819e-01 -3.574776e-03
1.391967e+01 1.088445e+00 -4.074203e-03
1.391967e+01 1.523711e+00 -4.597540e-03
1.391967e+01 2.088426e+00 -5.103231e-03
1.391967e+01 2.685505e+00 -4.614425e-03
1.421806e+01 1.570796e-02 -1.163462e-05
1.421806e+01 2.346256e-02 -2.555072e-05
1.421806e+01 3.503514e-02 -5.977704e-05
1.421806e+01 5.263151e-02 -1.218241e-04
1.421806e+01 7.314235e-02 -2.418613e-04
1.421806e+01 1.025928e-01 -3.775510e-04
1.421806e+01 1.448116e-01 -6.168524e-04
1.421806e+01 2.023460e-01 -9.345611e-04
1.421806e+01 2.834245e-01 -1.343963e-03
1.421806e+01 3.967448e-01 -1.837503e-03
1.421806e+01 5.552783e-01 -2.393601e-03
1.421806e+01 7.774819e-01 -2.955361e-03
1.421806e+01 1.088445e+00 -3.428184e-03
1.421806e+01 1.523711e+00 -3.959578e-03
1.421806e+01 2.088426e+00 -4.425376e-03
1.421806e+01 2.685505e+00 -4.019217e-03
1.452242e+01 1.570796e-02 -9.370264e-06
1.452242e+01 2.346256e-02 -2.085469e-05
1.452242e+01 3.503514e-02 -4.773587e-05
1.452242e+01 5.263151e-02 -9.756237e-05
1.452242e+01 7.314235e-02 -1.908310e-04
1.452242e+01 1.025928e-01 -3.001989e-04
1.452242e+01 1.448116e-01 -4.906934e-04
1.452242e+01 2.023460e-01 -7.459049e-04
1.452242e+01 2.834245e-01 -1.073613e-03
1.452242e+01 3.967448e-01 -1.474581e-03
1.452242e+01 5.552783e-01 -1.932251e-03
1.452242e+01 7.774819e-01 -2.419709e-03
1.452242e+01 1.088445e+00 -2.857700e-03
1.452242e+01 1.523711e+00 -3.370494e-03
1.452242e+01 2.088426e+00 -3.815368e-03
1.452242e+01 2.685505e+00 -3.489262e-03
1.483287e+01 1.570796e-02 -7.488052e-06
1.483287e+01 2.346256e-02 -1.605255e-05
1.483287e+01 3.503514e-02 -3.770794e-05
1.483287e+01 5.263151e-02 -7.790727e-05
1.483287e+01 7.314235e-02 -1.510364e-04
1.483287e+01 1.025928e-01 -2.384192e-04
1.483287e+01 1.448116e-01 -3.897724e-04
1.483287e+01 2.023460e-01 -5.939307e-04
1.483287e+01 2.834245e-01 -8.526863e-04
1.483287e+01 3.967448e-01 -1.174615e-03
1.483287e+01 5.552783e-01 -1.554214e-03
1.483287e+01 7.774819e-01 -1.970929e-03
1.483287e+01 1.088445e+00 -2.367563e-03
1.483287e+01 1.523711e+00 -2.845313e-03
1.483287e+01 2.088426e+00 -3.255450e-03
1.483287e+01 2.685505e+00 -2.977116e-03
1.514953e+01 1.570796e-02 -5.835671e-06
1.514953e+01 2.346256e-02 -1.222780e-05
1.514953e+01 3.503514e-02 -2.947249e-05
1.514953e+01 5.263151e-02 -6.114610e-05
1.514953e+01 7.314235e-02 -1.194344e-04
1.514953e+01 1.025928e-01 -1.874297e-04
1.514953e+01 1.448116e-01 -3.069970e-04
1.514953e+01 2.023460e-01 -4.693225e-04
1.514953e+01 2.834245e-01 -6.719015e-04
1.514953e+01 3.967448e-01 -9.325125e-04
1.514953e+01 5.552783e-01 -1.240684e-03
1.514953e+01 7.774819e-01 -1.594253e-03
1.514953e+01 1.088445e+00 -1.956695e-03
1.514953e+01 1.523711e+00 -2.389867e-03
1.514953e+01 2.088426e+00 -2.769354e-03
1.514953e+01 2.685505e+00 -2.561049e-03
1.547252e+01 1.570796e-02 -4.749534e-06
1.547252e+01 2.346256e-02 -9.515607e-06
1.547252e+01 3.503514e-02 -2.322748e-05
1.547252e+01 5.263151e-02 -4.762738e-05
1.547252e+01 7.314235e-02 -9.328615e-05
1.547252e+01 1.025928e-01 -1.464900e-04
1.547252e+01 1.448116e-01 -2.411044e-04
1.547252e+01 2.023460e-01 -3.696181e-04
1.547252e+01 2.834245e-01 -5.269425e-04
1.547252e+01 3.967448e-01 -7.359734e-04
1.547252e+01 5.552783e-01 -9.861135e-04
1.547252e+01 7.774819e-01 -1.278188e-03
1.547252e+01 1.088445e+00 -1.601585e-03
1.547252e+01 1.523711e+00 -1.985558e-03
1.547252e+01 2.088426e+00 -2.327613e-03
1.547252e+01 2.685505e+00 -2.162569e-03
1.580197e+01 1.570796e-02 -3.755776e-06
1.580197e+01 2.346256e-02 -7.168323e-06
1.580197e+01 3.503514e-02 -1.773531e-05
1.580197e+01 5.263151e-02 -3.639671e-05
1.580197e+01 7.314235e-02 -7.219850e-05
1.580197e+01 1.025928e-01 -1.141884e-04
1.580197e+01 1.448116e-01 -1.874576e-04
1.580197e+01 2.023460e-01 -2.875706e-04
1.580197e+01 2.834245e-01 -4.090618e-04
1.580197e+01 3.967448e-01 -5.744239e-04
1.580197e+01 5.552783e-01 -7.735681e-04
1.580197e+01 7.774819e-01 -1.011786e-03
1.580197e+01 1.088445e+00 -1.288290e-03
1.580197e+01 1.523711e+00 -1.628091e-03
1.580197e+01 2.088426e+00 -1.921154e-03
1.580197e+01 2.685505e+00 -1.792853e-03
1.613801e+01 1.570796e-02 -2.993343e-06
1.613801e+01 2.346256e-02 -5.430319e-06
1.613801e+01 3.503514e-02 -1.382943e-05
1.613801e+01 5.263151e-02 -2.778394e-05
1.613801e+01 7.314235e-02 -5.565081e-05
1.613801e+01 1.025928e-01 -8.768017e-05
1.613801e+01 1.448116e-01 -1.449277e-04
1.613801e+01 2.023460e-01 -2.210298e-04
1.613801e+01 2.834245e-01 -3.158269e-04
1.613801e+01 3.967448e-01 -4.425006e-04
1.613801e+01 5.552783e-01 -6.015843e-04
1.613801e+01 7.774819e-01 -7.937398e-04
1.613801e+01 1.088445e+00 -1.028608e-03
1.613801e+01 1.523711e+00 -1.322409e-03
1.613801e+01 2.088426e+00 -1.576199e-03
1.613801e+01 2.685505e+00 -1.466158e-03
1.648077e+01 1.570796e-02 -2.417081e-06
1.648077e+01 2.346256e-02 -4.213221e-06
1.648077e+01 3.503514e-02 -1.076512e-05
1.648077e+01 5.263151e-02 -2.101308e-05
1.648077e+01 7.314235e-02 -4.246867e-05
1.648077e+01 1.025928e-01 -6.675870e-05
1.648077e+01 1.448116e-01 -1.104098e-04
1.648077e+01 2.023460e-01 -1.704201e-04
1.648077e+01 2.834245e-01 -2.421323e-04
1.648077e+01 3.967448e-01 -3.394563e-04
1.648077e+01 5.552783e-01 -4.661888e-04
1.648077e+01 7.774819e-01 -6.189565e-04
1.648077e+01 1.088445e+00 -8.143207e-04
1.648077e+01 1.523711e+00 -1.065315e-03
1.648077e+01 2.088426e+00 -1.280292e-03
1.648077e+01 2.685505e+00 -1.169689e-03
1.683038e+01 1.570796e-02 -1.813064e-06
1.683038e+01 2.346256e-02 -3.121193e-06
1.683038e+01 3.503514e-02 -8.239973e-06
1.683038e+01 5.263151e-02 -1.610237e-05
1.683038e+01 7.314235e-02 -3.231420e-05
1.683038e+01 1.025928e-01 -5.065263e-05
1.683038e+01 1.448116e-01 -8.445259e-05
1.683038e+01 2.023460e-01 -1.299981e-04
1.683038e+01 2.834245e-01 -1.851157e-04
1.683038e+01 3.967448e-01 -2.596273e-04
1.683038e+01 5.552783e-01 -3.584205e-04
1.683038e+01 7.774819e-01 -4.808887e-04
1.683038e+01 1.088445e+00 -6.411738e-04
1.683038e+01 1.523711e+00 -8.517678e-04
1.683038e+01 2.088426e+00 -1.031039e-03
1.683038e+01 2.685505e+00 -9.414658e-04
1.718699e+01 1.570796e-02 -1.399574e-06
1.718699e+01 2.346256e-02 -2.343584e-06
1.718699e+01 3.503514e-02 -6.283853e-06
1.718699e+01 5.263151e-02 -1.202034e-05
1.718699e+01 7.314235e-02 -2.372034e-05
1.718699e+01 1.025928e-01 -3.728150e-05
1.718699e+01 1.448116e-01 -6.305443e-05
1.718699e+01 2.023460e-01 -9.808898e-05
1.718699e+01 2.834245e-01 -1.384990e-04
1.718699e+01 3.967448e-01 -1.965595e-04
1.718699e+01 5.552783e-01 -2.703591e-04
1.718699e+01 7.774819e-01 -3.668542e-04
1.718699e+01 1.088445e+00 -4.913725e-04
1.718699e+01 1.523711e+00 -6.628333e-04
1.718699e+01 2.088426e+00 -8.131070e-04
1.718699e+01 2.685505e+00 -7.412566e-04
1.755073e+01 1.570796e-02 -1.050629e-06
1.755073e+01 2.346256e-02 -1.641611e-06
1.755073e+01 3.503514e-02 -4.697866e-06
1.755073e+01 5.263151e-02 -8.943791e-06
1.755073e+01 7.314235e-02 -1.737532e-05
1.755073e+01 1.025928e-01 -2.686457e-05
1.755073e+01 1.448116e-01 -4.621349e-05
1.755073e+01 2.023460e-01 -7.174495e-05
1.755073e+01 2.834245e-01 -1.021621e-04
1.755073e+01 3.967448e-01 -1.448829e-04
1.755073e+01 5.552783e-01 -1.997673e-04
1.755073e+01 7.774819e-01 -2.736546e-04
1.755073e+01 1.088445e+00 -3.709467e-04
1.755073e+01 1.523711e+00 -5.050679e-04
1.755073e+01 2.088426e+00 -6.245952e-04
1.755073e+01 2.685505e+00 -5.793891e-04
1.792175e+01 1.570796e-02 -8.021161e-07
1.792175e+01 2.346256e-02 -1.156821e-06
1.792175e+01 3.503514e-02 -3.502039e-06
1.792175e+01 5.263151e-02 -6.422693e-06
1.792175e+01 7.314235e-02 -1.263825e-05
1.792175e+01 1.025928e-01 -1.941577e-05
1.792175e+01 1.448116e-01 -3.374884e-05
1.792175e+01 2.023460e-01 -5.256462e-05
1.792175e+01 2.834245e-01 -7.431703e-05
1.792175e+01 3.967448e-01 -1.061099e-04
1.792175e+01 5.552783e-01 -1.464251e-04
1.792175e+01 7.774819e-01 -2.031661e-04
1.792175e+01 1.088445e+00 -2.773570e-04
1.792175e+01 1.523711e+00 -3.823313e-04
1.792175e+01 2.088426e+00 -4.747548e-04
1.792175e+01 2.685505e+00 -4.421369e-04
1.830018e+01 1.570796e-02 -6.147931e-07
1.830018e+01 2.346256e-02 -7.221338e-07
1.830018e+01 3.503514e-02 -2.606872e-06
1.830018e+01 5.263151e-02 -4.599374e-06
1.830018e+01 7.314235e-02 -8.915749e-06
1.830018e+01 1.025928e-01 -1.412899e-05
1.830018e+01 1.448116e-01 -2.445677e-05
1.830018e+01 2.023460e-01 -3.772580e-05
1.830018e+01 2.834245e-01 -5.388054e-05
1.830018e+01 3.967448e-01 -7.674365e-05
1.830018e+01 5.552783e-01 -1.069984e-04
1.830018e+01 7.774819e-01 -1.498117e-04
1.830018e+01 1.088445e+00 -2.044424e-04
1.830018e+01 1.523711e+00 -2.833106e-04
1.830018e+01 2.088426e+00 -3.562745e-04
1.830018e+01 2.685505e+00 -3.362372e-04
1.868618e+01 1.570796e-02 -4.350614e-07
1.868618e+01 2.346256e-02 -4.494737e-07
1.868618e+01 3.503514e-02 -1.768229e-06
1.868618e+01 5.263151e-02 -3.418712e-06
1.868618e+01 7.314235e-02 -6.365182e-06
1.868618e+01 1.025928e-01 -9.954358e-06
1.868618e+01 1.448116e-01 -1.719070e-05
1.868618e+01 2.023460e-01 -2.660883e-05
1.868618e+01 2.834245e-01 -3.782759e-05
1.868618e+01 3.967448e-01 -5.453004e-05
1.868618e+01 5.552783e-01 -7.620455e-05
1.868618e+01 7.774819e-01 -1.077453e-04
1.868618e+01 1.088445e+00 -1.480725e-04
1.868618e+01 1.523711e+00 -2.069883e-04
1.868618e+01 2.088426e+00 -2.611496e-04
1.868618e+01 2.685505e+00 -2.493900e-04
1.907991e+01 1.570796e-02 -3.232468e-07
1.907991e+01 2.346256e-02 -3.251672e-07
1.907991e+01 3.503514e-02 -1.190254e-06
1.907991e+01 5.263151e-02 -2.472276e-06
1.907991e+01 7.314235e-02 -4.476542e-06
1.907991e+01 1.025928e-01 -6.746589e-06
1.907991e+01 1.448116e-01 -1.206767e-05
1.907991e+01 2.023460e-01 -1.879989e-05
1.907991e+01 2.834245e-01 -2.650407e-05
1.907991e+01 3.967448e-01 -3.829782e-05
1.907991e+01 5.552783e-01 -5.375320e-05
1.907991e+01 7.774819e-01 -7.757780e-05
1.907991e+01 1.088445e+00 -1.065476e-04
1.907991e+01 1.523711e+00 -1.491018e-04
1.907991e+01 2.088426e+00 -1.893028e-04
1.907991e+01 2.685505e+00 -1.813187e-04
1.948151e+01 1.570796e-02 -2.310955e-07
1.948151e+01 2.346256e-02 -2.156017e-07
1.948151e+01 3.503514e-02 -8.303782e-07
1.948151e+01 5.263151e-02 -1.688227e-06
1.948151e+01 7.314235e-02 -3.055199e-06
1.948151e+01 1.025928e-01 -4.486464e-06
1.948151e+01 1.448116e-01 -8.282896e-06
1.948151e+01 2.023460e-01 -1.315935e-05
1.948151e+01 2.834245e-01 -1.815143e-05
1.948151e+01 3.967448e-01 -2.667565e-05
1.948151e+01 5.552783e-01 -3.762125e-05
1.948151e+01 7.774819e-01 -5.489644e-05
1.948151e+01 1.088445e+00 -7.560621e-05
1.948151e+01 1.523711e+00 -1.059605e-04
1.948151e+01 2.088426e+00 -1.348966e-04
1.948151e+01 2.685505e+00 -1.287871e-04
1.989114e+01 1.570796e-02 -1.600405e-07
1.989114e+01 2.346256e-02 -1.228012e-07
1.989114e+01 3.503514e-02 -5.742782e-07
1.989114e+01 5.263151e-02 -1.131941e-06
1.989114e+01 7.314235e-02 -2.056169e-06
1.989114e+01 1.025928e-01 -2.894620e-06
1.989114e+01 1.448116e-01 -5.609672e-06
1.989114e+01 2.023460e-01 -9.023575e-06
1.989114e+01 2.834245e-01 -1.214666e-05
1.989114e+01 3.967448e-01 -1.804726e-05
1.989114e+01 5.552783e-01 -2.568808e-05
1.989114e+01 7.774819e-01 -3.732752e-05
1.989114e+01 1.088445e+00 -5.119152e-05
1.989114e+01 1.523711e+00 -7.231176e-05
1.989114e+01 2.088426e+00 -9.383098e-05
1.989114e+01 2.685505e+00 -9.073693e-05
2.030896e+01 1.570796e-02 -1.190251e-07
2.030896e+01 2.346256e-02 -7.435703e-08
2.030896e+01 3.503514e-02 -3.848905e-07
2.030896e+01 5.263151e-02 -7.110595e-07
2.030896e+01 7.314235e-02 -1.281403e-06
2.030896e+01 1.025928e-01 -1.819487e-06
2.030896e+01 1.448116e-01 -3.685193e-06
2.030896e+01 2.023460e-01 -6.026372e-06
2.030896e+01 2.834245e-01 -7.999135e-06
2.030896e+01 3.967448e-01 -1.184286e-05
2.030896e+01 5.552783e-01 -1.717728e-05
2.030896e+01 7.774819e-01 -2.504626e-05
2.030896e+01 1.088445e+00 -3.393999e-05
2.030896e+01 1.523711e+00 -4.795169e-05
2.030896e+01 2.088426e+00 -6.285427e-05
2.030896e+01 2.685505e+00 -6.078188e-05
2.073514e+01 1.570796e-02 -7.142952e-08
2.073514e+01 2.346256e-02 -3.606140e-08
2.073514e+01 3.503514e-02 -2.435980e-07
2.073514e+01 5.263151e-02 -4.568211e-07
2.073514e+01 7.314235e-02 -7.743838e-07
2.073514e+01 1.025928e-01 -1.141294e-06
2.073514e+01 1.448116e-01 -2.411720e-06
2.073514e+01 2.023460e-01 -3.886026e-06
2.073514e+01 2.834245e-01 -5.100102e-06
2.073514e+01 3.967448e-01 -7.629622e-06
2.073514e+01 5.552783e-01 -1.120865e-05
2.073514e+01 7.774819e-01 -1.649129e-05
2.073514e+01 1.088445e+00 -2.193693e-05
2.073514e+01 1.523711e+00 -3.108645e-05
2.073514e+01 2.088426e+00 -4.099413e-05
2.073514e+01 2.685505e+00 -3.955858e-05
2.116984e+01 1.570796e-02 -4.874137e-08
2.116984e+01 2.346256e-02 -2.597862e-08
2.116984e+01 3.503514e-02 -1.543514e-07
2.116984e+01 5.263151e-02 -2.704846e-07
2.116984e+01 7.314235e-02 -4.686108e-07
2.116984e+01 1.025928e-01 -7.277387e-07
2.116984e+01 1.448116e-01 -1.518913e-06
2.116984e+01 2.023460e-01 -2.472440e-06
2.116984e+01 2.834245e-01 -3.213119e-06
2.116984e+01 3.967448e-01 -4.853681e-06
2.116984e+01 5.552783e-01 -7.184212e-06
2.116984e+01 7.774819e-01 -1.061347e-05
2.116984e+01 1.088445e+00 -1.414517e-05
2.116984e+01 1.523711e+00 -2.010961e-05
2.116984e+01 2.088426e+00 -2.603342e-05
2.116984e+01 2.685505e+00 -2.476338e-05
2.161324e+01 1.570796e-02 -2.809937e-08
2.161324e+01 2.346256e-02 -2.183467e-08
2.161324e+01 3.503514e-02 -8.756667e-08
2.161324e+01 5.263151e-02 -1.534097e-07
2.161324e+01 7.314235e-02 -2.538989e-07
2.161324e+01 1.025928e-01 -4.394567e-07
2.161324e+01 1.448116e-01 -9.085516e-07
2.161324e+01 2.023460e-01 -1.454747e-06
2.161324e+01 2.834245e-01 -1.880407e-06
2.161324e+01 3.967448e-01 -2.942235e-06
2.161324e+01 5.552783e-01 -4.357321e-06
2.161324e+01 7.774819e-01 -6.537528e-06
2.161324e+01 1.088445e+00 -8.648494e-06
2.161324e+01 1.523711e+00 -1.209512e-05
2.161324e+01 2.088426e+00 -1.591215e-05
2.161324e+01 2.685505e+00 -1.536825e-05
2.206550e+01 1.570796e-02 5.595724e-10
2.206550e+01 2.346256e-02 1.424260e-09
2.206550e+01 3.503514e-02 2.883803e-09
2.206550e+01 5.263151e-02 5.929031e-09
2.206550e+01 7.314235e-02 1.235472e-08
2.206550e+01 1.025928e-01 1.843352e-08
2.206550e+01 1.448116e-01 3.118998e-08
2.206550e+01 2.023460e-01 4.518155e-08
2.206550e+01 2.834245e-01 6.463041e-08
2.206550e+01 3.967448e-01 8.922675e-08
2.206550e+01 5.552783e-01 1.212472e-07
2.206550e+01 7.774819e-01 1.547162e-07
2.206550e+01 1.088445e+00 1.689597e-07
2.206550e+01 1.523711e+00 1.437646e-07
2.206550e+01 2.088426e+00 9.164729e-08
2.206550e+01 2.685505e+00 4.026355e-08
2.252681e+01 1.570796e-02 5.283011e-10
2.252681e+01 2.346256e-02 1.342165e-09
2.252681e+01 3.503514e-02 2.720567e-09
2.252681e+01 5.263151e-02 5.587939e-09
2.252681e+01 7.314235e-02 1.164515e-08
2.252681e+01 1.025928e-01 1.737269e-08
2.252681e+01 1.448116e-01 2.941161e-08
2.252681e+01 2.023460e-01 4.267648e-08
2.252681e+01 2.834245e-01 6.128769e-08
2.252681e+01 3.967448e-01 8.512239e-08
2.252681e+01 5.552783e-01 1.165314e-07
2.252681e+01 7.774819e-01 1.497402e-07
2.252681e+01 1.088445e+00 1.646987e-07
2.252681e+01 1.523711e+00 1.415010e-07
2.252681e+01 2.088426e+00 9.122832e-08
2.252681e+01 2.685505e+00 4.033144e-08
2.299735e+01 1.570796e-02 4.972248e-10
2.299735e+01 2.346256e-02 1.261555e-09
2.299735e+01 3.503514e-02 2.559068e-09
2.299735e+01 5.263151e-02 5.250487e-09
2.299735e+01 7.314235e-02 1.094830e-08
2.299735e+01 1.025928e-01 1.633134e-08
2.299735e+01 1.448116e-01 2.766407e-08
2.299735e+01 2.023460e-01 4.022215e-08
2.299735e+01 2.834245e-01 5.799307e-08
2.299735e+01 3.967448e-01 8.109360e-08
2.299735e+01 5.552783e-01 1.119010e-07
2.299735e+01 7.774819e-01 1.447182e-07
2.299735e+01 1.088445e+00 1.602237e-07
2.299735e+01 1.523711e+00 1.391227e-07
2.299735e+01 2.088426e+00 9.092561e-08
2.299735e+01 2.685505e+00 4.042214e-08
2.347730e+01 1.570796e-02 4.662510e-10
2.347730e+01 2.346256e-02 1.182360e-09
2.347730e+01 3.503514e-02 2.400389e-09
2.347730e+01 5.263151e-02 4.919508e-09
2.347730e+01 7.314235e-02 1.026644e-08
2.347730e+01 1.025928e-01 1.531055e-08
2.347730e+01 1.448116e-01 2.595897e-08
2.347730e+01 2.023460e-01 3.781780e-08
2.347730e+01 2.834245e-01 5.478109e-08
2.347730e+01 3.967448e-01 7.712139e-08
2.347730e+01 5.552783e-01 1.072388e-07
2.347730e+01 7.774819e-01 1.395443e-07
2.347730e+01 1.088445e+00 1.556141e-07
2.347730e+01 1.523711e+00 1.366767e-07
2.347730e+01 2.088426e+00 9.069418e-08
2.347730e+01 2.685505e+00 4.051622e-08
2.396684e+01 1.570796e-02 4.360966e-10
2.396684e+01 2.346256e-02 1.105173e-09
2.396684e+01 3.503514e-02 2.244837e-09
2.396684e+01 5.263151e-02 4.596471e-09
2.396684e+01 7.314235e-02 9.600098e-09
2.396684e+01 1.025928e-01 1.431519e-08
2.396684e+01 1.448116e-01 2.429641e-08
2.396684e+01 2.023460e-01 3.547555e-08
2.396684e+01 2.834245e-01 5.164267e-08
2.396684e+01 3.967448e-01 7.318155e-08
2.396684e+01 5.552783e-01 1.025483e-07
2.396684e+01 7.774819e-01 1.342414e-07
2.396684e+01 1.088445e+00 1.508167e-07
2.396684e+01 1.523711e+00 1.340920e-07
2.396684e+01 2.088426e+00 9.048184e-08
2.396684e+01 2.685505e+00 4.082461e-08
2.446618e+01 1.570796e-02 4.064653e-10
2.446618e+01 2.346256e-02 1.029743e-09
2.446618e+01 3.503514e-02 2.093406e-09
2.446618e+01 5.263151e-02 4.282076e-09
2.446618e+01 7.314235e-02 8.951632e-09
2.446618e+01 1.025928e-01 1.334366e-08
2.446618e+01 1.448116e-01 2.267618e-08
2.446618e+01 2.023460e-01 3.319628e-08
2.446618e+01 2.834245e-01 4.857699e-08
2.446618e+01 3.967448e-01 6.932381e-08
2.446618e+01 5.552783e-01 9.782798e-08
2.446618e+01 7.774819e-01 1.288140e-07
2.446618e+01 1.088445e+00 1.457770e-07
2.446618e+01 1.523711e+00 1.314512e-07
2.446618e+01 2.088426e+00 9.027844e-08
2.446618e+01 2.685505e+00 4.120464e-08
2.497550e+01 1.570796e-02 3.777047e-10
2.497550e+01 2.346256e-02 9.565692e-10
2.497550e+01 3.503514e-02 1.945509e-09
2.497550e+01 5.263151e-02 3.976645e-09
2.497550e+01 7.314235e-02 8.319978e-09
2.497550e+01 1.025928e-01 1.240016e-08
2.497550e+01 1.448116e-01 2.110064e-08
2.497550e+01 2.023460e-01 3.097982e-08
2.497550e+01 2.834245e-01 4.557819e-08
2.497550e+01 3.967448e-01 6.549644e-08
2.497550e+01 5.552783e-01 9.306154e-08
2.497550e+01 7.774819e-01 1.231824e-07
2.497550e+01 1.088445e+00 1.405051e-07
2.497550e+01 1.523711e+00 1.285407e-07
2.497550e+01 2.088426e+00 9.023389e-08
2.497550e+01 2.685505e+00 4.179012e-08
2.549501e+01 1.570796e-02 3.496430e-10
2.549501e+01 2.346256e-02 8.853514e-10
2.549501e+01 3.503514e-02 1.802462e-09
2.549501e+01 5.263151e-02 3.679497e-09
2.549501e+01 7.314235e-02 7.706941e-09
2.549501e+01 1.025928e-01 1.148392e-08
2.549501e+01 1.448116e-01 1.957071e-08
2.549501e+01 2.023460e-01 2.881454e-08
2.549501e+01 2.834245e-01 4.263741e-08
2.549501e+01 3.967448e-01 6.169742e-08
2.549501e+01 5.552783e-01 8.821746e-08
2.549501e+01 7.774819e-01 1.174129e-07
2.549501e+01 1.088445e+00 1.349502e-07
2.549501e+01 1.523711e+00 1.255243e-07
2.549501e+01 2.088426e+00 9.014906e-08
2.549501e+01 2.685505e+00 4.251998e-08
2.602491e+01 1.570796e-02 3.223279e-10
2.602491e+01 2.346256e-02 8.162384e-10
2.602491e+01 3.503514e-02 1.662596e-09
2.602491e+01 5.263151e-02 3.391097e-09
2.602491e+01 7.314235e-02 7.109721e-09
2.602491e+01 1.025928e-01 1.058956e-08
2.602491e+01 1.448116e-01 1.807803e-08
2.602491e+01 2.023460e-01 2.670275e-08
2.602491e+01 2.834245e-01 3.974184e-08
2.602491e+01 3.967448e-01 5.790063e-08
2.602491e+01 5.552783e-01 8.327070e-08
2.602491e+01 7.774819e-01 1.114036e-07
2.602491e+01 1.088445e+00 1.291422e-07
2.602491e+01 1.523711e+00 1.222573e-07
2.602491e+01 2.088426e+00 9.004179e-08
2.602491e+01 2.685505e+00 4.351215e-08
2.656541e+01 1.570796e-02 2.957765e-10
2.656541e+01 2.346256e-02 7.497927e-10
2.656541e+01 3.503514e-02 1.526186e-09
2.656541e+01 5.263151e-02 3.110967e-09
2.656541e+01 7.314235e-02 6.528227e-09
2.656541e+01 1.025928e-01 9.720489e-09
2.656541e+01 1.448116e-01 1.662467e-08
2.656541e+01 2.023460e-01 2.464616e-08
2.656541e+01 2.834245e-01 3.688400e-08
2.656541e+01 3.967448e-01 5.410606e-08
2.656541e+01 5.552783e-01 7.823775e-08
2.656541e+01 7.774819e-01 1.051942e-07
2.656541e+01 1.088445e+00 1.230434e-07
2.656541e+01 1.523711e+00 1.186863e-07
2.656541e+01 2.088426e+00 8.982200e-08
2.656541e+01 2.685505e+00 4.477616e-08
2.711672e+01 1.570796e-02 2.700987e-10
2.711672e+01 2.346256e-02 6.851063e-10
2.711672e+01 3.503514e-02 1.393515e-09
2.711672e+01 5.263151e-02 2.839588e-09
2.711672e+01 7.314235e-02 5.962031e-09
2.711672e+01 1.025928e-01 8.878384e-09
2.711672e+01 1.448116e-01 1.520726e-08
2.711672e+01 2.023460e-01 2.263535e-08
2.711672e+01 2.834245e-01 3.407406e-08
2.711672e+01 3.967448e-01 5.028297e-08
2.711672e+01 5.552783e-01 7.309263e-08
2.711672e+01 7.774819e-01 9.876362e-08
2.711672e+01 1.088445e+00 1.166357e-07
2.711672e+01 1.523711e+00 1.148026e-07
2.711672e+01 2.088426e+00 8.933005e-08
2.711672e+01 2.685505e+00 4.646093e-08
2.767905e+01 1.570796e-02 2.449838e-10
2.767905e+01 2.346256e-02 6.216522e-10
2.767905e+01 3.503514e-02 1.264403e-09
2.767905e+01 5.263151e-02 2.575825e-09
2.767905e+01 7.314235e-02 5.413013e-09
2.767905e+01 1.025928e-01 8.058411e-09
2.767905e+01 1.448116e-01 1.382918e-08
2.767905e+01 2.023460e-01 2.067027e-08
2.767905e+01 2.834245e-01 3.129494e-08
2.767905e+01 3.967448e-01 4.644371e-08
2.767905e+01 5.552783e-01 6.783099e-08
2.767905e+01 7.774819e-01 9.210842e-08
2.767905e+01 1.088445e+00 1.098921e-07
2.767905e+01 1.523711e+00 1.104638e-07
2.767905e+01 2.088426e+00 8.872845e-08
2.767905e+01 2.685505e+00 4.837114e-08
2.825263e+01 1.570796e-02 2.206428e-10
2.825263e+01 2.346256e-02 5.606014e-10
2.825263e+01 3.503514e-02 1.138633e-09
2.825263e+01 5.263151e-02 2.318781e-09
2.825263e+01 7.314235e-02 4.877812e-09
2.825263e+01 1.025928e-01 7.263898e-09
2.825263e+01 1.448116e-01 1.248084e-08
2.825263e+01 2.023460e-01 1.874390e-08
2.825263e+01 2.834245e-01 2.853070e-08
2.825263e+01 3.967448e-01 4.256563e-08
2.825263e+01 5.552783e-01 6.243965e-08
2.825263e+01 7.774819e-01 8.526285e-08
2.825263e+01 1.088445e+00 1.028056e-07
2.825263e+01 1.523711e+00 1.057110e-07
2.825263e+01 2.088426e+00 8.773589e-08
2.825263e+01 2.685505e+00 5.057879e-08
2.883769e+01 1.570796e-02 1.968867e-10
2.883769e+01 2.346256e-02 5.009203e-10
2.883769e+01 3.503514e-02 1.016235e-09
2.883769e+01 5.263151e-02 2.069228e-09
2.883769e+01 7.314235e-02 4.355743e-09
2.883769e+01 1.025928e-01 6.489033e-09
2.883769e+01 1.448116e-01 1.116602e-08
2.883769e+01 2.023460e-01 1.684755e-08
2.883769e+01 2.834245e-01 2.578225e-08
2.883769e+01 3.967448e-01 3.864826e-08
2.883769e+01 5.552783e-01 5.694434e-08
2.883769e+01 7.774819e-01 7.819935e-08
2.883769e+01 1.088445e+00 9.530478e-08
2.883769e+01 1.523711e+00 1.002542e-07
2.883769e+01 2.088426e+00 8.629837e-08
2.883769e+01 2.685505e+00 5.288019e-08
2.943444e+01 1.570796e-02 1.738435e-10
2.943444e+01 2.346256e-02 4.426957e-10
2.943444e+01 3.503514e-02 8.966053e-10
2.943444e+01 5.263151e-02 1.826168e-09
2.943444e+01 7.314235e-02 3.846747e-09
2.943444e+01 1.025928e-01 5.733900e-09
2.943444e+01 1.448116e-01 9.880119e-09
2.943444e+01 2.023460e-01 1.498032e-08
2.943444e+01 2.834245e-01 2.304229e-08
2.943444e+01 3.967448e-01 3.469232e-08
2.943444e+01 5.552783e-01 5.132321e-08
2.943444e+01 7.774819e-01 7.087925e-08
2.943444e+01 1.088445e+00 8.738155e-08
2.943444e+01 1.523711e+00 9.418359e-08
2.943444e+01 2.088426e+00 8.423770e-08
2.943444e+01 2.685505e+00 5.522878e-08
3.004313e+01 1.570796e-02 1.513028e-10
3.004313e+01 2.346256e-02 3.857724e-10
3.004313e+01 3.503514e-02 7.804107e-10
3.004313e+01 5.263151e-02 1.589939e-09
3.004313e+01 7.314235e-02 3.351165e-09
3.004313e+01 1.025928e-01 4.997813e-09
3.004313e+01 1.448116e-01 8.624179e-09
3.004313e+01 2.023460e-01 1.313662e-08
3.004313e+01 2.834245e-01 2.030088e-08
3.004313e+01 3.967448e-01 3.069962e-08
3.004313e+01 5.552783e-01 4.558352e-08
3.004313e+01 7.774819e-01 6.330775e-08
3.004313e+01 1.088445e+00 7.902688e-08
3.004313e+01 1.523711e+00 8.730032e-08
3.004313e+01 2.088426e+00 8.138675e-08
3.004313e+01 2.685505e+00 5.731760e-08
3.066399e+01 1.570796e-02 1.292905e-10
3.066399e+01 2.346256e-02 3.305563e-10
3.066399e+01 3.503514e-02 6.669262e-10
3.066399e+01 5.263151e-02 1.359194e-09
3.066399e+01 7.314235e-02 2.868071e-09
3.066399e+01 1.025928e-01 4.279445e-09
3.066399e+01 1.448116e-01 7.392432e-09
3.066399e+01 2.023460e-01 1.132003e-08
3.066399e+01 2.834245e-01 1.757450e-08
3.066399e+01 3.967448e-01 2.666364e-08
3.066399e+01 5.552783e-01 3.974389e-08
3.066399e+01 7.774819e-01 5.548872e-08
3.066399e+01 1.088445e+00 7.014209e-08
3.066399e+01 1.523711e+00 7.948418e-08
3.066399e+01 2.088426e+00 7.738802e-08
3.066399e+01 2.685505e+00 5.879433e-08
3.129727e+01 1.570796e-02 1.079449e-10
3.129727e+01 2.346256e-02 2.762913e-10
3.129727e+01 3.503514e-02 5.563315e-10
3.129727e+01 5.263151e-02 1.134620e-09
3.129727e+01 7.314235e-02 2.395869e-09
3.129727e+01 1.025928e-01 3.578919e-09
3.129727e+01 1.448116e-01 6.188395e-09
3.129727e+01 2.023460e-01 9.519395e-09
3.129727e+01 2.834245e-01 1.484498e-08
3.129727e+01 3.967448e-01 2.259225e-08
3.129727e+01 5.552783e-01 3.378937e-08
3.129727e+01 7.774819e-01 4.743328e-08
3.129727e+01 1.088445e+00 6.070766e-08
3.129727e+01 1.523711e+00 7.063622e-08
3.129727e+01 2.088426e+00 7.205718e-08
3.129727e+01 2.685505e+00 5.930229e-08
3.194322e+01 1.570796e-02 8.705367e-11
3.194322e+01 2.346256e-02 2.233892e-10
3.194322e+01 3.503514e-02 4.486794e-10
3.194322e+01 5.263151e-02 9.156703e-10
3.194322e+01 7.314235e-02 1.935347e-09
3.194322e+01 1.025928e-01 2.893799e-09
3.194322e+01 1.448116e-01 5.009372e-09
3.194322e+01 2.023460e-01 7.740481e-09
3.194322e+01 2.834245e-01 1.211801e-08
3.194322e+01 3.967448e-01 1.849457e-08
3.194322e+01 5.552783e-01 2.773654e-08
3.194322e+01 7.774819e-01 3.914783e-08
3.194322e+01 1.088445e+00 5.075458e-08
3.194322e+01 1.523711e+00 6.067624e-08
3.194322e+01 2.088426e+00 6.499897e-08
3.194322e+01 2.685505e+00 5.803883e-08
3.260208e+01 1.570796e-02 6.667502e-11
3.260208e+01 2.346256e-02 1.713659e-10
3.260208e+01 3.503514e-02 3.434161e-10
3.260208e+01 5.263151e-02 7.022609e-10
3.260208e+01 7.314235e-02 1.485622e-09
3.260208e+01 1.025928e-01 2.223505e-09
3.260208e+01 1.448116e-01 3.853998e-09
3.260208e+01 2.023460e-01 5.979659e-09
3.260208e+01 2.834245e-01 9.395039e-09
3.260208e+01 3.967448e-01 1.436740e-08
3.260208e+01 5.552783e-01 2.161389e-08
3.260208e+01 7.774819e-01 3.065987e-08
3.260208e+01 1.088445e+00 4.024479e-08
3.260208e+01 1.523711e+00 4.945161e-08
3.260208e+01 2.088426e+00 5.578338e-08
3.260208e+01 2.685505e+00 5.411192e-08
3.327412e+01 1.570796e-02 4.682783e-11
3.327412e+01 2.346256e-02 1.207736e-10
3.327412e+01 3.503514e-02 2.411512e-10
3.327412e+01 5.263151e-02 4.937063e-10
3.327412e+01 7.314235e-02 1.045035e-09
3.327412e+01 1.025928e-01 1.566628e-09
3.327412e+01 1.448116e-01 2.717707e-09
3.327412e+01 2.023460e-01 4.235151e-09
3.327412e+01 2.834245e-01 6.677124e-09
3.327412e+01 3.967448e-01 1.022915e-08
3.327412e+01 5.552783e-01 1.543022e-08
3.327412e+01 7.774819e-01 2.197999e-08
3.327412e+01 1.088445e+00 2.922684e-08
3.327412e+01 1.523711e+00 3.690288e-08
3.327412e+01 2.088426e+00 4.395535e-08
3.327412e+01 2.685505e+00 4.630258e-08
3.395961e+01 1.570796e-02 2.814668e-11
3.395961e+01 2.346256e-02 7.303716e-11
3.395961e+01 3.503514e-02 1.448537e-10
3.395961e+01 5.263151e-02 2.977650e-10
3.395961e+01 7.314235e-02 6.307784e-10
3.395961e+01 1.025928e-01 9.465996e-10
3.395961e+01 1.448116e-01 1.641242e-09
3.395961e+01 2.023460e-01 2.560220e-09
3.395961e+01 2.834245e-01 4.033467e-09
3.395961e+01 3.967448e-01 6.157323e-09
3.395961e+01 5.552783e-01 9.272139e-09
3.395961e+01 7.774819e-01 1.320676e-08
3.395961e+01 1.088445e+00 1.772362e-08
3.395961e+01 1.523711e+00 2.295727e-08
3.395961e+01 2.088426e+00 2.878901e-08
3.395961e+01 2.685505e+00 3.258092e-08
3.465880e+01 1.570796e-02 9.003941e-12
3.465880e+01 2.346256e-02 2.236457e-11
3.465880e+01 3.503514e-02 4.776633e-11
3.465880e+01 5.263151e-02 9.230545e-11
3.465880e+01 7.314235e-02 2.012057e-10
3.465880e+01 1.025928e-01 2.995530e-10
3.465880e+01 1.448116e-01 5.188842e-10
3.465880e+01 2.023460e-01 8.207522e-10
3.465880e+01 2.834245e-01 1.304737e-09
3.465880e+01 3.967448e-01 2.003584e-09
3.465880e+01 5.552783e-01 3.027273e-09
3.465880e+01 7.774819e-01 4.334996e-09
3.465880e+01 1.088445e+00 5.876406e-09
3.465880e+01 1.523711e+00 7.781834e-09
3.465880e+01 2.088426e+00 1.021689e-08
3.465880e+01 2.685505e+00 1.234914e-08
3.537197e+01 1.570796e-02 0.000000e+00
3.537197e+01 2.346256e-02 0.000000e+00
3.537197e+01 3.503514e-02 0.000000e+00
3.537197e+01 5.263151e-02 0.000000e+00
3.537197e+01 7.314235e-02 0.000000e+00
3.537197e+01 1.025928e-01 0.000000e+00
3.537197e+01 1.448116e-01 0.000000e+00
3.537197e+01 2.023460e-01 0.000000e+00
3.537197e+01 2.834245e-01 0.000000e+00
3.537197e+01 3.967448e-01 0.000000e+00
3.537197e+01 5.552783e-01 0.000000e+00
3.537197e+01 7.774819e-01 0.000000e+00
3.537197e+01 1.088445e+00 0.000000e+00
3.537197e+01 1.523711e+00 0.000000e+00
3.537197e+01 2.088426e+00 0.000000e+00
3.537197e+01 2.685505e+00 0.000000e+00
