5.000000e+00 1.570796e-02 0.000000e+00
5.000000e+00 2.346256e-02 0.000000e+00
5.000000e+00 3.503514e-02 0.000000e+00
5.000000e+00 5.263151e-02 0.000000e+00
5.000000e+00 7.314235e-02 0.000000e+00
5.000000e+00 1.025928e-01 0.000000e+00
5.000000e+00 1.448116e-01 0.000000e+00
5.000000e+00 2.023460e-01 0.000000e+00
5.000000e+00 2.834245e-01 0.000000e+00
5.000000e+00 3.967448e-01 0.000000e+00
5.000000e+00 5.552783e-01 0.000000e+00
5.000000e+00 7.774819e-01 0.000000e+00
5.000000e+00 1.088445e+00 0.000000e+00
5.000000e+00 1.523711e+00 0.000000e+00
5.000000e+00 2.088426e+00 0.000000e+00
5.000000e+00 2.685505e+00 0.000000e+00
5.120000e+00 1.570796e-02 0.000000e+00
5.120000e+00 2.346256e-02 0.000000e+00
5.120000e+00 3.503514e-02 0.000000e+00
5.120000e+00 5.263151e-02 0.000000e+00
5.120000e+00 7.314235e-02 0.000000e+00
5.120000e+00 1.025928e-01 0.000000e+00
5.120000e+00 1.448116e-01 0.000000e+00
5.120000e+00 2.023460e-01 0.000000e+00
5.120000e+00 2.834245e-01 0.000000e+00
5.120000e+00 3.967448e-01 0.000000e+00
5.120000e+00 5.552783e-01 0.000000e+00
5.120000e+00 7.774819e-01 0.000000e+00
5.120000e+00 1.088445e+00 0.000000e+00
5.120000e+00 1.523711e+00 0.000000e+00
5.120000e+00 2.088426e+00 0.000000e+00
5.120000e+00 2.685505e+00 0.000000e+00
5.242400e+00 1.570796e-02 0.000000e+00
5.242400e+00 2.346256e-02 0.000000e+00
5.242400e+00 3.503514e-02 0.000000e+00
5.242400e+00 5.263151e-02 0.000000e+00
5.242400e+00 7.314235e-02 0.000000e+00
5.242400e+00 1.025928e-01 0.000000e+00
5.242400e+00 1.448116e-01 0.000000e+00
5.242400e+00 2.023460e-01 0.000000e+00
5.242400e+00 2.834245e-01 0.000000e+00
5.242400e+00 3.967448e-01 0.000000e+00
5.242400e+00 5.552783e-01 0.000000e+00
5.242400e+00 7.774819e-01 0.000000e+00
5.242400e+00 1.088445e+00 0.000000e+00
5.242400e+00 1.523711e+00 0.000000e+00
5.242400e+00 2.088426e+00 0.000000e+00
5.242400e+00 2.685505e+00 0.000000e+00
5.367248e+00 1.570796e-02 -6.274462e-05
5.367248e+00 2.346256e-02 -4.335884e-05
5.367248e+00 3.503514e-02 -8.454986e-05
5.367248e+00 5.263151e-02 -4.230765e-05
5.367248e+00 7.314235e-02 -1.296916e-04
5.367248e+00 1.025928e-01 -1.282750e-05
5.367248e+00 1.448116e-01 -1.370242e-04
5.367248e+00 2.023460e-01 -6.281865e-05
5.367248e+00 2.834245e-01 -8.003718e-05
5.367248e+00 3.967448e-01 -2.806048e-05
5.367248e+00 5.552783e-01 -4.108093e-05
5.367248e+00 7.774819e-01 -4.470895e-05
5.367248e+00 1.088445e+00 -3.900913e-05
5.367248e+00 1.523711e+00 -3.249243e-05
5.367248e+00 2.088426e+00 -3.779959e-05
5.367248e+00 2.685505e+00 -4.119155e-05
5.494593e+00 1.570796e-02 -2.214391e-04
5.494593e+00 2.346256e-02 -1.746145e-04
5.494593e+00 3.503514e-02 -2.864492e-04
5.494593e+00 5.263151e-02 -4.186220e-04
5.494593e+00 7.314235e-02 -5.262818e-04
5.494593e+00 1.025928e-01 -2.903881e-04
5.494593e+00 1.448116e-01 -3.543261e-04
5.494593e+00 2.023460e-01 -4.142194e-04
5.494593e+00 2.834245e-01 -4.995710e-04
5.494593e+00 3.967448e-01 -2.888667e-04
5.494593e+00 5.552783e-01 -2.605471e-04
5.494593e+00 7.774819e-01 -2.477346e-04
5.494593e+00 1.088445e+00 -2.132563e-04
5.494593e+00 1.523711e+00 -1.945162e-04
5.494593e+00 2.088426e+00 -2.087923e-04
5.494593e+00 2.685505e+00 -2.239484e-04
5.624485e+00 1.570796e-02 -4.729058e-04
5.624485e+00 2.346256e-02 -4.634930e-04
5.624485e+00 3.503514e-02 -7.439349e-04
5.624485e+00 5.263151e-02 -1.319348e-03
5.624485e+00 7.314235e-02 -1.652346e-03
5.624485e+00 1.025928e-01 -1.338104e-03
5.624485e+00 1.448116e-01 -1.659026e-03
5.624485e+00 2.023460e-01 -1.560770e-03
5.624485e+00 2.834245e-01 -1.512684e-03
5.624485e+00 3.967448e-01 -1.097826e-03
5.624485e+00 5.552783e-01 -9.549887e-04
5.624485e+00 7.774819e-01 -8.685498e-04
5.624485e+00 1.088445e+00 -7.351199e-04
5.624485e+00 1.523711e+00 -6.765386e-04
5.624485e+00 2.088426e+00 -7.280669e-04
5.624485e+00 2.685505e+00 -7.752890e-04
5.756975e+00 1.570796e-02 -7.741024e-04
5.756975e+00 2.346256e-02 -1.142897e-03
5.756975e+00 3.503514e-02 -1.748524e-03
5.756975e+00 5.263151e-02 -2.897643e-03
5.756975e+00 7.314235e-02 -4.504660e-03
5.756975e+00 1.025928e-01 -3.197648e-03
5.756975e+00 1.448116e-01 -4.027683e-03
5.756975e+00 2.023460e-01 -3.748964e-03
5.756975e+00 2.834245e-01 -3.732434e-03
5.756975e+00 3.967448e-01 -2.879583e-03
5.756975e+00 5.552783e-01 -2.535653e-03
5.756975e+00 7.774819e-01 -2.204003e-03
5.756975e+00 1.088445e+00 -1.880948e-03
5.756975e+00 1.523711e+00 -1.724540e-03
5.756975e+00 2.088426e+00 -1.816408e-03
5.756975e+00 2.685505e+00 -1.940179e-03
5.892114e+00 1.570796e-02 -8.993345e-04
5.892114e+00 2.346256e-02 -1.840281e-03
5.892114e+00 3.503514e-02 -3.134297e-03
5.892114e+00 5.263151e-02 -4.597638e-03
5.892114e+00 7.314235e-02 -7.607146e-03
5.892114e+00 1.025928e-01 -5.941595e-03
5.892114e+00 1.448116e-01 -6.832576e-03
5.892114e+00 2.023460e-01 -7.080559e-03
5.892114e+00 2.834245e-01 -6.625037e-03
5.892114e+00 3.967448e-01 -5.433865e-03
5.892114e+00 5.552783e-01 -4.874060e-03
5.892114e+00 7.774819e-01 -4.127170e-03
5.892114e+00 1.088445e+00 -3.504428e-03
5.892114e+00 1.523711e+00 -3.147831e-03
5.892114e+00 2.088426e+00 -3.277903e-03
5.892114e+00 2.685505e+00 -3.476291e-03
6.029956e+00 1.570796e-02 -9.623886e-04
6.029956e+00 2.346256e-02 -2.325821e-03
6.029956e+00 3.503514e-02 -4.348693e-03
6.029956e+00 5.263151e-02 -6.504026e-03
6.029956e+00 7.314235e-02 -1.084695e-02
6.029956e+00 1.025928e-01 -9.625289e-03
6.029956e+00 1.448116e-01 -1.105351e-02
6.029956e+00 2.023460e-01 -1.129839e-02
6.029956e+00 2.834245e-01 -1.073532e-02
6.029956e+00 3.967448e-01 -9.060292e-03
6.029956e+00 5.552783e-01 -7.960965e-03
6.029956e+00 7.774819e-01 -6.812022e-03
6.029956e+00 1.088445e+00 -5.653605e-03
6.029956e+00 1.523711e+00 -5.015620e-03
6.029956e+00 2.088426e+00 -5.196082e-03
6.029956e+00 2.685505e+00 -5.449727e-03
6.170555e+00 1.570796e-02 -1.008921e-03
6.170555e+00 2.346256e-02 -2.599522e-03
6.170555e+00 3.503514e-02 -5.172398e-03
6.170555e+00 5.263151e-02 -8.115801e-03
6.170555e+00 7.314235e-02 -1.381096e-02
6.170555e+00 1.025928e-01 -1.363096e-02
6.170555e+00 1.448116e-01 -1.618053e-02
6.170555e+00 2.023460e-01 -1.643304e-02
6.170555e+00 2.834245e-01 -1.579588e-02
6.170555e+00 3.967448e-01 -1.338246e-02
6.170555e+00 5.552783e-01 -1.186190e-02
6.170555e+00 7.774819e-01 -1.006197e-02
6.170555e+00 1.088445e+00 -8.388524e-03
6.170555e+00 1.523711e+00 -7.345373e-03
6.170555e+00 2.088426e+00 -7.448384e-03
6.170555e+00 2.685505e+00 -7.712494e-03
6.313967e+00 1.570796e-02 -1.025784e-03
6.313967e+00 2.346256e-02 -2.568695e-03
6.313967e+00 3.503514e-02 -5.566102e-03
6.313967e+00 5.263151e-02 -9.395791e-03
6.313967e+00 7.314235e-02 -1.606014e-02
6.313967e+00 1.025928e-01 -1.749651e-02
6.313967e+00 1.448116e-01 -2.098437e-02
6.313967e+00 2.023460e-01 -2.142019e-02
6.313967e+00 2.834245e-01 -2.090554e-02
6.313967e+00 3.967448e-01 -1.814749e-02
6.313967e+00 5.552783e-01 -1.624638e-02
6.313967e+00 7.774819e-01 -1.362071e-02
6.313967e+00 1.088445e+00 -1.138791e-02
6.313967e+00 1.523711e+00 -9.767664e-03
6.313967e+00 2.088426e+00 -9.847711e-03
6.313967e+00 2.685505e+00 -1.011428e-02
6.460246e+00 1.570796e-02 -1.044737e-03
6.460246e+00 2.346256e-02 -2.466940e-03
6.460246e+00 3.503514e-02 -5.613964e-03
6.460246e+00 5.263151e-02 -9.899411e-03
6.460246e+00 7.314235e-02 -1.745109e-02
6.460246e+00 1.025928e-01 -2.036186e-02
6.460246e+00 1.448116e-01 -2.569754e-02
6.460246e+00 2.023460e-01 -2.639933e-02
6.460246e+00 2.834245e-01 -2.594514e-02
6.460246e+00 3.967448e-01 -2.308808e-02
6.460246e+00 5.552783e-01 -2.062664e-02
6.460246e+00 7.774819e-01 -1.746402e-02
6.460246e+00 1.088445e+00 -1.439098e-02
6.460246e+00 1.523711e+00 -1.234857e-02
6.460246e+00 2.088426e+00 -1.225232e-02
6.460246e+00 2.685505e+00 -1.247364e-02
6.609451e+00 1.570796e-02 -9.946793e-04
6.609451e+00 2.346256e-02 -2.337461e-03
6.609451e+00 3.503514e-02 -5.364083e-03
6.609451e+00 5.263151e-02 -9.791285e-03
6.609451e+00 7.314235e-02 -1.798095e-02
6.609451e+00 1.025928e-01 -2.235567e-02
6.609451e+00 1.448116e-01 -2.938251e-02
6.609451e+00 2.023460e-01 -3.077911e-02
6.609451e+00 2.834245e-01 -3.047027e-02
6.609451e+00 3.967448e-01 -2.781277e-02
6.609451e+00 5.552783e-01 -2.488248e-02
6.609451e+00 7.774819e-01 -2.115747e-02
6.609451e+00 1.088445e+00 -1.739834e-02
6.609451e+00 1.523711e+00 -1.479379e-02
6.609451e+00 2.088426e+00 -1.451691e-02
6.609451e+00 2.685505e+00 -1.465537e-02
6.761640e+00 1.570796e-02 -9.218599e-04
6.761640e+00 2.346256e-02 -2.199226e-03
6.761640e+00 3.503514e-02 -5.053883e-03
6.761640e+00 5.263151e-02 -9.505744e-03
6.761640e+00 7.314235e-02 -1.784149e-02
6.761640e+00 1.025928e-01 -2.335061e-02
6.761640e+00 1.448116e-01 -3.150240e-02
6.761640e+00 2.023460e-01 -3.411343e-02
6.761640e+00 2.834245e-01 -3.433906e-02
6.761640e+00 3.967448e-01 -3.187580e-02
6.761640e+00 5.552783e-01 -2.883495e-02
6.761640e+00 7.774819e-01 -2.445679e-02
6.761640e+00 1.088445e+00 -2.016355e-02
6.761640e+00 1.523711e+00 -1.703344e-02
6.761640e+00 2.088426e+00 -1.656401e-02
6.761640e+00 2.685505e+00 -1.641551e-02
6.916873e+00 1.570796e-02 -8.345575e-04
6.916873e+00 2.346256e-02 -2.016198e-03
6.916873e+00 3.503514e-02 -4.726060e-03
6.916873e+00 5.263151e-02 -9.033356e-03
6.916873e+00 7.314235e-02 -1.719730e-02
6.916873e+00 1.025928e-01 -2.351857e-02
6.916873e+00 1.448116e-01 -3.268684e-02
6.916873e+00 2.023460e-01 -3.637261e-02
6.916873e+00 2.834245e-01 -3.733972e-02
6.916873e+00 3.967448e-01 -3.523091e-02
6.916873e+00 5.552783e-01 -3.216478e-02
6.916873e+00 7.774819e-01 -2.747503e-02
6.916873e+00 1.088445e+00 -2.263200e-02
6.916873e+00 1.523711e+00 -1.899918e-02
6.916873e+00 2.088426e+00 -1.826519e-02
6.916873e+00 2.685505e+00 -1.795494e-02
7.075210e+00 1.570796e-02 -7.573145e-04
7.075210e+00 2.346256e-02 -1.868128e-03
7.075210e+00 3.503514e-02 -4.303802e-03
7.075210e+00 5.263151e-02 -8.386170e-03
7.075210e+00 7.314235e-02 -1.618518e-02
7.075210e+00 1.025928e-01 -2.294664e-02
7.075210e+00 1.448116e-01 -3.284606e-02
7.075210e+00 2.023460e-01 -3.754062e-02
7.075210e+00 2.834245e-01 -3.934141e-02
7.075210e+00 3.967448e-01 -3.795082e-02
7.075210e+00 5.552783e-01 -3.498731e-02
7.075210e+00 7.774819e-01 -3.009188e-02
7.075210e+00 1.088445e+00 -2.482277e-02
7.075210e+00 1.523711e+00 -2.072098e-02
7.075210e+00 2.088426e+00 -1.991263e-02
7.075210e+00 2.685505e+00 -1.932784e-02
7.236714e+00 1.570796e-02 -6.952782e-04
7.236714e+00 2.346256e-02 -1.734420e-03
7.236714e+00 3.503514e-02 -3.859835e-03
7.236714e+00 5.263151e-02 -7.670850e-03
7.236714e+00 7.314235e-02 -1.504034e-02
7.236714e+00 1.025928e-01 -2.178981e-02
7.236714e+00 1.448116e-01 -3.221889e-02
7.236714e+00 2.023460e-01 -3.777672e-02
7.236714e+00 2.834245e-01 -4.052246e-02
7.236714e+00 3.967448e-01 -3.989610e-02
7.236714e+00 5.552783e-01 -3.719207e-02
7.236714e+00 7.774819e-01 -3.223548e-02
7.236714e+00 1.088445e+00 -2.661048e-02
7.236714e+00 1.523711e+00 -2.220602e-02
7.236714e+00 2.088426e+00 -2.115398e-02
7.236714e+00 2.685505e+00 -2.038857e-02
7.401449e+00 1.570796e-02 -6.342324e-04
7.401449e+00 2.346256e-02 -1.580347e-03
7.401449e+00 3.503514e-02 -3.412568e-03
7.401449e+00 5.263151e-02 -6.983961e-03
7.401449e+00 7.314235e-02 -1.381289e-02
7.401449e+00 1.025928e-01 -2.042358e-02
7.401449e+00 1.448116e-01 -3.098135e-02
7.401449e+00 2.023460e-01 -3.726845e-02
7.401449e+00 2.834245e-01 -4.097902e-02
7.401449e+00 3.967448e-01 -4.103287e-02
7.401449e+00 5.552783e-01 -3.871428e-02
7.401449e+00 7.774819e-01 -3.390404e-02
7.401449e+00 1.088445e+00 -2.807134e-02
7.401449e+00 1.523711e+00 -2.341721e-02
7.401449e+00 2.088426e+00 -2.219385e-02
7.401449e+00 2.685505e+00 -2.123840e-02
7.569477e+00 1.570796e-02 -5.778522e-04
7.569477e+00 2.346256e-02 -1.437546e-03
7.569477e+00 3.503514e-02 -3.035856e-03
7.569477e+00 5.263151e-02 -6.320731e-03
7.569477e+00 7.314235e-02 -1.257420e-02
7.569477e+00 1.025928e-01 -1.893242e-02
7.569477e+00 1.448116e-01 -2.924322e-02
7.569477e+00 2.023460e-01 -3.612646e-02
7.569477e+00 2.834245e-01 -4.066045e-02
7.569477e+00 3.967448e-01 -4.147276e-02
7.569477e+00 5.552783e-01 -3.969850e-02
7.569477e+00 7.774819e-01 -3.503962e-02
7.569477e+00 1.088445e+00 -2.915740e-02
7.569477e+00 1.523711e+00 -2.433083e-02
7.569477e+00 2.088426e+00 -2.302221e-02
7.569477e+00 2.685505e+00 -2.185599e-02
7.740867e+00 1.570796e-02 -5.215810e-04
7.740867e+00 2.346256e-02 -1.312760e-03
7.740867e+00 3.503514e-02 -2.728598e-03
7.740867e+00 5.263151e-02 -5.702347e-03
7.740867e+00 7.314235e-02 -1.138470e-02
7.740867e+00 1.025928e-01 -1.727819e-02
7.740867e+00 1.448116e-01 -2.714231e-02
7.740867e+00 2.023460e-01 -3.439920e-02
7.740867e+00 2.834245e-01 -3.974424e-02
7.740867e+00 3.967448e-01 -4.135379e-02
7.740867e+00 5.552783e-01 -4.009571e-02
7.740867e+00 7.774819e-01 -3.574425e-02
7.740867e+00 1.088445e+00 -2.990128e-02
7.740867e+00 1.523711e+00 -2.499600e-02
7.740867e+00 2.088426e+00 -2.362193e-02
7.740867e+00 2.685505e+00 -2.228020e-02
7.915684e+00 1.570796e-02 -4.638240e-04
7.915684e+00 2.346256e-02 -1.191470e-03
7.915684e+00 3.503514e-02 -2.451737e-03
7.915684e+00 5.263151e-02 -5.133963e-03
7.915684e+00 7.314235e-02 -1.022855e-02
7.915684e+00 1.025928e-01 -1.561267e-02
7.915684e+00 1.448116e-01 -2.490860e-02
7.915684e+00 2.023460e-01 -3.235190e-02
7.915684e+00 2.834245e-01 -3.836432e-02
7.915684e+00 3.967448e-01 -4.068342e-02
7.915684e+00 5.552783e-01 -4.001058e-02
7.915684e+00 7.774819e-01 -3.606000e-02
7.915684e+00 1.088445e+00 -3.034386e-02
7.915684e+00 1.523711e+00 -2.547746e-02
7.915684e+00 2.088426e+00 -2.398613e-02
7.915684e+00 2.685505e+00 -2.248130e-02
8.093998e+00 1.570796e-02 -4.105872e-04
8.093998e+00 2.346256e-02 -1.082453e-03
8.093998e+00 3.503514e-02 -2.194786e-03
8.093998e+00 5.263151e-02 -4.606224e-03
8.093998e+00 7.314235e-02 -9.179876e-03
8.093998e+00 1.025928e-01 -1.403025e-02
8.093998e+00 1.448116e-01 -2.270924e-02
8.093998e+00 2.023460e-01 -3.013419e-02
8.093998e+00 2.834245e-01 -3.662462e-02
8.093998e+00 3.967448e-01 -3.960557e-02
8.093998e+00 5.552783e-01 -3.947042e-02
8.093998e+00 7.774819e-01 -3.601283e-02
8.093998e+00 1.088445e+00 -3.049026e-02
8.093998e+00 1.523711e+00 -2.569723e-02
8.093998e+00 2.088426e+00 -2.420539e-02
8.093998e+00 2.685505e+00 -2.260571e-02
8.275878e+00 1.570796e-02 -3.586211e-04
8.275878e+00 2.346256e-02 -9.850625e-04
8.275878e+00 3.503514e-02 -1.961441e-03
8.275878e+00 5.263151e-02 -4.116161e-03
8.275878e+00 7.314235e-02 -8.209684e-03
8.275878e+00 1.025928e-01 -1.254908e-02
8.275878e+00 1.448116e-01 -2.053467e-02
8.275878e+00 2.023460e-01 -2.775273e-02
8.275878e+00 2.834245e-01 -3.451049e-02
8.275878e+00 3.967448e-01 -3.808413e-02
8.275878e+00 5.552783e-01 -3.846726e-02
8.275878e+00 7.774819e-01 -3.552788e-02
8.275878e+00 1.088445e+00 -3.031579e-02
8.275878e+00 1.523711e+00 -2.571278e-02
8.275878e+00 2.088426e+00 -2.431900e-02
8.275878e+00 2.685505e+00 -2.251169e-02
8.461396e+00 1.570796e-02 -3.139407e-04
8.461396e+00 2.346256e-02 -8.852175e-04
8.461396e+00 3.503514e-02 -1.748868e-03
8.461396e+00 5.263151e-02 -3.665657e-03
8.461396e+00 7.314235e-02 -7.315873e-03
8.461396e+00 1.025928e-01 -1.116985e-02
8.461396e+00 1.448116e-01 -1.843932e-02
8.461396e+00 2.023460e-01 -2.537296e-02
8.461396e+00 2.834245e-01 -3.220299e-02
8.461396e+00 3.967448e-01 -3.620940e-02
8.461396e+00 5.552783e-01 -3.714305e-02
8.461396e+00 7.774819e-01 -3.466048e-02
8.461396e+00 1.088445e+00 -2.985396e-02
8.461396e+00 1.523711e+00 -2.549969e-02
8.461396e+00 2.088426e+00 -2.413477e-02
8.461396e+00 2.685505e+00 -2.224255e-02
8.650623e+00 1.570796e-02 -2.769285e-04
8.650623e+00 2.346256e-02 -7.956417e-04
8.650623e+00 3.503514e-02 -1.558843e-03
8.650623e+00 5.263151e-02 -3.253977e-03
8.650623e+00 7.314235e-02 -6.504241e-03
8.650623e+00 1.025928e-01 -9.933068e-03
8.650623e+00 1.448116e-01 -1.648958e-02
8.650623e+00 2.023460e-01 -2.302605e-02
8.650623e+00 2.834245e-01 -2.975326e-02
8.650623e+00 3.967448e-01 -3.406713e-02
8.650623e+00 5.552783e-01 -3.549652e-02
8.650623e+00 7.774819e-01 -3.358638e-02
8.650623e+00 1.088445e+00 -2.915011e-02
8.650623e+00 1.523711e+00 -2.512765e-02
8.650623e+00 2.088426e+00 -2.375673e-02
8.650623e+00 2.685505e+00 -2.177867e-02
8.843636e+00 1.570796e-02 -2.440796e-04
8.843636e+00 2.346256e-02 -7.126212e-04
8.843636e+00 3.503514e-02 -1.387253e-03
8.843636e+00 5.263151e-02 -2.887878e-03
8.843636e+00 7.314235e-02 -5.761677e-03
8.843636e+00 1.025928e-01 -8.827797e-03
8.843636e+00 1.448116e-01 -1.470226e-02
8.843636e+00 2.023460e-01 -2.073147e-02
8.843636e+00 2.834245e-01 -2.724665e-02
8.843636e+00 3.967448e-01 -3.177488e-02
8.843636e+00 5.552783e-01 -3.361797e-02
8.843636e+00 7.774819e-01 -3.215950e-02
8.843636e+00 1.088445e+00 -2.827634e-02
8.843636e+00 1.523711e+00 -2.459794e-02
8.843636e+00 2.088426e+00 -2.331140e-02
8.843636e+00 2.685505e+00 -2.124216e-02
9.040509e+00 1.570796e-02 -2.166824e-04
9.040509e+00 2.346256e-02 -6.315369e-04
9.040509e+00 3.503514e-02 -1.233166e-03
9.040509e+00 5.263151e-02 -2.558141e-03
9.040509e+00 7.314235e-02 -5.099715e-03
9.040509e+00 1.025928e-01 -7.837882e-03
9.040509e+00 1.448116e-01 -1.305988e-02
9.040509e+00 2.023460e-01 -1.856181e-02
9.040509e+00 2.834245e-01 -2.472975e-02
9.040509e+00 3.967448e-01 -2.936653e-02
9.040509e+00 5.552783e-01 -3.153330e-02
9.040509e+00 7.774819e-01 -3.058934e-02
9.040509e+00 1.088445e+00 -2.722123e-02
9.040509e+00 1.523711e+00 -2.386512e-02
9.040509e+00 2.088426e+00 -2.274999e-02
9.040509e+00 2.685505e+00 -2.060768e-02
9.241319e+00 1.570796e-02 -1.907801e-04
9.241319e+00 2.346256e-02 -5.592860e-04
9.241319e+00 3.503514e-02 -1.095407e-03
9.241319e+00 5.263151e-02 -2.259230e-03
9.241319e+00 7.314235e-02 -4.510642e-03
9.241319e+00 1.025928e-01 -6.949252e-03
9.241319e+00 1.448116e-01 -1.157393e-02
9.241319e+00 2.023460e-01 -1.652622e-02
9.241319e+00 2.834245e-01 -2.229557e-02
9.241319e+00 3.967448e-01 -2.691256e-02
9.241319e+00 5.552783e-01 -2.935407e-02
9.241319e+00 7.774819e-01 -2.886101e-02
9.241319e+00 1.088445e+00 -2.597457e-02
9.241319e+00 1.523711e+00 -2.303374e-02
9.241319e+00 2.088426e+00 -2.200116e-02
9.241319e+00 2.685505e+00 -1.984874e-02
9.446145e+00 1.570796e-02 -1.694555e-04
9.446145e+00 2.346256e-02 -4.969536e-04
9.446145e+00 3.503514e-02 -9.721970e-04
9.446145e+00 5.263151e-02 -1.987572e-03
9.446145e+00 7.314235e-02 -3.969596e-03
9.446145e+00 1.025928e-01 -6.126058e-03
9.446145e+00 1.448116e-01 -1.020748e-02
9.446145e+00 2.023460e-01 -1.463944e-02
9.446145e+00 2.834245e-01 -1.996527e-02
9.446145e+00 3.967448e-01 -2.444153e-02
9.446145e+00 5.552783e-01 -2.709540e-02
9.446145e+00 7.774819e-01 -2.701682e-02
9.446145e+00 1.088445e+00 -2.460903e-02
9.446145e+00 1.523711e+00 -2.208920e-02
9.446145e+00 2.088426e+00 -2.117508e-02
9.446145e+00 2.685505e+00 -1.894355e-02
9.655068e+00 1.570796e-02 -1.498719e-04
9.655068e+00 2.346256e-02 -4.345558e-04
9.655068e+00 3.503514e-02 -8.595766e-04
9.655068e+00 5.263151e-02 -1.739955e-03
9.655068e+00 7.314235e-02 -3.480211e-03
9.655068e+00 1.025928e-01 -5.377629e-03
9.655068e+00 1.448116e-01 -8.954960e-03
9.655068e+00 2.023460e-01 -1.289250e-02
9.655068e+00 2.834245e-01 -1.776354e-02
9.655068e+00 3.967448e-01 -2.204118e-02
9.655068e+00 5.552783e-01 -2.481952e-02
9.655068e+00 7.774819e-01 -2.509771e-02
9.655068e+00 1.088445e+00 -2.315638e-02
9.655068e+00 1.523711e+00 -2.103617e-02
9.655068e+00 2.088426e+00 -2.025655e-02
9.655068e+00 2.685505e+00 -1.804000e-02
9.868170e+00 1.570796e-02 -1.326627e-04
9.868170e+00 2.346256e-02 -3.763561e-04
9.868170e+00 3.503514e-02 -7.545724e-04
9.868170e+00 5.263151e-02 -1.522148e-03
9.868170e+00 7.314235e-02 -3.052589e-03
9.868170e+00 1.025928e-01 -4.702997e-03
9.868170e+00 1.448116e-01 -7.825027e-03
9.868170e+00 2.023460e-01 -1.130669e-02
9.868170e+00 2.834245e-01 -1.571037e-02
9.868170e+00 3.967448e-01 -1.976039e-02
9.868170e+00 5.552783e-01 -2.258453e-02
9.868170e+00 7.774819e-01 -2.314371e-02
9.868170e+00 1.088445e+00 -2.164772e-02
9.868170e+00 1.523711e+00 -1.992289e-02
9.868170e+00 2.088426e+00 -1.926028e-02
9.868170e+00 2.685505e+00 -1.707020e-02
1.008553e+01 1.570796e-02 -1.165973e-04
1.008553e+01 2.346256e-02 -3.248794e-04
1.008553e+01 3.503514e-02 -6.578320e-04
1.008553e+01 5.263151e-02 -1.329373e-03
1.008553e+01 7.314235e-02 -2.665052e-03
1.008553e+01 1.025928e-01 -4.103605e-03
1.008553e+01 1.448116e-01 -6.826835e-03
1.008553e+01 2.023460e-01 -9.901215e-03
1.008553e+01 2.834245e-01 -1.384767e-02
1.008553e+01 3.967448e-01 -1.761717e-02
1.008553e+01 5.552783e-01 -2.042641e-02
1.008553e+01 7.774819e-01 -2.118512e-02
1.008553e+01 1.088445e+00 -2.009551e-02
1.008553e+01 1.523711e+00 -1.869599e-02
1.008553e+01 2.088426e+00 -1.817383e-02
1.008553e+01 2.685505e+00 -1.602508e-02
1.030724e+01 1.570796e-02 -1.019537e-04
1.030724e+01 2.346256e-02 -2.784731e-04
1.030724e+01 3.503514e-02 -5.709730e-04
1.030724e+01 5.263151e-02 -1.158264e-03
1.030724e+01 7.314235e-02 -2.312423e-03
1.030724e+01 1.025928e-01 -3.552427e-03
1.030724e+01 1.448116e-01 -5.915198e-03
1.030724e+01 2.023460e-01 -8.604107e-03
1.030724e+01 2.834245e-01 -1.209659e-02
1.030724e+01 3.967448e-01 -1.558970e-02
1.030724e+01 5.552783e-01 -1.830381e-02
1.030724e+01 7.774819e-01 -1.924972e-02
1.030724e+01 1.088445e+00 -1.850234e-02
1.030724e+01 1.523711e+00 -1.747839e-02
1.030724e+01 2.088426e+00 -1.719430e-02
1.030724e+01 2.685505e+00 -1.510182e-02
1.053339e+01 1.570796e-02 -8.796485e-05
1.053339e+01 2.346256e-02 -2.383548e-04
1.053339e+01 3.503514e-02 -4.935054e-04
1.053339e+01 5.263151e-02 -1.003020e-03
1.053339e+01 7.314235e-02 -1.998440e-03
1.053339e+01 1.025928e-01 -3.074586e-03
1.053339e+01 1.448116e-01 -5.103290e-03
1.053339e+01 2.023460e-01 -7.468771e-03
1.053339e+01 2.834245e-01 -1.053463e-02
1.053339e+01 3.967448e-01 -1.370044e-02
1.053339e+01 5.552783e-01 -1.628262e-02
1.053339e+01 7.774819e-01 -1.738427e-02
1.053339e+01 1.088445e+00 -1.695436e-02
1.053339e+01 1.523711e+00 -1.625084e-02
1.053339e+01 2.088426e+00 -1.613449e-02
1.053339e+01 2.685505e+00 -1.411353e-02
1.076406e+01 1.570796e-02 -7.567188e-05
1.076406e+01 2.346256e-02 -2.048437e-04
1.076406e+01 3.503514e-02 -4.254357e-04
1.076406e+01 5.263151e-02 -8.618833e-04
1.076406e+01 7.314235e-02 -1.718735e-03
1.076406e+01 1.025928e-01 -2.651267e-03
1.076406e+01 1.448116e-01 -4.393116e-03
1.076406e+01 2.023460e-01 -6.451018e-03
1.076406e+01 2.834245e-01 -9.137379e-03
1.076406e+01 3.967448e-01 -1.198488e-02
1.076406e+01 5.552783e-01 -1.440203e-02
1.076406e+01 7.774819e-01 -1.559388e-02
1.076406e+01 1.088445e+00 -1.542784e-02
1.076406e+01 1.523711e+00 -1.502351e-02
1.076406e+01 2.088426e+00 -1.500352e-02
1.076406e+01 2.685505e+00 -1.313173e-02
1.099934e+01 1.570796e-02 -6.505879e-05
1.099934e+01 2.346256e-02 -1.770727e-04
1.099934e+01 3.503514e-02 -3.649881e-04
1.099934e+01 5.263151e-02 -7.390124e-04
1.099934e+01 7.314235e-02 -1.473762e-03
1.099934e+01 1.025928e-01 -2.275883e-03
1.099934e+01 1.448116e-01 -3.766879e-03
1.099934e+01 2.023460e-01 -5.543940e-03
1.099934e+01 2.834245e-01 -7.878727e-03
1.099934e+01 3.967448e-01 -1.041330e-02
1.099934e+01 5.552783e-01 -1.264414e-02
1.099934e+01 7.774819e-01 -1.388248e-02
1.099934e+01 1.088445e+00 -1.394720e-02
1.099934e+01 1.523711e+00 -1.379712e-02
1.099934e+01 2.088426e+00 -1.389435e-02
1.099934e+01 2.685505e+00 -1.221100e-02
1.123932e+01 1.570796e-02 -5.612586e-05
1.123932e+01 2.346256e-02 -1.514146e-04
1.123932e+01 3.503514e-02 -3.103689e-04
1.123932e+01 5.263151e-02 -6.326540e-04
1.123932e+01 7.314235e-02 -1.256823e-03
1.123932e+01 1.025928e-01 -1.947503e-03
1.123932e+01 1.448116e-01 -3.216474e-03
1.123932e+01 2.023460e-01 -4.748138e-03
1.123932e+01 2.834245e-01 -6.769492e-03
1.123932e+01 3.967448e-01 -8.987487e-03
1.123932e+01 5.552783e-01 -1.103718e-02
1.123932e+01 7.774819e-01 -1.227902e-02
1.123932e+01 1.088445e+00 -1.252349e-02
1.123932e+01 1.523711e+00 -1.257918e-02
1.123932e+01 2.088426e+00 -1.280988e-02
1.123932e+01 2.685505e+00 -1.128464e-02
1.148411e+01 1.570796e-02 -4.693230e-05
1.148411e+01 2.346256e-02 -1.275066e-04
1.148411e+01 3.503514e-02 -2.638907e-04
1.148411e+01 5.263151e-02 -5.379685e-04
1.148411e+01 7.314235e-02 -1.067805e-03
1.148411e+01 1.025928e-01 -1.657508e-03
1.148411e+01 1.448116e-01 -2.733041e-03
1.148411e+01 2.023460e-01 -4.045614e-03
1.148411e+01 2.834245e-01 -5.778820e-03
1.148411e+01 3.967448e-01 -7.721453e-03
1.148411e+01 5.552783e-01 -9.558017e-03
1.148411e+01 7.774819e-01 -1.076965e-02
1.148411e+01 1.088445e+00 -1.116070e-02
1.148411e+01 1.523711e+00 -1.140203e-02
1.148411e+01 2.088426e+00 -1.174005e-02
1.148411e+01 2.685505e+00 -1.033696e-02
1.173379e+01 1.570796e-02 -4.010432e-05
1.173379e+01 2.346256e-02 -1.060726e-04
1.173379e+01 3.503514e-02 -2.227725e-04
1.173379e+01 5.263151e-02 -4.545381e-04
1.173379e+01 7.314235e-02 -9.026449e-04
1.173379e+01 1.025928e-01 -1.405214e-03
1.173379e+01 1.448116e-01 -2.311859e-03
1.173379e+01 2.023460e-01 -3.431121e-03
1.173379e+01 2.834245e-01 -4.909723e-03
1.173379e+01 3.967448e-01 -6.592256e-03
1.173379e+01 5.552783e-01 -8.227660e-03
1.173379e+01 7.774819e-01 -9.396553e-03
1.173379e+01 1.088445e+00 -9.890798e-03
1.173379e+01 1.523711e+00 -1.023839e-02
1.173379e+01 2.088426e+00 -1.068121e-02
1.173379e+01 2.685505e+00 -9.401628e-03
1.198847e+01 1.570796e-02 -3.427064e-05
1.198847e+01 2.346256e-02 -8.736319e-05
1.198847e+01 3.503514e-02 -1.883648e-04
1.198847e+01 5.263151e-02 -3.815901e-04
1.198847e+01 7.314235e-02 -7.593291e-04
1.198847e+01 1.025928e-01 -1.186232e-03
1.198847e+01 1.448116e-01 -1.946593e-03
1.198847e+01 2.023460e-01 -2.893618e-03
1.198847e+01 2.834245e-01 -4.145032e-03
1.198847e+01 3.967448e-01 -5.593440e-03
1.198847e+01 5.552783e-01 -7.028654e-03
1.198847e+01 7.774819e-01 -8.130090e-03
1.198847e+01 1.088445e+00 -8.693369e-03
1.198847e+01 1.523711e+00 -9.192068e-03
1.198847e+01 2.088426e+00 -9.672364e-03
1.198847e+01 2.685505e+00 -8.516359e-03
1.224824e+01 1.570796e-02 -2.906406e-05
1.224824e+01 2.346256e-02 -7.251429e-05
1.224824e+01 3.503514e-02 -1.573965e-04
1.224824e+01 5.263151e-02 -3.177577e-04
1.224824e+01 7.314235e-02 -6.340231e-04
1.224824e+01 1.025928e-01 -9.944576e-04
1.224824e+01 1.448116e-01 -1.627206e-03
1.224824e+01 2.023460e-01 -2.428627e-03
1.224824e+01 2.834245e-01 -3.481741e-03
1.224824e+01 3.967448e-01 -4.711475e-03
1.224824e+01 5.552783e-01 -5.959651e-03
1.224824e+01 7.774819e-01 -6.985516e-03
1.224824e+01 1.088445e+00 -7.603698e-03
1.224824e+01 1.523711e+00 -8.177718e-03
1.224824e+01 2.088426e+00 -8.723964e-03
1.224824e+01 2.685505e+00 -7.682014e-03
1.251320e+01 1.570796e-02 -2.447287e-05
1.251320e+01 2.346256e-02 -5.910262e-05
1.251320e+01 3.503514e-02 -1.310946e-04
1.251320e+01 5.263151e-02 -2.657049e-04
1.251320e+01 7.314235e-02 -5.295070e-04
1.251320e+01 1.025928e-01 -8.311663e-04
1.251320e+01 1.448116e-01 -1.355736e-03
1.251320e+01 2.023460e-01 -2.027486e-03
1.251320e+01 2.834245e-01 -2.913674e-03
1.251320e+01 3.967448e-01 -3.958518e-03
1.251320e+01 5.552783e-01 -5.035334e-03
1.251320e+01 7.774819e-01 -5.979575e-03
1.251320e+01 1.088445e+00 -6.611689e-03
1.251320e+01 1.523711e+00 -7.230009e-03
1.251320e+01 2.088426e+00 -7.797001e-03
1.251320e+01 2.685505e+00 -6.900649e-03
1.278347e+01 1.570796e-02 -2.030056e-05
1.278347e+01 2.346256e-02 -4.827679e-05
1.278347e+01 3.503514e-02 -1.088383e-04
1.278347e+01 5.263151e-02 -2.197792e-04
1.278347e+01 7.314235e-02 -4.379547e-04
1.278347e+01 1.025928e-01 -6.896453e-04
1.278347e+01 1.448116e-01 -1.122944e-03
1.278347e+01 2.023460e-01 -1.686784e-03
1.278347e+01 2.834245e-01 -2.422762e-03
1.278347e+01 3.967448e-01 -3.295860e-03
1.278347e+01 5.552783e-01 -4.227898e-03
1.278347e+01 7.774819e-01 -5.077884e-03
1.278347e+01 1.088445e+00 -5.700385e-03
1.278347e+01 1.523711e+00 -6.344400e-03
1.278347e+01 2.088426e+00 -6.908260e-03
1.278347e+01 2.685505e+00 -6.156763e-03
1.305914e+01 1.570796e-02 -1.696906e-05
1.305914e+01 2.346256e-02 -3.949034e-05
1.305914e+01 3.503514e-02 -8.859665e-05
1.305914e+01 5.263151e-02 -1.811102e-04
1.305914e+01 7.314235e-02 -3.591374e-04
1.305914e+01 1.025928e-01 -5.660368e-04
1.305914e+01 1.448116e-01 -9.203943e-04
1.305914e+01 2.023460e-01 -1.389306e-03
1.305914e+01 2.834245e-01 -1.995340e-03
1.305914e+01 3.967448e-01 -2.717222e-03
1.305914e+01 5.552783e-01 -3.516607e-03
1.305914e+01 7.774819e-01 -4.276897e-03
1.305914e+01 1.088445e+00 -4.889326e-03
1.305914e+01 1.523711e+00 -5.534464e-03
1.305914e+01 2.088426e+00 -6.106362e-03
1.305914e+01 2.685505e+00 -5.445620e-03
1.334032e+01 1.570796e-02 -1.398306e-05
1.334032e+01 2.346256e-02 -3.210361e-05
1.334032e+01 3.503514e-02 -7.308379e-05
1.334032e+01 5.263151e-02 -1.485689e-04
1.334032e+01 7.314235e-02 -2.943380e-04
1.334032e+01 1.025928e-01 -4.634962e-04
1.334032e+01 1.448116e-01 -7.562933e-04
1.334032e+01 2.023460e-01 -1.139667e-03
1.334032e+01 2.834245e-01 -1.640168e-03
1.334032e+01 3.967448e-01 -2.237803e-03
1.334032e+01 5.552783e-01 -2.910955e-03
1.334032e+01 7.774819e-01 -3.591683e-03
1.334032e+01 1.088445e+00 -4.165256e-03
1.334032e+01 1.523711e+00 -4.785660e-03
1.334032e+01 2.088426e+00 -5.348200e-03
1.334032e+01 2.685505e+00 -4.802287e-03
1.362713e+01 1.570796e-02 -1.144621e-05
1.362713e+01 2.346256e-02 -2.620487e-05
1.362713e+01 3.503514e-02 -5.935967e-05
1.362713e+01 5.263151e-02 -1.219324e-04
1.362713e+01 7.314235e-02 -2.399648e-04
1.362713e+01 1.025928e-01 -3.771245e-04
1.362713e+01 1.448116e-01 -6.162074e-04
1.362713e+01 2.023460e-01 -9.308334e-04
1.362713e+01 2.834245e-01 -1.338667e-03
1.362713e+01 3.967448e-01 -1.831535e-03
1.362713e+01 5.552783e-01 -2.403886e-03
1.362713e+01 7.774819e-01 -2.993466e-03
1.362713e+01 1.088445e+00 -3.520234e-03
1.362713e+01 1.523711e+00 -4.127986e-03
1.362713e+01 2.088426e+00 -4.656736e-03
1.362713e+01 2.685505e+00 -4.195215e-03
1.391967e+01 1.570796e-02 -9.497262e-06
1.391967e+01 2.346256e-02 -2.106098e-05
1.391967e+01 3.503514e-02 -4.738419e-05
1.391967e+01 5.263151e-02 -9.844361e-05
1.391967e+01 7.314235e-02 -1.937738e-04
1.391967e+01 1.025928e-01 -3.046060e-04
1.391967e+01 1.448116e-01 -5.000155e-04
1.391967e+01 2.023460e-01 -7.548952e-04
1.391967e+01 2.834245e-01 -1.084349e-03
1.391967e+01 3.967448e-01 -1.490011e-03
1.391967e+01 5.552783e-01 -1.967753e-03
1.391967e+01 7.774819e-01 -2.473821e-03
1.391967e+01 1.088445e+00 -2.955055e-03
1.391967e+01 1.523711e+00 -3.532244e-03
1.391967e+01 2.088426e+00 -4.031411e-03
1.391967e+01 2.685505e+00 -3.646934e-03
1.421806e+01 1.570796e-02 -7.705243e-06
1.421806e+01 2.346256e-02 -1.664967e-05
1.421806e+01 3.503514e-02 -3.783759e-05
1.421806e+01 5.263151e-02 -7.958101e-05
1.421806e+01 7.314235e-02 -1.556103e-04
1.421806e+01 1.025928e-01 -2.445218e-04
1.421806e+01 1.448116e-01 -4.011742e-04
1.421806e+01 2.023460e-01 -6.103500e-04
1.421806e+01 2.834245e-01 -8.762508e-04
1.421806e+01 3.967448e-01 -1.204296e-03
1.421806e+01 5.552783e-01 -1.598569e-03
1.421806e+01 7.774819e-01 -2.036607e-03
1.421806e+01 1.088445e+00 -2.472260e-03
1.421806e+01 1.523711e+00 -3.007369e-03
1.421806e+01 2.088426e+00 -3.462947e-03
1.421806e+01 2.685505e+00 -3.144284e-03
1.452242e+01 1.570796e-02 -6.126524e-06
1.452242e+01 2.346256e-02 -1.331549e-05
1.452242e+01 3.503514e-02 -3.052400e-05
1.452242e+01 5.263151e-02 -6.341058e-05
1.452242e+01 7.314235e-02 -1.237038e-04
1.452242e+01 1.025928e-01 -1.964879e-04
1.452242e+01 1.448116e-01 -3.203179e-04
1.452242e+01 2.023460e-01 -4.909024e-04
1.452242e+01 2.834245e-01 -7.019902e-04
1.452242e+01 3.967448e-01 -9.691492e-04
1.452242e+01 5.552783e-01 -1.293652e-03
1.452242e+01 7.774819e-01 -1.666731e-03
1.452242e+01 1.088445e+00 -2.056383e-03
1.452242e+01 1.523711e+00 -2.540377e-03
1.452242e+01 2.088426e+00 -2.946038e-03
1.452242e+01 2.685505e+00 -2.692661e-03
1.483287e+01 1.570796e-02 -4.929929e-06
1.483287e+01 2.346256e-02 -1.041113e-05
1.483287e+01 3.503514e-02 -2.435062e-05
1.483287e+01 5.263151e-02 -5.130634e-05
1.483287e+01 7.314235e-02 -9.869031e-05
1.483287e+01 1.025928e-01 -1.544154e-04
1.483287e+01 1.448116e-01 -2.551252e-04
1.483287e+01 2.023460e-01 -3.901506e-04
1.483287e+01 2.834245e-01 -5.571185e-04
1.483287e+01 3.967448e-01 -7.732081e-04
1.483287e+01 5.552783e-01 -1.038086e-03
1.483287e+01 7.774819e-01 -1.345760e-03
1.483287e+01 1.088445e+00 -1.687773e-03
1.483287e+01 1.523711e+00 -2.120088e-03
1.483287e+01 2.088426e+00 -2.483478e-03
1.483287e+01 2.685505e+00 -2.257177e-03
1.514953e+01 1.570796e-02 -3.941231e-06
1.514953e+01 2.346256e-02 -7.972050e-06
1.514953e+01 3.503514e-02 -1.934441e-05
1.514953e+01 5.263151e-02 -4.003912e-05
1.514953e+01 7.314235e-02 -7.759327e-05
1.514953e+01 1.025928e-01 -1.212969e-04
1.514953e+01 1.448116e-01 -2.009618e-04
1.514953e+01 2.023460e-01 -3.082672e-04
1.514953e+01 2.834245e-01 -4.393705e-04
1.514953e+01 3.967448e-01 -6.126539e-04
1.514953e+01 5.552783e-01 -8.251656e-04
1.514953e+01 7.774819e-01 -1.079732e-03
1.514953e+01 1.088445e+00 -1.379755e-03
1.514953e+01 1.523711e+00 -1.755025e-03
1.514953e+01 2.088426e+00 -2.074332e-03
1.514953e+01 2.685505e+00 -1.895121e-03
1.547252e+01 1.570796e-02 -3.255339e-06
1.547252e+01 2.346256e-02 -6.056687e-06
1.547252e+01 3.503514e-02 -1.512842e-05
1.547252e+01 5.263151e-02 -3.097171e-05
1.547252e+01 7.314235e-02 -6.070972e-05
1.547252e+01 1.025928e-01 -9.521023e-05
1.547252e+01 1.448116e-01 -1.581178e-04
1.547252e+01 2.023460e-01 -2.410871e-04
1.547252e+01 2.834245e-01 -3.447225e-04
1.547252e+01 3.967448e-01 -4.823267e-04
1.547252e+01 5.552783e-01 -6.525649e-04
1.547252e+01 7.774819e-01 -8.592027e-04
1.547252e+01 1.088445e+00 -1.114440e-03
1.547252e+01 1.523711e+00 -1.439389e-03
1.547252e+01 2.088426e+00 -1.714397e-03
1.547252e+01 2.685505e+00 -1.573721e-03
1.580197e+01 1.570796e-02 -2.590829e-06
1.580197e+01 2.346256e-02 -4.651610e-06
1.580197e+01 3.503514e-02 -1.160294e-05
1.580197e+01 5.263151e-02 -2.368522e-05
1.580197e+01 7.314235e-02 -4.738133e-05
1.580197e+01 1.025928e-01 -7.397108e-05
1.580197e+01 1.448116e-01 -1.227756e-04
1.580197e+01 2.023460e-01 -1.871816e-04
1.580197e+01 2.834245e-01 -2.679977e-04
1.580197e+01 3.967448e-01 -3.769885e-04
1.580197e+01 5.552783e-01 -5.108560e-04
1.580197e+01 7.774819e-01 -6.790828e-04
1.580197e+01 1.088445e+00 -8.913745e-04
1.580197e+01 1.523711e+00 -1.166599e-03
1.580197e+01 2.088426e+00 -1.399684e-03
1.580197e+01 2.685505e+00 -1.290950e-03
1.613801e+01 1.570796e-02 -2.049581e-06
1.613801e+01 2.346256e-02 -3.500734e-06
1.613801e+01 3.503514e-02 -9.033143e-06
1.613801e+01 5.263151e-02 -1.817984e-05
1.613801e+01 7.314235e-02 -3.623140e-05
1.613801e+01 1.025928e-01 -5.639433e-05
1.613801e+01 1.448116e-01 -9.437243e-05
1.613801e+01 2.023460e-01 -1.446594e-04
1.613801e+01 2.834245e-01 -2.061672e-04
1.613801e+01 3.967448e-01 -2.889629e-04
1.613801e+01 5.552783e-01 -3.962441e-04
1.613801e+01 7.774819e-01 -5.295380e-04
1.613801e+01 1.088445e+00 -7.037059e-04
1.613801e+01 1.523711e+00 -9.330240e-04
1.613801e+01 2.088426e+00 -1.129889e-03
1.613801e+01 2.685505e+00 -1.034656e-03
1.648077e+01 1.570796e-02 -1.632092e-06
1.648077e+01 2.346256e-02 -2.640506e-06
1.648077e+01 3.503514e-02 -7.018677e-06
1.648077e+01 5.263151e-02 -1.383176e-05
1.648077e+01 7.314235e-02 -2.731128e-05
1.648077e+01 1.025928e-01 -4.230204e-05
1.648077e+01 1.448116e-01 -7.145586e-05
1.648077e+01 2.023460e-01 -1.108412e-04
1.648077e+01 2.834245e-01 -1.561633e-04
1.648077e+01 3.967448e-01 -2.200388e-04
1.648077e+01 5.552783e-01 -3.024117e-04
1.648077e+01 7.774819e-01 -4.057950e-04
1.648077e+01 1.088445e+00 -5.464687e-04
1.648077e+01 1.523711e+00 -7.365537e-04
1.648077e+01 2.088426e+00 -8.988351e-04
1.648077e+01 2.685505e+00 -8.092999e-04
1.683038e+01 1.570796e-02 -1.198616e-06
1.683038e+01 2.346256e-02 -1.922222e-06
1.683038e+01 3.503514e-02 -5.419047e-06
1.683038e+01 5.263151e-02 -1.032968e-05
1.683038e+01 7.314235e-02 -2.041119e-05
1.683038e+01 1.025928e-01 -3.171005e-05
1.683038e+01 1.448116e-01 -5.382344e-05
1.683038e+01 2.023460e-01 -8.394052e-05
1.683038e+01 2.834245e-01 -1.181994e-04
1.683038e+01 3.967448e-01 -1.670503e-04
1.683038e+01 5.552783e-01 -2.303538e-04
1.683038e+01 7.774819e-01 -3.105260e-04
1.683038e+01 1.088445e+00 -4.230712e-04
1.683038e+01 1.523711e+00 -5.756453e-04
1.683038e+01 2.088426e+00 -7.054400e-04
1.683038e+01 2.685505e+00 -6.430071e-04
1.718699e+01 1.570796e-02 -9.084286e-07
1.718699e+01 2.346256e-02 -1.442740e-06
1.718699e+01 3.503514e-02 -4.071325e-06
1.718699e+01 5.263151e-02 -7.679135e-06
1.718699e+01 7.314235e-02 -1.478669e-05
1.718699e+01 1.025928e-01 -2.285036e-05
1.718699e+01 1.448116e-01 -3.996516e-05
1.718699e+01 2.023460e-01 -6.215504e-05
1.718699e+01 2.834245e-01 -8.744484e-05
1.718699e+01 3.967448e-01 -1.242931e-04
1.718699e+01 5.552783e-01 -1.707487e-04
1.718699e+01 7.774819e-01 -2.333473e-04
1.718699e+01 1.088445e+00 -3.179918e-04
1.718699e+01 1.523711e+00 -4.380656e-04
1.718699e+01 2.088426e+00 -5.445017e-04
1.718699e+01 2.685505e+00 -4.970501e-04
1.755073e+01 1.570796e-02 -6.867871e-07
1.755073e+01 2.346256e-02 -9.679949e-07
1.755073e+01 3.503514e-02 -2.966418e-06
1.755073e+01 5.263151e-02 -5.659544e-06
1.755073e+01 7.314235e-02 -1.084490e-05
1.755073e+01 1.025928e-01 -1.669689e-05
1.755073e+01 1.448116e-01 -2.930058e-05
1.755073e+01 2.023460e-01 -4.527653e-05
1.755073e+01 2.834245e-01 -6.429353e-05
1.755073e+01 3.967448e-01 -9.139278e-05
1.755073e+01 5.552783e-01 -1.262032e-04
1.755073e+01 7.774819e-01 -1.738331e-04
1.755073e+01 1.088445e+00 -2.380241e-04
1.755073e+01 1.523711e+00 -3.296925e-04
1.755073e+01 2.088426e+00 -4.131464e-04
1.755073e+01 2.685505e+00 -3.859160e-04
1.792175e+01 1.570796e-02 -5.317914e-07
1.792175e+01 2.346256e-02 -6.590042e-07
1.792175e+01 3.503514e-02 -2.204153e-06
1.792175e+01 5.263151e-02 -4.073568e-06
1.792175e+01 7.314235e-02 -7.812524e-06
1.792175e+01 1.025928e-01 -1.190607e-05
1.792175e+01 1.448116e-01 -2.105004e-05
1.792175e+01 2.023460e-01 -3.269945e-05
1.792175e+01 2.834245e-01 -4.641358e-05
1.792175e+01 3.967448e-01 -6.657276e-05
1.792175e+01 5.552783e-01 -9.211581e-05
1.792175e+01 7.774819e-01 -1.282314e-04
1.792175e+01 1.088445e+00 -1.762851e-04
1.792175e+01 1.523711e+00 -2.463842e-04
1.792175e+01 2.088426e+00 -3.104308e-04
1.792175e+01 2.685505e+00 -2.927661e-04
1.830018e+01 1.570796e-02 -3.802532e-07
1.830018e+01 2.346256e-02 -3.726945e-07
1.830018e+01 3.503514e-02 -1.619623e-06
1.830018e+01 5.263151e-02 -2.849096e-06
1.830018e+01 7.314235e-02 -5.470686e-06
1.830018e+01 1.025928e-01 -8.647154e-06
1.830018e+01 1.448116e-01 -1.521235e-05
1.830018e+01 2.023460e-01 -2.335172e-05
1.830018e+01 2.834245e-01 -3.325883e-05
1.830018e+01 3.967448e-01 -4.781322e-05
1.830018e+01 5.552783e-01 -6.653966e-05
1.830018e+01 7.774819e-01 -9.399718e-05
1.830018e+01 1.088445e+00 -1.290425e-04
1.830018e+01 1.523711e+00 -1.805848e-04
1.830018e+01 2.088426e+00 -2.309612e-04
1.830018e+01 2.685505e+00 -2.223682e-04
1.868618e+01 1.570796e-02 -2.714294e-07
1.868618e+01 2.346256e-02 -2.640649e-07
1.868618e+01 3.503514e-02 -1.125345e-06
1.868618e+01 5.263151e-02 -2.085230e-06
1.868618e+01 7.314235e-02 -3.863174e-06
1.868618e+01 1.025928e-01 -5.980852e-06
1.868618e+01 1.448116e-01 -1.059220e-05
1.868618e+01 2.023460e-01 -1.634283e-05
1.868618e+01 2.834245e-01 -2.330291e-05
1.868618e+01 3.967448e-01 -3.362987e-05
1.868618e+01 5.552783e-01 -4.716391e-05
1.868618e+01 7.774819e-01 -6.668044e-05
1.868618e+01 1.088445e+00 -9.256119e-05
1.868618e+01 1.523711e+00 -1.300756e-04
1.868618e+01 2.088426e+00 -1.676103e-04
1.868618e+01 2.685505e+00 -1.636127e-04
1.907991e+01 1.570796e-02 -2.000596e-07
1.907991e+01 2.346256e-02 -1.808702e-07
1.907991e+01 3.503514e-02 -7.774218e-07
1.907991e+01 5.263151e-02 -1.494075e-06
1.907991e+01 7.314235e-02 -2.639422e-06
1.907991e+01 1.025928e-01 -3.956041e-06
1.907991e+01 1.448116e-01 -7.375520e-06
1.907991e+01 2.023460e-01 -1.158901e-05
1.907991e+01 2.834245e-01 -1.618430e-05
1.907991e+01 3.967448e-01 -2.349567e-05
1.907991e+01 5.552783e-01 -3.301537e-05
1.907991e+01 7.774819e-01 -4.785994e-05
1.907991e+01 1.088445e+00 -6.585758e-05
1.907991e+01 1.523711e+00 -9.307969e-05
1.907991e+01 2.088426e+00 -1.199291e-04
1.907991e+01 2.685505e+00 -1.158296e-04
1.948151e+01 1.570796e-02 -1.434769e-07
1.948151e+01 2.346256e-02 -1.227004e-07
1.948151e+01 3.503514e-02 -5.339455e-07
1.948151e+01 5.263151e-02 -9.381988e-07
1.948151e+01 7.314235e-02 -1.776910e-06
1.948151e+01 1.025928e-01 -2.642642e-06
1.948151e+01 1.448116e-01 -4.986692e-06
1.948151e+01 2.023460e-01 -7.907422e-06
1.948151e+01 2.834245e-01 -1.075955e-05
1.948151e+01 3.967448e-01 -1.610568e-05
1.948151e+01 5.552783e-01 -2.269621e-05
1.948151e+01 7.774819e-01 -3.294444e-05
1.948151e+01 1.088445e+00 -4.544420e-05
1.948151e+01 1.523711e+00 -6.380422e-05
1.948151e+01 2.088426e+00 -8.255711e-05
1.948151e+01 2.685505e+00 -7.908441e-05
1.989114e+01 1.570796e-02 -1.016375e-07
1.989114e+01 2.346256e-02 -6.456869e-08
1.989114e+01 3.503514e-02 -3.398258e-07
1.989114e+01 5.263151e-02 -6.312690e-07
1.989114e+01 7.314235e-02 -1.189956e-06
1.989114e+01 1.025928e-01 -1.649735e-06
1.989114e+01 1.448116e-01 -3.295461e-06
1.989114e+01 2.023460e-01 -5.345214e-06
1.989114e+01 2.834245e-01 -7.130321e-06
1.989114e+01 3.967448e-01 -1.072452e-05
1.989114e+01 5.552783e-01 -1.518308e-05
1.989114e+01 7.774819e-01 -2.205793e-05
1.989114e+01 1.088445e+00 -3.023553e-05
1.989114e+01 1.523711e+00 -4.281499e-05
1.989114e+01 2.088426e+00 -5.597127e-05
1.989114e+01 2.685505e+00 -5.434550e-05
2.030896e+01 1.570796e-02 -7.268960e-08
2.030896e+01 2.346256e-02 -3.453159e-08
2.030896e+01 3.503514e-02 -2.219079e-07
2.030896e+01 5.263151e-02 -4.013280e-07
2.030896e+01 7.314235e-02 -7.095723e-07
2.030896e+01 1.025928e-01 -1.051055e-06
2.030896e+01 1.448116e-01 -2.149790e-06
2.030896e+01 2.023460e-01 -3.466308e-06
2.030896e+01 2.834245e-01 -4.530003e-06
2.030896e+01 3.967448e-01 -6.928320e-06
2.030896e+01 5.552783e-01 -9.948027e-06
2.030896e+01 7.774819e-01 -1.460493e-05
2.030896e+01 1.088445e+00 -1.951409e-05
2.030896e+01 1.523711e+00 -2.798312e-05
2.030896e+01 2.088426e+00 -3.684540e-05
2.030896e+01 2.685505e+00 -3.571586e-05
2.073514e+01 1.570796e-02 -4.592882e-08
2.073514e+01 2.346256e-02 -2.205512e-08
2.073514e+01 3.503514e-02 -1.375976e-07
2.073514e+01 5.263151e-02 -2.620130e-07
2.073514e+01 7.314235e-02 -4.197580e-07
2.073514e+01 1.025928e-01 -6.562266e-07
2.073514e+01 1.448116e-01 -1.379305e-06
2.073514e+01 2.023460e-01 -2.242093e-06
2.073514e+01 2.834245e-01 -2.944648e-06
2.073514e+01 3.967448e-01 -4.470004e-06
2.073514e+01 5.552783e-01 -6.487897e-06
2.073514e+01 7.774819e-01 -9.626018e-06
2.073514e+01 1.088445e+00 -1.269769e-05
2.073514e+01 1.523711e+00 -1.819729e-05
2.073514e+01 2.088426e+00 -2.393690e-05
2.073514e+01 2.685505e+00 -2.334016e-05
2.116984e+01 1.570796e-02 -2.621343e-08
2.116984e+01 2.346256e-02 -2.023941e-08
2.116984e+01 3.503514e-02 -8.589949e-08
2.116984e+01 5.263151e-02 -1.537690e-07
2.116984e+01 7.314235e-02 -2.297141e-07
2.116984e+01 1.025928e-01 -3.985475e-07
2.116984e+01 1.448116e-01 -8.105446e-07
2.116984e+01 2.023460e-01 -1.321200e-06
2.116984e+01 2.834245e-01 -1.752418e-06
2.116984e+01 3.967448e-01 -2.644391e-06
2.116984e+01 5.552783e-01 -3.907757e-06
2.116984e+01 7.774819e-01 -5.879630e-06
2.116984e+01 1.088445e+00 -7.921263e-06
2.116984e+01 1.523711e+00 -1.140622e-05
2.116984e+01 2.088426e+00 -1.514058e-05
2.116984e+01 2.685505e+00 -1.471723e-05
2.161324e+01 1.570796e-02 5.902596e-10
2.161324e+01 2.346256e-02 1.505803e-09
2.161324e+01 3.503514e-02 3.047775e-09
2.161324e+01 5.263151e-02 6.269985e-09
2.161324e+01 7.314235e-02 1.306503e-08
2.161324e+01 1.025928e-01 1.950280e-08
2.161324e+01 1.448116e-01 3.298474e-08
2.161324e+01 2.023460e-01 4.771633e-08
2.161324e+01 2.834245e-01 6.804101e-08
2.161324e+01 3.967448e-01 9.335019e-08
2.161324e+01 5.552783e-01 1.259359e-07
2.161324e+01 7.774819e-01 1.595294e-07
2.161324e+01 1.088445e+00 1.730209e-07
2.161324e+01 1.523711e+00 1.459702e-07
2.161324e+01 2.088426e+00 9.213298e-08
2.161324e+01 2.685505e+00 4.021915e-08
2.206550e+01 1.570796e-02 5.595724e-10
2.206550e+01 2.346256e-02 1.424260e-09
2.206550e+01 3.503514e-02 2.883803e-09
2.206550e+01 5.263151e-02 5.929031e-09
2.206550e+01 7.314235e-02 1.235472e-08
2.206550e+01 1.025928e-01 1.843353e-08
2.206550e+01 1.448116e-01 3.118998e-08
2.206550e+01 2.023460e-01 4.518155e-08
2.206550e+01 2.834245e-01 6.463041e-08
2.206550e+01 3.967448e-01 8.922676e-08
2.206550e+01 5.552783e-01 1.212472e-07
2.206550e+01 7.774819e-01 1.547162e-07
2.206550e+01 1.088445e+00 1.689597e-07
2.206550e+01 1.523711e+00 1.437646e-07
2.206550e+01 2.088426e+00 9.164729e-08
2.206550e+01 2.685505e+00 4.026355e-08
2.252681e+01 1.570796e-02 5.283011e-10
2.252681e+01 2.346256e-02 1.342165e-09
2.252681e+01 3.503514e-02 2.720567e-09
2.252681e+01 5.263151e-02 5.587939e-09
2.252681e+01 7.314235e-02 1.164515e-08
2.252681e+01 1.025928e-01 1.737269e-08
2.252681e+01 1.448116e-01 2.941161e-08
2.252681e+01 2.023460e-01 4.267648e-08
2.252681e+01 2.834245e-01 6.128769e-08
2.252681e+01 3.967448e-01 8.512239e-08
2.252681e+01 5.552783e-01 1.165314e-07
2.252681e+01 7.774819e-01 1.497402e-07
2.252681e+01 1.088445e+00 1.646987e-07
2.252681e+01 1.523711e+00 1.415010e-07
2.252681e+01 2.088426e+00 9.122832e-08
2.252681e+01 2.685505e+00 4.033144e-08
2.299735e+01 1.570796e-02 4.972248e-10
2.299735e+01 2.346256e-02 1.261555e-09
2.299735e+01 3.503514e-02 2.559068e-09
2.299735e+01 5.263151e-02 5.250487e-09
2.299735e+01 7.314235e-02 1.094830e-08
2.299735e+01 1.025928e-01 1.633134e-08
2.299735e+01 1.448116e-01 2.766407e-08
2.299735e+01 2.023460e-01 4.022215e-08
2.299735e+01 2.834245e-01 5.799307e-08
2.299735e+01 3.967448e-01 8.109360e-08
2.299735e+01 5.552783e-01 1.119010e-07
2.299735e+01 7.774819e-01 1.447182e-07
2.299735e+01 1.088445e+00 1.602237e-07
2.299735e+01 1.523711e+00 1.391227e-07
2.299735e+01 2.088426e+00 9.092561e-08
2.299735e+01 2.685505e+00 4.042214e-08
2.347730e+01 1.570796e-02 4.662510e-10
2.347730e+01 2.346256e-02 1.182360e-09
2.347730e+01 3.503514e-02 2.400389e-09
2.347730e+01 5.263151e-02 4.919508e-09
2.347730e+01 7.314235e-02 1.026644e-08
2.347730e+01 1.025928e-01 1.531055e-08
2.347730e+01 1.448116e-01 2.595897e-08
2.347730e+01 2.023460e-01 3.781780e-08
2.347730e+01 2.834245e-01 5.478109e-08
2.347730e+01 3.967448e-01 7.712139e-08
2.347730e+01 5.552783e-01 1.072388e-07
2.347730e+01 7.774819e-01 1.395443e-07
2.347730e+01 1.088445e+00 1.556141e-07
2.347730e+01 1.523711e+00 1.366767e-07
2.347730e+01 2.088426e+00 9.069418e-08
2.347730e+01 2.685505e+00 4.051622e-08
2.396684e+01 1.570796e-02 4.360966e-10
2.396684e+01 2.346256e-02 1.105173e-09
2.396684e+01 3.503514e-02 2.244837e-09
2.396684e+01 5.263151e-02 4.596471e-09
2.396684e+01 7.314235e-02 9.600098e-09
2.396684e+01 1.025928e-01 1.431519e-08
2.396684e+01 1.448116e-01 2.429641e-08
2.396684e+01 2.023460e-01 3.547555e-08
2.396684e+01 2.834245e-01 5.164267e-08
2.396684e+01 3.967448e-01 7.318155e-08
2.396684e+01 5.552783e-01 1.025483e-07
2.396684e+01 7.774819e-01 1.342414e-07
2.396684e+01 1.088445e+00 1.508167e-07
2.396684e+01 1.523711e+00 1.340920e-07
2.396684e+01 2.088426e+00 9.048184e-08
2.396684e+01 2.685505e+00 4.082461e-08
2.446618e+01 1.570796e-02 4.064653e-10
2.446618e+01 2.346256e-02 1.029743e-09
2.446618e+01 3.503514e-02 2.093406e-09
2.446618e+01 5.263151e-02 4.282076e-09
2.446618e+01 7.314235e-02 8.951632e-09
2.446618e+01 1.025928e-01 1.334366e-08
2.446618e+01 1.448116e-01 2.267618e-08
2.446618e+01 2.023460e-01 3.319628e-08
2.446618e+01 2.834245e-01 4.857699e-08
2.446618e+01 3.967448e-01 6.932381e-08
2.446618e+01 5.552783e-01 9.782798e-08
2.446618e+01 7.774819e-01 1.288140e-07
2.446618e+01 1.088445e+00 1.457770e-07
2.446618e+01 1.523711e+00 1.314512e-07
2.446618e+01 2.088426e+00 9.027844e-08
2.446618e+01 2.685505e+00 4.120464e-08
2.497550e+01 1.570796e-02 3.777047e-10
2.497550e+01 2.346256e-02 9.565692e-10
2.497550e+01 3.503514e-02 1.945509e-09
2.497550e+01 5.263151e-02 3.976645e-09
2.497550e+01 7.314235e-02 8.319978e-09
2.497550e+01 1.025928e-01 1.240016e-08
2.497550e+01 1.448116e-01 2.110064e-08
2.497550e+01 2.023460e-01 3.097982e-08
2.497550e+01 2.834245e-01 4.557819e-08
2.497550e+01 3.967448e-01 6.549644e-08
2.497550e+01 5.552783e-01 9.306154e-08
2.497550e+01 7.774819e-01 1.231824e-07
2.497550e+01 1.088445e+00 1.405051e-07
2.497550e+01 1.523711e+00 1.285407e-07
2.497550e+01 2.088426e+00 9.023389e-08
2.497550e+01 2.685505e+00 4.179012e-08
2.549501e+01 1.570796e-02 3.496430e-10
2.549501e+01 2.346256e-02 8.853514e-10
2.549501e+01 3.503514e-02 1.802462e-09
2.549501e+01 5.263151e-02 3.679497e-09
2.549501e+01 7.314235e-02 7.706941e-09
2.549501e+01 1.025928e-01 1.148392e-08
2.549501e+01 1.448116e-01 1.957071e-08
2.549501e+01 2.023460e-01 2.881454e-08
2.549501e+01 2.834245e-01 4.263741e-08
2.549501e+01 3.967448e-01 6.169742e-08
2.549501e+01 5.552783e-01 8.821746e-08
2.549501e+01 7.774819e-01 1.174129e-07
2.549501e+01 1.088445e+00 1.349502e-07
2.549501e+01 1.523711e+00 1.255243e-07
2.549501e+01 2.088426e+00 9.014906e-08
2.549501e+01 2.685505e+00 4.251998e-08
2.602491e+01 1.570796e-02 3.223279e-10
2.602491e+01 2.346256e-02 8.162384e-10
2.602491e+01 3.503514e-02 1.662596e-09
2.602491e+01 5.263151e-02 3.391097e-09
2.602491e+01 7.314235e-02 7.109721e-09
2.602491e+01 1.025928e-01 1.058956e-08
2.602491e+01 1.448116e-01 1.807803e-08
2.602491e+01 2.023460e-01 2.670275e-08
2.602491e+01 2.834245e-01 3.974184e-08
2.602491e+01 3.967448e-01 5.790063e-08
2.602491e+01 5.552783e-01 8.327070e-08
2.602491e+01 7.774819e-01 1.114036e-07
2.602491e+01 1.088445e+00 1.291422e-07
2.602491e+01 1.523711e+00 1.222573e-07
2.602491e+01 2.088426e+00 9.004179e-08
2.602491e+01 2.685505e+00 4.351215e-08
2.656541e+01 1.570796e-02 2.957765e-10
2.656541e+01 2.346256e-02 7.497927e-10
2.656541e+01 3.503514e-02 1.526186e-09
2.656541e+01 5.263151e-02 3.110967e-09
2.656541e+01 7.314235e-02 6.528227e-09
2.656541e+01 1.025928e-01 9.720489e-09
2.656541e+01 1.448116e-01 1.662467e-08
2.656541e+01 2.023460e-01 2.464616e-08
2.656541e+01 2.834245e-01 3.688400e-08
2.656541e+01 3.967448e-01 5.410606e-08
2.656541e+01 5.552783e-01 7.823775e-08
2.656541e+01 7.774819e-01 1.051942e-07
2.656541e+01 1.088445e+00 1.230434e-07
2.656541e+01 1.523711e+00 1.186863e-07
2.656541e+01 2.088426e+00 8.982200e-08
2.656541e+01 2.685505e+00 4.477616e-08
2.711672e+01 1.570796e-02 2.700987e-10
2.711672e+01 2.346256e-02 6.851063e-10
2.711672e+01 3.503514e-02 1.393515e-09
2.711672e+01 5.263151e-02 2.839588e-09
2.711672e+01 7.314235e-02 5.962031e-09
2.711672e+01 1.025928e-01 8.878384e-09
2.711672e+01 1.448116e-01 1.520726e-08
2.711672e+01 2.023460e-01 2.263535e-08
2.711672e+01 2.834245e-01 3.407406e-08
2.711672e+01 3.967448e-01 5.028297e-08
2.711672e+01 5.552783e-01 7.309263e-08
2.711672e+01 7.774819e-01 9.876362e-08
2.711672e+01 1.088445e+00 1.166357e-07
2.711672e+01 1.523711e+00 1.148026e-07
2.711672e+01 2.088426e+00 8.933005e-08
2.711672e+01 2.685505e+00 4.646093e-08
2.767905e+01 1.570796e-02 2.449838e-10
2.767905e+01 2.346256e-02 6.216522e-10
2.767905e+01 3.503514e-02 1.264403e-09
2.767905e+01 5.263151e-02 2.575825e-09
2.767905e+01 7.314235e-02 5.413013e-09
2.767905e+01 1.025928e-01 8.058411e-09
2.767905e+01 1.448116e-01 1.382918e-08
2.767905e+01 2.023460e-01 2.067027e-08
2.767905e+01 2.834245e-01 3.129494e-08
2.767905e+01 3.967448e-01 4.644371e-08
2.767905e+01 5.552783e-01 6.783099e-08
2.767905e+01 7.774819e-01 9.210842e-08
2.767905e+01 1.088445e+00 1.098921e-07
2.767905e+01 1.523711e+00 1.104638e-07
2.767905e+01 2.088426e+00 8.872845e-08
2.767905e+01 2.685505e+00 4.837114e-08
2.825263e+01 1.570796e-02 2.206428e-10
2.825263e+01 2.346256e-02 5.606014e-10
2.825263e+01 3.503514e-02 1.138633e-09
2.825263e+01 5.263151e-02 2.318781e-09
2.825263e+01 7.314235e-02 4.877812e-09
2.825263e+01 1.025928e-01 7.263898e-09
2.825263e+01 1.448116e-01 1.248084e-08
2.825263e+01 2.023460e-01 1.874390e-08
2.825263e+01 2.834245e-01 2.853070e-08
2.825263e+01 3.967448e-01 4.256563e-08
2.825263e+01 5.552783e-01 6.243965e-08
2.825263e+01 7.774819e-01 8.526285e-08
2.825263e+01 1.088445e+00 1.028056e-07
2.825263e+01 1.523711e+00 1.057110e-07
2.825263e+01 2.088426e+00 8.773589e-08
2.825263e+01 2.685505e+00 5.057879e-08
2.883769e+01 1.570796e-02 1.968867e-10
2.883769e+01 2.346256e-02 5.009203e-10
2.883769e+01 3.503514e-02 1.016235e-09
2.883769e+01 5.263151e-02 2.069228e-09
2.883769e+01 7.314235e-02 4.355743e-09
2.883769e+01 1.025928e-01 6.489033e-09
2.883769e+01 1.448116e-01 1.116602e-08
2.883769e+01 2.023460e-01 1.684755e-08
2.883769e+01 2.834245e-01 2.578225e-08
2.883769e+01 3.967448e-01 3.864826e-08
2.883769e+01 5.552783e-01 5.694434e-08
2.883769e+01 7.774819e-01 7.819935e-08
2.883769e+01 1.088445e+00 9.530478e-08
2.883769e+01 1.523711e+00 1.002542e-07
2.883769e+01 2.088426e+00 8.629837e-08
2.883769e+01 2.685505e+00 5.288019e-08
2.943444e+01 1.570796e-02 1.738435e-10
2.943444e+01 2.346256e-02 4.426957e-10
2.943444e+01 3.503514e-02 8.966053e-10
2.943444e+01 5.263151e-02 1.826168e-09
2.943444e+01 7.314235e-02 3.846747e-09
2.943444e+01 1.025928e-01 5.733900e-09
2.943444e+01 1.448116e-01 9.880119e-09
2.943444e+01 2.023460e-01 1.498032e-08
2.943444e+01 2.834245e-01 2.304229e-08
2.943444e+01 3.967448e-01 3.469232e-08
2.943444e+01 5.552783e-01 5.132321e-08
2.943444e+01 7.774819e-01 7.087925e-08
2.943444e+01 1.088445e+00 8.738155e-08
2.943444e+01 1.523711e+00 9.418359e-08
2.943444e+01 2.088426e+00 8.423770e-08
2.943444e+01 2.685505e+00 5.522878e-08
3.004313e+01 1.570796e-02 1.513028e-10
3.004313e+01 2.346256e-02 3.857724e-10
3.004313e+01 3.503514e-02 7.804107e-10
3.004313e+01 5.263151e-02 1.589939e-09
3.004313e+01 7.314235e-02 3.351165e-09
3.004313e+01 1.025928e-01 4.997813e-09
3.004313e+01 1.448116e-01 8.624179e-09
3.004313e+01 2.023460e-01 1.313662e-08
3.004313e+01 2.834245e-01 2.030088e-08
3.004313e+01 3.967448e-01 3.069962e-08
3.004313e+01 5.552783e-01 4.558352e-08
3.004313e+01 7.774819e-01 6.330775e-08
3.004313e+01 1.088445e+00 7.902688e-08
3.004313e+01 1.523711e+00 8.730032e-08
3.004313e+01 2.088426e+00 8.138675e-08
3.004313e+01 2.685505e+00 5.731760e-08
3.066399e+01 1.570796e-02 1.292905e-10
3.066399e+01 2.346256e-02 3.305563e-10
3.066399e+01 3.503514e-02 6.669262e-10
3.066399e+01 5.263151e-02 1.359194e-09
3.066399e+01 7.314235e-02 2.868071e-09
3.066399e+01 1.025928e-01 4.279445e-09
3.066399e+01 1.448116e-01 7.392432e-09
3.066399e+01 2.023460e-01 1.132003e-08
3.066399e+01 2.834245e-01 1.757450e-08
3.066399e+01 3.967448e-01 2.666364e-08
3.066399e+01 5.552783e-01 3.974389e-08
3.066399e+01 7.774819e-01 5.548872e-08
3.066399e+01 1.088445e+00 7.014209e-08
3.066399e+01 1.523711e+00 7.948418e-08
3.066399e+01 2.088426e+00 7.738802e-08
3.066399e+01 2.685505e+00 5.879433e-08
3.129727e+01 1.570796e-02 1.079449e-10
3.129727e+01 2.346256e-02 2.762913e-10
3.129727e+01 3.503514e-02 5.563315e-10
3.129727e+01 5.263151e-02 1.134620e-09
3.129727e+01 7.314235e-02 2.395869e-09
3.129727e+01 1.025928e-01 3.578919e-09
3.129727e+01 1.448116e-01 6.188395e-09
3.129727e+01 2.023460e-01 9.519395e-09
3.129727e+01 2.834245e-01 1.484498e-08
3.129727e+01 3.967448e-01 2.259225e-08
3.129727e+01 5.552783e-01 3.378937e-08
3.129727e+01 7.774819e-01 4.743328e-08
3.129727e+01 1.088445e+00 6.070766e-08
3.129727e+01 1.523711e+00 7.063622e-08
3.129727e+01 2.088426e+00 7.205718e-08
3.129727e+01 2.685505e+00 5.930229e-08
3.194322e+01 1.570796e-02 8.705367e-11
3.194322e+01 2.346256e-02 2.233892e-10
3.194322e+01 3.503514e-02 4.486794e-10
3.194322e+01 5.263151e-02 9.156703e-10
3.194322e+01 7.314235e-02 1.935347e-09
3.194322e+01 1.025928e-01 2.893799e-09
3.194322e+01 1.448116e-01 5.009372e-09
3.194322e+01 2.023460e-01 7.740481e-09
3.194322e+01 2.834245e-01 1.211801e-08
3.194322e+01 3.967448e-01 1.849457e-08
3.194322e+01 5.552783e-01 2.773654e-08
3.194322e+01 7.774819e-01 3.914783e-08
3.194322e+01 1.088445e+00 5.075458e-08
3.194322e+01 1.523711e+00 6.067624e-08
3.194322e+01 2.088426e+00 6.499897e-08
3.194322e+01 2.685505e+00 5.803883e-08
3.260208e+01 1.570796e-02 6.667502e-11
3.260208e+01 2.346256e-02 1.713659e-10
3.260208e+01 3.503514e-02 3.434161e-10
3.260208e+01 5.263151e-02 7.022609e-10
3.260208e+01 7.314235e-02 1.485622e-09
3.260208e+01 1.025928e-01 2.223505e-09
3.260208e+01 1.448116e-01 3.853998e-09
3.260208e+01 2.023460e-01 5.979659e-09
3.260208e+01 2.834245e-01 9.395039e-09
3.260208e+01 3.967448e-01 1.436740e-08
3.260208e+01 5.552783e-01 2.161389e-08
3.260208e+01 7.774819e-01 3.065987e-08
3.260208e+01 1.088445e+00 4.024479e-08
3.260208e+01 1.523711e+00 4.945161e-08
3.260208e+01 2.088426e+00 5.578338e-08
3.260208e+01 2.685505e+00 5.411192e-08
3.327412e+01 1.570796e-02 4.682783e-11
3.327412e+01 2.346256e-02 1.207736e-10
3.327412e+01 3.503514e-02 2.411512e-10
3.327412e+01 5.263151e-02 4.937063e-10
3.327412e+01 7.314235e-02 1.045035e-09
3.327412e+01 1.025928e-01 1.566628e-09
3.327412e+01 1.448116e-01 2.717707e-09
3.327412e+01 2.023460e-01 4.235151e-09
3.327412e+01 2.834245e-01 6.677124e-09
3.327412e+01 3.967448e-01 1.022915e-08
3.327412e+01 5.552783e-01 1.543022e-08
3.327412e+01 7.774819e-01 2.197999e-08
3.327412e+01 1.088445e+00 2.922684e-08
3.327412e+01 1.523711e+00 3.690288e-08
3.327412e+01 2.088426e+00 4.395535e-08
3.327412e+01 2.685505e+00 4.630258e-08
3.395961e+01 1.570796e-02 2.814668e-11
3.395961e+01 2.346256e-02 7.303716e-11
3.395961e+01 3.503514e-02 1.448537e-10
3.395961e+01 5.263151e-02 2.977650e-10
3.395961e+01 7.314235e-02 6.307784e-10
3.395961e+01 1.025928e-01 9.465996e-10
3.395961e+01 1.448116e-01 1.641242e-09
3.395961e+01 2.023460e-01 2.560220e-09
3.395961e+01 2.834245e-01 4.033467e-09
3.395961e+01 3.967448e-01 6.157323e-09
3.395961e+01 5.552783e-01 9.272139e-09
3.395961e+01 7.774819e-01 1.320676e-08
3.395961e+01 1.088445e+00 1.772362e-08
3.395961e+01 1.523711e+00 2.295727e-08
3.395961e+01 2.088426e+00 2.878901e-08
3.395961e+01 2.685505e+00 3.258092e-08
3.465880e+01 1.570796e-02 9.003941e-12
3.465880e+01 2.346256e-02 2.236457e-11
3.465880e+01 3.503514e-02 4.776633e-11
3.465880e+01 5.263151e-02 9.230545e-11
3.465880e+01 7.314235e-02 2.012057e-10
3.465880e+01 1.025928e-01 2.995530e-10
3.465880e+01 1.448116e-01 5.188842e-10
3.465880e+01 2.023460e-01 8.207522e-10
3.465880e+01 2.834245e-01 1.304737e-09
3.465880e+01 3.967448e-01 2.003584e-09
3.465880e+01 5.552783e-01 3.027273e-09
3.465880e+01 7.774819e-01 4.334996e-09
3.465880e+01 1.088445e+00 5.876406e-09
3.465880e+01 1.523711e+00 7.781834e-09
3.465880e+01 2.088426e+00 1.021689e-08
3.465880e+01 2.685505e+00 1.234914e-08
3.537197e+01 1.570796e-02 0.000000e+00
3.537197e+01 2.346256e-02 0.000000e+00
3.537197e+01 3.503514e-02 0.000000e+00
3.537197e+01 5.263151e-02 0.000000e+00
3.537197e+01 7.314235e-02 0.000000e+00
3.537197e+01 1.025928e-01 0.000000e+00
3.537197e+01 1.448116e-01 0.000000e+00
3.537197e+01 2.023460e-01 0.000000e+00
3.537197e+01 2.834245e-01 0.000000e+00
3.537197e+01 3.967448e-01 0.000000e+00
3.537197e+01 5.552783e-01 0.000000e+00
3.537197e+01 7.774819e-01 0.000000e+00
3.537197e+01 1.088445e+00 0.000000e+00
3.537197e+01 1.523711e+00 0.000000e+00
3.537197e+01 2.088426e+00 0.000000e+00
3.537197e+01 2.685505e+00 0.000000e+00
