5.000000e+00 1.570796e-02 0.000000e+00
5.000000e+00 2.346256e-02 0.000000e+00
5.000000e+00 3.503514e-02 0.000000e+00
5.000000e+00 5.263151e-02 0.000000e+00
5.000000e+00 7.314235e-02 0.000000e+00
5.000000e+00 1.025928e-01 0.000000e+00
5.000000e+00 1.448116e-01 0.000000e+00
5.000000e+00 2.023460e-01 0.000000e+00
5.000000e+00 2.834245e-01 0.000000e+00
5.000000e+00 3.967448e-01 0.000000e+00
5.000000e+00 5.552783e-01 0.000000e+00
5.000000e+00 7.774819e-01 0.000000e+00
5.000000e+00 1.088445e+00 0.000000e+00
5.000000e+00 1.523711e+00 0.000000e+00
5.000000e+00 2.088426e+00 0.000000e+00
5.000000e+00 2.685505e+00 0.000000e+00
5.120000e+00 1.570796e-02 0.000000e+00
5.120000e+00 2.346256e-02 0.000000e+00
5.120000e+00 3.503514e-02 0.000000e+00
5.120000e+00 5.263151e-02 0.000000e+00
5.120000e+00 7.314235e-02 0.000000e+00
5.120000e+00 1.025928e-01 0.000000e+00
5.120000e+00 1.448116e-01 0.000000e+00
5.120000e+00 2.023460e-01 0.000000e+00
5.120000e+00 2.834245e-01 0.000000e+00
5.120000e+00 3.967448e-01 0.000000e+00
5.120000e+00 5.552783e-01 0.000000e+00
5.120000e+00 7.774819e-01 0.000000e+00
5.120000e+00 1.088445e+00 0.000000e+00
5.120000e+00 1.523711e+00 0.000000e+00
5.120000e+00 2.088426e+00 0.000000e+00
5.120000e+00 2.685505e+00 0.000000e+00
5.242400e+00 1.570796e-02 0.000000e+00
5.242400e+00 2.346256e-02 0.000000e+00
5.242400e+00 3.503514e-02 0.000000e+00
5.242400e+00 5.263151e-02 0.000000e+00
5.242400e+00 7.314235e-02 0.000000e+00
5.242400e+00 1.025928e-01 0.000000e+00
5.242400e+00 1.448116e-01 0.000000e+00
5.242400e+00 2.023460e-01 0.000000e+00
5.242400e+00 2.834245e-01 0.000000e+00
5.242400e+00 3.967448e-01 0.000000e+00
5.242400e+00 5.552783e-01 0.000000e+00
5.242400e+00 7.774819e-01 0.000000e+00
5.242400e+00 1.088445e+00 0.000000e+00
5.242400e+00 1.523711e+00 0.000000e+00
5.242400e+00 2.088426e+00 0.000000e+00
5.242400e+00 2.685505e+00 0.000000e+00
5.367248e+00 1.570796e-02 0.000000e+00
5.367248e+00 2.346256e-02 0.000000e+00
5.367248e+00 3.503514e-02 0.000000e+00
5.367248e+00 5.263151e-02 0.000000e+00
5.367248e+00 7.314235e-02 0.000000e+00
5.367248e+00 1.025928e-01 0.000000e+00
5.367248e+00 1.448116e-01 0.000000e+00
5.367248e+00 2.023460e-01 0.000000e+00
5.367248e+00 2.834245e-01 0.000000e+00
5.367248e+00 3.967448e-01 0.000000e+00
5.367248e+00 5.552783e-01 0.000000e+00
5.367248e+00 7.774819e-01 0.000000e+00
5.367248e+00 1.088445e+00 0.000000e+00
5.367248e+00 1.523711e+00 0.000000e+00
5.367248e+00 2.088426e+00 0.000000e+00
5.367248e+00 2.685505e+00 0.000000e+00
5.494593e+00 1.570796e-02 0.000000e+00
5.494593e+00 2.346256e-02 0.000000e+00
5.494593e+00 3.503514e-02 0.000000e+00
5.494593e+00 5.263151e-02 0.000000e+00
5.494593e+00 7.314235e-02 0.000000e+00
5.494593e+00 1.025928e-01 0.000000e+00
5.494593e+00 1.448116e-01 0.000000e+00
5.494593e+00 2.023460e-01 0.000000e+00
5.494593e+00 2.834245e-01 0.000000e+00
5.494593e+00 3.967448e-01 0.000000e+00
5.494593e+00 5.552783e-01 0.000000e+00
5.494593e+00 7.774819e-01 0.000000e+00
5.494593e+00 1.088445e+00 0.000000e+00
5.494593e+00 1.523711e+00 0.000000e+00
5.494593e+00 2.088426e+00 0.000000e+00
5.494593e+00 2.685505e+00 0.000000e+00
5.624485e+00 1.570796e-02 0.000000e+00
5.624485e+00 2.346256e-02 0.000000e+00
5.624485e+00 3.503514e-02 0.000000e+00
5.624485e+00 5.263151e-02 0.000000e+00
5.624485e+00 7.314235e-02 0.000000e+00
5.624485e+00 1.025928e-01 0.000000e+00
5.624485e+00 1.448116e-01 0.000000e+00
5.624485e+00 2.023460e-01 0.000000e+00
5.624485e+00 2.834245e-01 0.000000e+00
5.624485e+00 3.967448e-01 0.000000e+00
5.624485e+00 5.552783e-01 0.000000e+00
5.624485e+00 7.774819e-01 0.000000e+00
5.624485e+00 1.088445e+00 0.000000e+00
5.624485e+00 1.523711e+00 0.000000e+00
5.624485e+00 2.088426e+00 0.000000e+00
5.624485e+00 2.685505e+00 0.000000e+00
5.756975e+00 1.570796e-02 -4.767387e-06
5.756975e+00 2.346256e-02 -3.570762e-06
5.756975e+00 3.503514e-02 -5.910709e-06
5.756975e+00 5.263151e-02 -1.579494e-06
5.756975e+00 7.314235e-02 -1.292481e-05
5.756975e+00 1.025928e-01 -7.045133e-06
5.756975e+00 1.448116e-01 7.004071e-06
5.756975e+00 2.023460e-01 -3.064530e-06
5.756975e+00 2.834245e-01 1.617097e-06
5.756975e+00 3.967448e-01 -6.414251e-06
5.756975e+00 5.552783e-01 -1.781309e-06
5.756975e+00 7.774819e-01 -2.757256e-06
5.756975e+00 1.088445e+00 -2.711073e-06
5.756975e+00 1.523711e+00 -1.911446e-06
5.756975e+00 2.088426e+00 -2.816178e-06
5.756975e+00 2.685505e+00 -1.002012e-06
5.892114e+00 1.570796e-02 -1.081879e-04
5.892114e+00 2.346256e-02 -7.916564e-05
5.892114e+00 3.503514e-02 -1.452756e-04
5.892114e+00 5.263151e-02 -2.191340e-04
5.892114e+00 7.314235e-02 -2.322110e-04
5.892114e+00 1.025928e-01 -7.880116e-05
5.892114e+00 1.448116e-01 -2.164808e-04
5.892114e+00 2.023460e-01 -1.013069e-04
5.892114e+00 2.834245e-01 -2.175413e-04
5.892114e+00 3.967448e-01 -1.101987e-04
5.892114e+00 5.552783e-01 -9.224168e-05
5.892114e+00 7.774819e-01 -8.721708e-05
5.892114e+00 1.088445e+00 -8.000324e-05
5.892114e+00 1.523711e+00 -7.371355e-05
5.892114e+00 2.088426e+00 -8.384501e-05
5.892114e+00 2.685505e+00 -8.718274e-05
6.029956e+00 1.570796e-02 -2.643028e-04
6.029956e+00 2.346256e-02 -2.584802e-04
6.029956e+00 3.503514e-02 -3.000921e-04
6.029956e+00 5.263151e-02 -5.404123e-04
6.029956e+00 7.314235e-02 -6.451752e-04
6.029956e+00 1.025928e-01 -4.705678e-04
6.029956e+00 1.448116e-01 -5.795276e-04
6.029956e+00 2.023460e-01 -5.133488e-04
6.029956e+00 2.834245e-01 -6.667495e-04
6.029956e+00 3.967448e-01 -4.344365e-04
6.029956e+00 5.552783e-01 -3.916960e-04
6.029956e+00 7.774819e-01 -3.499715e-04
6.029956e+00 1.088445e+00 -2.944889e-04
6.029956e+00 1.523711e+00 -2.840936e-04
6.029956e+00 2.088426e+00 -3.100883e-04
6.029956e+00 2.685505e+00 -3.250585e-04
6.170555e+00 1.570796e-02 -5.761958e-04
6.170555e+00 2.346256e-02 -6.750433e-04
6.170555e+00 3.503514e-02 -1.070299e-03
6.170555e+00 5.263151e-02 -1.834463e-03
6.170555e+00 7.314235e-02 -2.427830e-03
6.170555e+00 1.025928e-01 -1.907608e-03
6.170555e+00 1.448116e-01 -2.440626e-03
6.170555e+00 2.023460e-01 -2.094833e-03
6.170555e+00 2.834245e-01 -2.237766e-03
6.170555e+00 3.967448e-01 -1.640438e-03
6.170555e+00 5.552783e-01 -1.458416e-03
6.170555e+00 7.774819e-01 -1.278293e-03
6.170555e+00 1.088445e+00 -1.080839e-03
6.170555e+00 1.523711e+00 -1.028525e-03
6.170555e+00 2.088426e+00 -1.109016e-03
6.170555e+00 2.685505e+00 -1.159036e-03
6.313967e+00 1.570796e-02 -8.197058e-04
6.313967e+00 2.346256e-02 -1.461822e-03
6.313967e+00 3.503514e-02 -2.317965e-03
6.313967e+00 5.263151e-02 -3.579871e-03
6.313967e+00 7.314235e-02 -5.655688e-03
6.313967e+00 1.025928e-01 -4.222441e-03
6.313967e+00 1.448116e-01 -5.010090e-03
6.313967e+00 2.023460e-01 -5.057730e-03
6.313967e+00 2.834245e-01 -4.866551e-03
6.313967e+00 3.967448e-01 -3.956439e-03
6.313967e+00 5.552783e-01 -3.566938e-03
6.313967e+00 7.774819e-01 -2.995262e-03
6.313967e+00 1.088445e+00 -2.548205e-03
6.313967e+00 1.523711e+00 -2.410698e-03
6.313967e+00 2.088426e+00 -2.566701e-03
6.313967e+00 2.685505e+00 -2.639208e-03
6.460246e+00 1.570796e-02 -8.787693e-04
6.460246e+00 2.346256e-02 -2.077916e-03
6.460246e+00 3.503514e-02 -3.810568e-03
6.460246e+00 5.263151e-02 -5.684018e-03
6.460246e+00 7.314235e-02 -9.236337e-03
6.460246e+00 1.025928e-01 -7.923655e-03
6.460246e+00 1.448116e-01 -9.058040e-03
6.460246e+00 2.023460e-01 -9.275928e-03
6.460246e+00 2.834245e-01 -8.875957e-03
6.460246e+00 3.967448e-01 -7.539045e-03
6.460246e+00 5.552783e-01 -6.657964e-03
6.460246e+00 7.774819e-01 -5.637728e-03
6.460246e+00 1.088445e+00 -4.727370e-03
6.460246e+00 1.523711e+00 -4.365155e-03
6.460246e+00 2.088426e+00 -4.587384e-03
6.460246e+00 2.685505e+00 -4.669742e-03
6.609451e+00 1.570796e-02 -9.167135e-04
6.609451e+00 2.346256e-02 -2.409335e-03
6.609451e+00 3.503514e-02 -4.747416e-03
6.609451e+00 5.263151e-02 -7.443170e-03
6.609451e+00 7.314235e-02 -1.239625e-02
6.609451e+00 1.025928e-01 -1.217086e-02
6.609451e+00 1.448116e-01 -1.445412e-02
6.609451e+00 2.023460e-01 -1.466836e-02
6.609451e+00 2.834245e-01 -1.418622e-02
6.609451e+00 3.967448e-01 -1.201541e-02
6.609451e+00 5.552783e-01 -1.071204e-02
6.609451e+00 7.774819e-01 -9.001569e-03
6.609451e+00 1.088445e+00 -7.541912e-03
6.609451e+00 1.523711e+00 -6.851453e-03
6.609451e+00 2.088426e+00 -7.095707e-03
6.609451e+00 2.685505e+00 -7.103178e-03
6.761640e+00 1.570796e-02 -9.305772e-04
6.761640e+00 2.346256e-02 -2.354815e-03
6.761640e+00 3.503514e-02 -5.081515e-03
6.761640e+00 5.263151e-02 -8.685157e-03
6.761640e+00 7.314235e-02 -1.467845e-02
6.761640e+00 1.025928e-01 -1.612991e-02
6.761640e+00 1.448116e-01 -1.942474e-02
6.761640e+00 2.023460e-01 -1.995113e-02
6.761640e+00 2.834245e-01 -1.944067e-02
6.761640e+00 3.967448e-01 -1.702286e-02
6.761640e+00 5.552783e-01 -1.518922e-02
6.761640e+00 7.774819e-01 -1.276276e-02
6.761640e+00 1.088445e+00 -1.062345e-02
6.761640e+00 1.523711e+00 -9.541027e-03
6.761640e+00 2.088426e+00 -9.718179e-03
6.761640e+00 2.685505e+00 -9.637130e-03
6.916873e+00 1.570796e-02 -9.229320e-04
6.916873e+00 2.346256e-02 -2.185038e-03
6.916873e+00 3.503514e-02 -4.961675e-03
6.916873e+00 5.263151e-02 -8.871186e-03
6.916873e+00 7.314235e-02 -1.580726e-02
6.916873e+00 1.025928e-01 -1.885538e-02
6.916873e+00 1.448116e-01 -2.415901e-02
6.916873e+00 2.023460e-01 -2.488003e-02
6.916873e+00 2.834245e-01 -2.451577e-02
6.916873e+00 3.967448e-01 -2.205615e-02
6.916873e+00 5.552783e-01 -1.959821e-02
6.916873e+00 7.774819e-01 -1.661100e-02
6.916873e+00 1.088445e+00 -1.374993e-02
6.916873e+00 1.523711e+00 -1.229460e-02
6.916873e+00 2.088426e+00 -1.233153e-02
6.916873e+00 2.685505e+00 -1.211687e-02
7.075210e+00 1.570796e-02 -8.402006e-04
7.075210e+00 2.346256e-02 -2.036736e-03
7.075210e+00 3.503514e-02 -4.563506e-03
7.075210e+00 5.263151e-02 -8.549370e-03
7.075210e+00 7.314235e-02 -1.586811e-02
7.075210e+00 1.025928e-01 -2.030073e-02
7.075210e+00 1.448116e-01 -2.700352e-02
7.075210e+00 2.023460e-01 -2.874194e-02
7.075210e+00 2.834245e-01 -2.878901e-02
7.075210e+00 3.967448e-01 -2.648397e-02
7.075210e+00 5.552783e-01 -2.366482e-02
7.075210e+00 7.774819e-01 -2.002982e-02
7.075210e+00 1.088445e+00 -1.663084e-02
7.075210e+00 1.523711e+00 -1.471830e-02
7.075210e+00 2.088426e+00 -1.459010e-02
7.075210e+00 2.685505e+00 -1.416179e-02
7.236714e+00 1.570796e-02 -7.416458e-04
7.236714e+00 2.346256e-02 -1.824162e-03
7.236714e+00 3.503514e-02 -4.205769e-03
7.236714e+00 5.263151e-02 -8.038290e-03
7.236714e+00 7.314235e-02 -1.520022e-02
7.236714e+00 1.025928e-01 -2.060497e-02
7.236714e+00 1.448116e-01 -2.835832e-02
7.236714e+00 2.023460e-01 -3.125496e-02
7.236714e+00 2.834245e-01 -3.188593e-02
7.236714e+00 3.967448e-01 -2.987309e-02
7.236714e+00 5.552783e-01 -2.706266e-02
7.236714e+00 7.774819e-01 -2.300473e-02
7.236714e+00 1.088445e+00 -1.904473e-02
7.236714e+00 1.523711e+00 -1.675437e-02
7.236714e+00 2.088426e+00 -1.649781e-02
7.236714e+00 2.685505e+00 -1.582732e-02
7.401449e+00 1.570796e-02 -6.519434e-04
7.401449e+00 2.346256e-02 -1.645555e-03
7.401449e+00 3.503514e-02 -3.718906e-03
7.401449e+00 5.263151e-02 -7.289738e-03
7.401449e+00 7.314235e-02 -1.406189e-02
7.401449e+00 1.025928e-01 -1.993026e-02
7.401449e+00 1.448116e-01 -2.841168e-02
7.401449e+00 2.023460e-01 -3.235621e-02
7.401449e+00 2.834245e-01 -3.382472e-02
7.401449e+00 3.967448e-01 -3.244033e-02
7.401449e+00 5.552783e-01 -2.971298e-02
7.401449e+00 7.774819e-01 -2.546203e-02
7.401449e+00 1.088445e+00 -2.109194e-02
7.401449e+00 1.523711e+00 -1.844153e-02
7.401449e+00 2.088426e+00 -1.808232e-02
7.401449e+00 2.685505e+00 -1.723434e-02
7.569477e+00 1.570796e-02 -5.831831e-04
7.569477e+00 2.346256e-02 -1.487045e-03
7.569477e+00 3.503514e-02 -3.223836e-03
7.569477e+00 5.263151e-02 -6.501774e-03
7.569477e+00 7.314235e-02 -1.279120e-02
7.569477e+00 1.025928e-01 -1.857170e-02
7.569477e+00 1.448116e-01 -2.756139e-02
7.569477e+00 2.023460e-01 -3.231084e-02
7.569477e+00 2.834245e-01 -3.474186e-02
7.569477e+00 3.967448e-01 -3.412196e-02
7.569477e+00 5.552783e-01 -3.161326e-02
7.569477e+00 7.774819e-01 -2.738155e-02
7.569477e+00 1.088445e+00 -2.272992e-02
7.569477e+00 1.523711e+00 -1.982415e-02
7.569477e+00 2.088426e+00 -1.932330e-02
7.569477e+00 2.685505e+00 -1.822577e-02
7.740867e+00 1.570796e-02 -5.184743e-04
7.740867e+00 2.346256e-02 -1.320113e-03
7.740867e+00 3.503514e-02 -2.759991e-03
7.740867e+00 5.263151e-02 -5.767194e-03
7.740867e+00 7.314235e-02 -1.143443e-02
7.740867e+00 1.025928e-01 -1.703121e-02
7.740867e+00 1.448116e-01 -2.595631e-02
7.740867e+00 2.023460e-01 -3.140410e-02
7.740867e+00 2.834245e-01 -3.476884e-02
7.740867e+00 3.967448e-01 -3.489818e-02
7.740867e+00 5.552783e-01 -3.279301e-02
7.740867e+00 7.774819e-01 -2.865482e-02
7.740867e+00 1.088445e+00 -2.395937e-02
7.740867e+00 1.523711e+00 -2.084005e-02
7.740867e+00 2.088426e+00 -2.025391e-02
7.740867e+00 2.685505e+00 -1.900769e-02
7.915684e+00 1.570796e-02 -4.568292e-04
7.915684e+00 2.346256e-02 -1.182276e-03
7.915684e+00 3.503514e-02 -2.408416e-03
7.915684e+00 5.263151e-02 -5.076434e-03
7.915684e+00 7.314235e-02 -1.012879e-02
7.915684e+00 1.025928e-01 -1.530159e-02
7.915684e+00 1.448116e-01 -2.383453e-02
7.915684e+00 2.023460e-01 -2.977590e-02
7.915684e+00 2.834245e-01 -3.397282e-02
7.915684e+00 3.967448e-01 -3.491916e-02
7.915684e+00 5.552783e-01 -3.332852e-02
7.915684e+00 7.774819e-01 -2.942261e-02
7.915684e+00 1.088445e+00 -2.478087e-02
7.915684e+00 1.523711e+00 -2.154459e-02
7.915684e+00 2.088426e+00 -2.089077e-02
7.915684e+00 2.685505e+00 -1.948023e-02
8.093998e+00 1.570796e-02 -3.958365e-04
8.093998e+00 2.346256e-02 -1.047934e-03
8.093998e+00 3.503514e-02 -2.109334e-03
8.093998e+00 5.263151e-02 -4.456181e-03
8.093998e+00 7.314235e-02 -8.884487e-03
8.093998e+00 1.025928e-01 -1.353190e-02
8.093998e+00 1.448116e-01 -2.150720e-02
8.093998e+00 2.023460e-01 -2.768873e-02
8.093998e+00 2.834245e-01 -3.256053e-02
8.093998e+00 3.967448e-01 -3.429418e-02
8.093998e+00 5.552783e-01 -3.327832e-02
8.093998e+00 7.774819e-01 -2.974597e-02
8.093998e+00 1.088445e+00 -2.523624e-02
8.093998e+00 1.523711e+00 -2.202514e-02
8.093998e+00 2.088426e+00 -2.125515e-02
8.093998e+00 2.685505e+00 -1.967991e-02
8.275878e+00 1.570796e-02 -3.394617e-04
8.275878e+00 2.346256e-02 -9.330236e-04
8.275878e+00 3.503514e-02 -1.837331e-03
8.275878e+00 5.263151e-02 -3.895931e-03
8.275878e+00 7.314235e-02 -7.764861e-03
8.275878e+00 1.025928e-01 -1.184701e-02
8.275878e+00 1.448116e-01 -1.918758e-02
8.275878e+00 2.023460e-01 -2.536162e-02
8.275878e+00 2.834245e-01 -3.071216e-02
8.275878e+00 3.967448e-01 -3.311491e-02
8.275878e+00 5.552783e-01 -3.264603e-02
8.275878e+00 7.774819e-01 -2.959381e-02
8.275878e+00 1.088445e+00 -2.532018e-02
8.275878e+00 1.523711e+00 -2.221812e-02
8.275878e+00 2.088426e+00 -2.144170e-02
8.275878e+00 2.685505e+00 -1.970844e-02
8.461396e+00 1.570796e-02 -2.887830e-04
8.461396e+00 2.346256e-02 -8.297044e-04
8.461396e+00 3.503514e-02 -1.609083e-03
8.461396e+00 5.263151e-02 -3.386068e-03
8.461396e+00 7.314235e-02 -6.767446e-03
8.461396e+00 1.025928e-01 -1.033123e-02
8.461396e+00 1.448116e-01 -1.695003e-02
8.461396e+00 2.023460e-01 -2.294402e-02
8.461396e+00 2.834245e-01 -2.853504e-02
8.461396e+00 3.967448e-01 -3.146872e-02
8.461396e+00 5.552783e-01 -3.158856e-02
8.461396e+00 7.774819e-01 -2.905217e-02
8.461396e+00 1.088445e+00 -2.505885e-02
8.461396e+00 1.523711e+00 -2.215736e-02
8.461396e+00 2.088426e+00 -2.143582e-02
8.461396e+00 2.685505e+00 -1.959901e-02
8.650623e+00 1.570796e-02 -2.475991e-04
8.650623e+00 2.346256e-02 -7.255148e-04
8.650623e+00 3.503514e-02 -1.402878e-03
8.650623e+00 5.263151e-02 -2.941799e-03
8.650623e+00 7.314235e-02 -5.879761e-03
8.650623e+00 1.025928e-01 -8.961597e-03
8.650623e+00 1.448116e-01 -1.484237e-02
8.650623e+00 2.023460e-01 -2.054368e-02
8.650623e+00 2.834245e-01 -2.612443e-02
8.650623e+00 3.967448e-01 -2.946342e-02
8.650623e+00 5.552783e-01 -3.016940e-02
8.650623e+00 7.774819e-01 -2.814365e-02
8.650623e+00 1.088445e+00 -2.455561e-02
8.650623e+00 1.523711e+00 -2.188915e-02
8.650623e+00 2.088426e+00 -2.115468e-02
8.650623e+00 2.685505e+00 -1.924791e-02
8.843636e+00 1.570796e-02 -2.129887e-04
8.843636e+00 2.346256e-02 -6.342839e-04
8.843636e+00 3.503514e-02 -1.222567e-03
8.843636e+00 5.263151e-02 -2.548529e-03
8.843636e+00 7.314235e-02 -5.093063e-03
8.843636e+00 1.025928e-01 -7.782412e-03
8.843636e+00 1.448116e-01 -1.295714e-02
8.843636e+00 2.023460e-01 -1.820047e-02
8.843636e+00 2.834245e-01 -2.361568e-02
8.843636e+00 3.967448e-01 -2.721990e-02
8.843636e+00 5.552783e-01 -2.841492e-02
8.843636e+00 7.774819e-01 -2.690124e-02
8.843636e+00 1.088445e+00 -2.380011e-02
8.843636e+00 1.523711e+00 -2.141542e-02
8.843636e+00 2.088426e+00 -2.072776e-02
8.843636e+00 2.685505e+00 -1.884937e-02
9.040509e+00 1.570796e-02 -1.841090e-04
9.040509e+00 2.346256e-02 -5.493333e-04
9.040509e+00 3.503514e-02 -1.065404e-03
9.040509e+00 5.263151e-02 -2.206861e-03
9.040509e+00 7.314235e-02 -4.406489e-03
9.040509e+00 1.025928e-01 -6.760587e-03
9.040509e+00 1.448116e-01 -1.126345e-02
9.040509e+00 2.023460e-01 -1.598659e-02
9.040509e+00 2.834245e-01 -2.112364e-02
9.040509e+00 3.967448e-01 -2.485019e-02
9.040509e+00 5.552783e-01 -2.645600e-02
9.040509e+00 7.774819e-01 -2.547162e-02
9.040509e+00 1.088445e+00 -2.284951e-02
9.040509e+00 1.523711e+00 -2.077663e-02
9.040509e+00 2.088426e+00 -2.019263e-02
9.040509e+00 2.685505e+00 -1.824755e-02
9.241319e+00 1.570796e-02 -1.594932e-04
9.241319e+00 2.346256e-02 -4.768725e-04
9.241319e+00 3.503514e-02 -9.293924e-04
9.241319e+00 5.263151e-02 -1.904181e-03
9.241319e+00 7.314235e-02 -3.804993e-03
9.241319e+00 1.025928e-01 -5.861508e-03
9.241319e+00 1.448116e-01 -9.763713e-03
9.241319e+00 2.023460e-01 -1.395835e-02
9.241319e+00 2.834245e-01 -1.871676e-02
9.241319e+00 3.967448e-01 -2.243885e-02
9.241319e+00 5.552783e-01 -2.437830e-02
9.241319e+00 7.774819e-01 -2.385748e-02
9.241319e+00 1.088445e+00 -2.174938e-02
9.241319e+00 1.523711e+00 -1.999125e-02
9.241319e+00 2.088426e+00 -1.952718e-02
9.241319e+00 2.685505e+00 -1.750683e-02
9.446145e+00 1.570796e-02 -1.384356e-04
9.446145e+00 2.346256e-02 -4.109986e-04
9.446145e+00 3.503514e-02 -8.075175e-04
9.446145e+00 5.263151e-02 -1.634586e-03
9.446145e+00 7.314235e-02 -3.274727e-03
9.446145e+00 1.025928e-01 -5.053504e-03
9.446145e+00 1.448116e-01 -8.416061e-03
9.446145e+00 2.023460e-01 -1.209300e-02
9.446145e+00 2.834245e-01 -1.645689e-02
9.446145e+00 3.967448e-01 -2.007059e-02
9.446145e+00 5.552783e-01 -2.221699e-02
9.446145e+00 7.774819e-01 -2.213684e-02
9.446145e+00 1.088445e+00 -2.050879e-02
9.446145e+00 1.523711e+00 -1.909910e-02
9.446145e+00 2.088426e+00 -1.875284e-02
9.446145e+00 2.685505e+00 -1.675147e-02
9.655068e+00 1.570796e-02 -1.201603e-04
9.655068e+00 2.346256e-02 -3.499660e-04
9.655068e+00 3.503514e-02 -6.977573e-04
9.655068e+00 5.263151e-02 -1.401011e-03
9.655068e+00 7.314235e-02 -2.813081e-03
9.655068e+00 1.025928e-01 -4.346132e-03
9.655068e+00 1.448116e-01 -7.227773e-03
9.655068e+00 2.023460e-01 -1.041441e-02
9.655068e+00 2.834245e-01 -1.435514e-02
9.655068e+00 3.967448e-01 -1.780506e-02
9.655068e+00 5.552783e-01 -2.005288e-02
9.655068e+00 7.774819e-01 -2.032320e-02
9.655068e+00 1.088445e+00 -1.914876e-02
9.655068e+00 1.523711e+00 -1.809049e-02
9.655068e+00 2.088426e+00 -1.780332e-02
9.655068e+00 2.685505e+00 -1.583708e-02
9.868170e+00 1.570796e-02 -1.048543e-04
9.868170e+00 2.346256e-02 -2.958591e-04
9.868170e+00 3.503514e-02 -5.959334e-04
9.868170e+00 5.263151e-02 -1.198089e-03
9.868170e+00 7.314235e-02 -2.408403e-03
9.868170e+00 1.025928e-01 -3.707535e-03
9.868170e+00 1.448116e-01 -6.171405e-03
9.868170e+00 2.023460e-01 -8.919221e-03
9.868170e+00 2.834245e-01 -1.242916e-02
9.868170e+00 3.967448e-01 -1.565579e-02
9.868170e+00 5.552783e-01 -1.793961e-02
9.868170e+00 7.774819e-01 -1.850267e-02
9.868170e+00 1.088445e+00 -1.771999e-02
9.868170e+00 1.523711e+00 -1.696769e-02
9.868170e+00 2.088426e+00 -1.677969e-02
9.868170e+00 2.685505e+00 -1.482832e-02
1.008553e+01 1.570796e-02 -9.008887e-05
1.008553e+01 2.346256e-02 -2.493896e-04
1.008553e+01 3.503514e-02 -5.081674e-04
1.008553e+01 5.263151e-02 -1.019676e-03
1.008553e+01 7.314235e-02 -2.053280e-03
1.008553e+01 1.025928e-01 -3.153271e-03
1.008553e+01 1.448116e-01 -5.246627e-03
1.008553e+01 2.023460e-01 -7.614708e-03
1.008553e+01 2.834245e-01 -1.068697e-02
1.008553e+01 3.967448e-01 -1.365806e-02
1.008553e+01 5.552783e-01 -1.590451e-02
1.008553e+01 7.774819e-01 -1.667765e-02
1.008553e+01 1.088445e+00 -1.623316e-02
1.008553e+01 1.523711e+00 -1.577052e-02
1.008553e+01 2.088426e+00 -1.569863e-02
1.008553e+01 2.685505e+00 -1.380910e-02
1.030724e+01 1.570796e-02 -7.691649e-05
1.030724e+01 2.346256e-02 -2.095618e-04
1.030724e+01 3.503514e-02 -4.305753e-04
1.030724e+01 5.263151e-02 -8.672255e-04
1.030724e+01 7.314235e-02 -1.738022e-03
1.030724e+01 1.025928e-01 -2.673436e-03
1.030724e+01 1.448116e-01 -4.431336e-03
1.030724e+01 2.023460e-01 -6.473258e-03
1.030724e+01 2.834245e-01 -9.136223e-03
1.030724e+01 3.967448e-01 -1.182214e-02
1.030724e+01 5.552783e-01 -1.398296e-02
1.030724e+01 7.774819e-01 -1.494193e-02
1.030724e+01 1.088445e+00 -1.475893e-02
1.030724e+01 1.523711e+00 -1.451589e-02
1.030724e+01 2.088426e+00 -1.459779e-02
1.030724e+01 2.685505e+00 -1.281727e-02
1.053339e+01 1.570796e-02 -6.509417e-05
1.053339e+01 2.346256e-02 -1.740030e-04
1.053339e+01 3.503514e-02 -3.660041e-04
1.053339e+01 5.263151e-02 -7.328338e-04
1.053339e+01 7.314235e-02 -1.465809e-03
1.053339e+01 1.025928e-01 -2.262637e-03
1.053339e+01 1.448116e-01 -3.741044e-03
1.053339e+01 2.023460e-01 -5.484745e-03
1.053339e+01 2.834245e-01 -7.778056e-03
1.053339e+01 3.967448e-01 -1.016480e-02
1.053339e+01 5.552783e-01 -1.218031e-02
1.053339e+01 7.774819e-01 -1.323363e-02
1.053339e+01 1.088445e+00 -1.331088e-02
1.053339e+01 1.523711e+00 -1.332012e-02
1.053339e+01 2.088426e+00 -1.349432e-02
1.053339e+01 2.685505e+00 -1.180149e-02
1.076406e+01 1.570796e-02 -5.507509e-05
1.076406e+01 2.346256e-02 -1.439105e-04
1.076406e+01 3.503514e-02 -3.081662e-04
1.076406e+01 5.263151e-02 -6.190171e-04
1.076406e+01 7.314235e-02 -1.229952e-03
1.076406e+01 1.025928e-01 -1.905344e-03
1.076406e+01 1.448116e-01 -3.147862e-03
1.076406e+01 2.023460e-01 -4.635413e-03
1.076406e+01 2.834245e-01 -6.586210e-03
1.076406e+01 3.967448e-01 -8.679196e-03
1.076406e+01 5.552783e-01 -1.053627e-02
1.076406e+01 7.774819e-01 -1.162617e-02
1.076406e+01 1.088445e+00 -1.191358e-02
1.076406e+01 1.523711e+00 -1.211611e-02
1.076406e+01 2.088426e+00 -1.238961e-02
1.076406e+01 2.685505e+00 -1.078265e-02
1.099934e+01 1.570796e-02 -4.666107e-05
1.099934e+01 2.346256e-02 -1.196415e-04
1.099934e+01 3.503514e-02 -2.572676e-04
1.099934e+01 5.263151e-02 -5.179797e-04
1.099934e+01 7.314235e-02 -1.031665e-03
1.099934e+01 1.025928e-01 -1.599229e-03
1.099934e+01 1.448116e-01 -2.636782e-03
1.099934e+01 2.023460e-01 -3.895145e-03
1.099934e+01 2.834245e-01 -5.545591e-03
1.099934e+01 3.967448e-01 -7.367645e-03
1.099934e+01 5.552783e-01 -9.036204e-03
1.099934e+01 7.774819e-01 -1.014413e-02
1.099934e+01 1.088445e+00 -1.057617e-02
1.099934e+01 1.523711e+00 -1.092891e-02
1.099934e+01 2.088426e+00 -1.128969e-02
1.099934e+01 2.685505e+00 -9.855263e-03
1.123932e+01 1.570796e-02 -3.919674e-05
1.123932e+01 2.346256e-02 -9.730977e-05
1.123932e+01 3.503514e-02 -2.138530e-04
1.123932e+01 5.263151e-02 -4.325438e-04
1.123932e+01 7.314235e-02 -8.560883e-04
1.123932e+01 1.025928e-01 -1.336998e-03
1.123932e+01 1.448116e-01 -2.198310e-03
1.123932e+01 2.023460e-01 -3.256123e-03
1.123932e+01 2.834245e-01 -4.643654e-03
1.123932e+01 3.967448e-01 -6.211557e-03
1.123932e+01 5.552783e-01 -7.693861e-03
1.123932e+01 7.774819e-01 -8.787218e-03
1.123932e+01 1.088445e+00 -9.322591e-03
1.123932e+01 1.523711e+00 -9.802138e-03
1.123932e+01 2.088426e+00 -1.022432e-02
1.123932e+01 2.685505e+00 -8.970388e-03
1.148411e+01 1.570796e-02 -3.248128e-05
1.148411e+01 2.346256e-02 -7.894826e-05
1.148411e+01 3.503514e-02 -1.768007e-04
1.148411e+01 5.263151e-02 -3.587080e-04
1.148411e+01 7.314235e-02 -7.110621e-04
1.148411e+01 1.025928e-01 -1.110328e-03
1.148411e+01 1.448116e-01 -1.815422e-03
1.148411e+01 2.023460e-01 -2.703266e-03
1.148411e+01 2.834245e-01 -3.863088e-03
1.148411e+01 3.967448e-01 -5.187650e-03
1.148411e+01 5.552783e-01 -6.499143e-03
1.148411e+01 7.774819e-01 -7.551587e-03
1.148411e+01 1.088445e+00 -8.157118e-03
1.148411e+01 1.523711e+00 -8.720145e-03
1.148411e+01 2.088426e+00 -9.208555e-03
1.148411e+01 2.685505e+00 -8.101969e-03
1.173379e+01 1.570796e-02 -2.698361e-05
1.173379e+01 2.346256e-02 -6.468467e-05
1.173379e+01 3.503514e-02 -1.461753e-04
1.173379e+01 5.263151e-02 -2.963965e-04
1.173379e+01 7.314235e-02 -5.879911e-04
1.173379e+01 1.025928e-01 -9.159817e-04
1.173379e+01 1.448116e-01 -1.499019e-03
1.173379e+01 2.023460e-01 -2.233985e-03
1.173379e+01 2.834245e-01 -3.203971e-03
1.173379e+01 3.967448e-01 -4.312055e-03
1.173379e+01 5.552783e-01 -5.451566e-03
1.173379e+01 7.774819e-01 -6.447945e-03
1.173379e+01 1.088445e+00 -7.089913e-03
1.173379e+01 1.523711e+00 -7.715470e-03
1.173379e+01 2.088426e+00 -8.238578e-03
1.173379e+01 2.685505e+00 -7.312121e-03
1.198847e+01 1.570796e-02 -2.218433e-05
1.198847e+01 2.346256e-02 -5.293864e-05
1.198847e+01 3.503514e-02 -1.200499e-04
1.198847e+01 5.263151e-02 -2.419046e-04
1.198847e+01 7.314235e-02 -4.828474e-04
1.198847e+01 1.025928e-01 -7.517457e-04
1.198847e+01 1.448116e-01 -1.229622e-03
1.198847e+01 2.023460e-01 -1.836476e-03
1.198847e+01 2.834245e-01 -2.633074e-03
1.198847e+01 3.967448e-01 -3.558389e-03
1.198847e+01 5.552783e-01 -4.541233e-03
1.198847e+01 7.774819e-01 -5.455627e-03
1.198847e+01 1.088445e+00 -6.105908e-03
1.198847e+01 1.523711e+00 -6.764698e-03
1.198847e+01 2.088426e+00 -7.322855e-03
1.198847e+01 2.685505e+00 -6.553223e-03
1.224824e+01 1.570796e-02 -1.829594e-05
1.224824e+01 2.346256e-02 -4.251750e-05
1.224824e+01 3.503514e-02 -9.683224e-05
1.224824e+01 5.263151e-02 -1.962291e-04
1.224824e+01 7.314235e-02 -3.934603e-04
1.224824e+01 1.025928e-01 -6.112030e-04
1.224824e+01 1.448116e-01 -1.000999e-03
1.224824e+01 2.023460e-01 -1.502014e-03
1.224824e+01 2.834245e-01 -2.154673e-03
1.224824e+01 3.967448e-01 -2.923685e-03
1.224824e+01 5.552783e-01 -3.757836e-03
1.224824e+01 7.774819e-01 -4.582527e-03
1.224824e+01 1.088445e+00 -5.232980e-03
1.224824e+01 1.523711e+00 -5.892345e-03
1.224824e+01 2.088426e+00 -6.468492e-03
1.224824e+01 2.685505e+00 -5.804668e-03
1.251320e+01 1.570796e-02 -1.491740e-05
1.251320e+01 2.346256e-02 -3.417519e-05
1.251320e+01 3.503514e-02 -7.892155e-05
1.251320e+01 5.263151e-02 -1.597973e-04
1.251320e+01 7.314235e-02 -3.169114e-04
1.251320e+01 1.025928e-01 -4.954447e-04
1.251320e+01 1.448116e-01 -8.131949e-04
1.251320e+01 2.023460e-01 -1.220671e-03
1.251320e+01 2.834245e-01 -1.752640e-03
1.251320e+01 3.967448e-01 -2.386586e-03
1.251320e+01 5.552783e-01 -3.093551e-03
1.251320e+01 7.774819e-01 -3.830699e-03
1.251320e+01 1.088445e+00 -4.461469e-03
1.251320e+01 1.523711e+00 -5.127085e-03
1.251320e+01 2.088426e+00 -5.680056e-03
1.251320e+01 2.685505e+00 -5.109123e-03
1.278347e+01 1.570796e-02 -1.212511e-05
1.278347e+01 2.346256e-02 -2.794708e-05
1.278347e+01 3.503514e-02 -6.346661e-05
1.278347e+01 5.263151e-02 -1.294049e-04
1.278347e+01 7.314235e-02 -2.551059e-04
1.278347e+01 1.025928e-01 -3.982578e-04
1.278347e+01 1.448116e-01 -6.555130e-04
1.278347e+01 2.023460e-01 -9.874950e-04
1.278347e+01 2.834245e-01 -1.416819e-03
1.278347e+01 3.967448e-01 -1.939727e-03
1.278347e+01 5.552783e-01 -2.536872e-03
1.278347e+01 7.774819e-01 -3.183372e-03
1.278347e+01 1.088445e+00 -3.766360e-03
1.278347e+01 1.523711e+00 -4.418948e-03
1.278347e+01 2.088426e+00 -4.952879e-03
1.278347e+01 2.685505e+00 -4.504169e-03
1.305914e+01 1.570796e-02 -9.774572e-06
1.305914e+01 2.346256e-02 -2.229923e-05
1.305914e+01 3.503514e-02 -5.140532e-05
1.305914e+01 5.263151e-02 -1.048162e-04
1.305914e+01 7.314235e-02 -2.051783e-04
1.305914e+01 1.025928e-01 -3.202365e-04
1.305914e+01 1.448116e-01 -5.264792e-04
1.305914e+01 2.023460e-01 -7.947098e-04
1.305914e+01 2.834245e-01 -1.141678e-03
1.305914e+01 3.967448e-01 -1.564584e-03
1.305914e+01 5.552783e-01 -2.067615e-03
1.305914e+01 7.774819e-01 -2.622820e-03
1.305914e+01 1.088445e+00 -3.160963e-03
1.305914e+01 1.523711e+00 -3.779733e-03
1.305914e+01 2.088426e+00 -4.287623e-03
1.305914e+01 2.685505e+00 -3.911493e-03
1.334032e+01 1.570796e-02 -7.894844e-06
1.334032e+01 2.346256e-02 -1.739250e-05
1.334032e+01 3.503514e-02 -4.050404e-05
1.334032e+01 5.263151e-02 -8.323248e-05
1.334032e+01 7.314235e-02 -1.632189e-04
1.334032e+01 1.025928e-01 -2.549881e-04
1.334032e+01 1.448116e-01 -4.201035e-04
1.334032e+01 2.023460e-01 -6.369947e-04
1.334032e+01 2.834245e-01 -9.116317e-04
1.334032e+01 3.967448e-01 -1.258415e-03
1.334032e+01 5.552783e-01 -1.670927e-03
1.334032e+01 7.774819e-01 -2.147913e-03
1.334032e+01 1.088445e+00 -2.639856e-03
1.334032e+01 1.523711e+00 -3.208393e-03
1.334032e+01 2.088426e+00 -3.682839e-03
1.334032e+01 2.685505e+00 -3.405402e-03
1.362713e+01 1.570796e-02 -6.328095e-06
1.362713e+01 2.346256e-02 -1.333735e-05
1.362713e+01 3.503514e-02 -3.209059e-05
1.362713e+01 5.263151e-02 -6.548885e-05
1.362713e+01 7.314235e-02 -1.291120e-04
1.362713e+01 1.025928e-01 -2.022442e-04
1.362713e+01 1.448116e-01 -3.330154e-04
1.362713e+01 2.023460e-01 -5.062215e-04
1.362713e+01 2.834245e-01 -7.232809e-04
1.362713e+01 3.967448e-01 -1.001890e-03
1.362713e+01 5.552783e-01 -1.341382e-03
1.362713e+01 7.774819e-01 -1.742150e-03
1.362713e+01 1.088445e+00 -2.186214e-03
1.362713e+01 1.523711e+00 -2.694195e-03
1.362713e+01 2.088426e+00 -3.136050e-03
1.362713e+01 2.685505e+00 -2.905526e-03
1.391967e+01 1.570796e-02 -5.015762e-06
1.391967e+01 2.346256e-02 -1.044089e-05
1.391967e+01 3.503514e-02 -2.520698e-05
1.391967e+01 5.263151e-02 -5.141809e-05
1.391967e+01 7.314235e-02 -1.016811e-04
1.391967e+01 1.025928e-01 -1.606346e-04
1.391967e+01 1.448116e-01 -2.632522e-04
1.391967e+01 2.023460e-01 -3.997235e-04
1.391967e+01 2.834245e-01 -5.703413e-04
1.391967e+01 3.967448e-01 -7.946487e-04
1.391967e+01 5.552783e-01 -1.068836e-03
1.391967e+01 7.774819e-01 -1.403613e-03
1.391967e+01 1.088445e+00 -1.788991e-03
1.391967e+01 1.523711e+00 -2.245773e-03
1.391967e+01 2.088426e+00 -2.639157e-03
1.391967e+01 2.685505e+00 -2.482725e-03
1.421806e+01 1.570796e-02 -4.084162e-06
1.421806e+01 2.346256e-02 -8.304093e-06
1.421806e+01 3.503514e-02 -1.979870e-05
1.421806e+01 5.263151e-02 -4.020540e-05
1.421806e+01 7.314235e-02 -8.008630e-05
1.421806e+01 1.025928e-01 -1.257471e-04
1.421806e+01 1.448116e-01 -2.081764e-04
1.421806e+01 2.023460e-01 -3.146002e-04
1.421806e+01 2.834245e-01 -4.495413e-04
1.421806e+01 3.967448e-01 -6.267149e-04
1.421806e+01 5.552783e-01 -8.510482e-04
1.421806e+01 7.774819e-01 -1.125394e-03
1.421806e+01 1.088445e+00 -1.460145e-03
1.421806e+01 1.523711e+00 -1.867851e-03
1.421806e+01 2.088426e+00 -2.221878e-03
1.421806e+01 2.685505e+00 -2.098021e-03
1.452242e+01 1.570796e-02 -3.270855e-06
1.452242e+01 2.346256e-02 -6.394662e-06
1.452242e+01 3.503514e-02 -1.578399e-05
1.452242e+01 5.263151e-02 -3.095892e-05
1.452242e+01 7.314235e-02 -6.283470e-05
1.452242e+01 1.025928e-01 -9.797088e-05
1.452242e+01 1.448116e-01 -1.615188e-04
1.452242e+01 2.023460e-01 -2.464935e-04
1.452242e+01 2.834245e-01 -3.520647e-04
1.452242e+01 3.967448e-01 -4.923477e-04
1.452242e+01 5.552783e-01 -6.718417e-04
1.452242e+01 7.774819e-01 -8.955543e-04
1.452242e+01 1.088445e+00 -1.181166e-03
1.452242e+01 1.523711e+00 -1.539276e-03
1.452242e+01 2.088426e+00 -1.845431e-03
1.452242e+01 2.685505e+00 -1.719071e-03
1.483287e+01 1.570796e-02 -2.556273e-06
1.483287e+01 2.346256e-02 -4.914357e-06
1.483287e+01 3.503514e-02 -1.227733e-05
1.483287e+01 5.263151e-02 -2.382351e-05
1.483287e+01 7.314235e-02 -4.862318e-05
1.483287e+01 1.025928e-01 -7.559933e-05
1.483287e+01 1.448116e-01 -1.251481e-04
1.483287e+01 2.023460e-01 -1.912153e-04
1.483287e+01 2.834245e-01 -2.724193e-04
1.483287e+01 3.967448e-01 -3.815986e-04
1.483287e+01 5.552783e-01 -5.253332e-04
1.483287e+01 7.774819e-01 -7.072992e-04
1.483287e+01 1.088445e+00 -9.478163e-04
1.483287e+01 1.523711e+00 -1.252381e-03
1.483287e+01 2.088426e+00 -1.518501e-03
1.483287e+01 2.685505e+00 -1.413413e-03
1.514953e+01 1.570796e-02 -1.990007e-06
1.514953e+01 2.346256e-02 -3.743883e-06
1.514953e+01 3.503514e-02 -9.472533e-06
1.514953e+01 5.263151e-02 -1.846231e-05
1.514953e+01 7.314235e-02 -3.688520e-05
1.514953e+01 1.025928e-01 -5.734004e-05
1.514953e+01 1.448116e-01 -9.665551e-05
1.514953e+01 2.023460e-01 -1.473963e-04
1.514953e+01 2.834245e-01 -2.102947e-04
1.514953e+01 3.967448e-01 -2.949056e-04
1.514953e+01 5.552783e-01 -4.068227e-04
1.514953e+01 7.774819e-01 -5.555012e-04
1.514953e+01 1.088445e+00 -7.508784e-04
1.514953e+01 1.523711e+00 -1.009283e-03
1.514953e+01 2.088426e+00 -1.235039e-03
1.514953e+01 2.685505e+00 -1.153875e-03
1.547252e+01 1.570796e-02 -1.542809e-06
1.547252e+01 2.346256e-02 -2.835209e-06
1.547252e+01 3.503514e-02 -7.412233e-06
1.547252e+01 5.263151e-02 -1.419370e-05
1.547252e+01 7.314235e-02 -2.818299e-05
1.547252e+01 1.025928e-01 -4.372628e-05
1.547252e+01 1.448116e-01 -7.418605e-05
1.547252e+01 2.023460e-01 -1.131832e-04
1.547252e+01 2.834245e-01 -1.618115e-04
1.547252e+01 3.967448e-01 -2.275540e-04
1.547252e+01 5.552783e-01 -3.149641e-04
1.547252e+01 7.774819e-01 -4.320481e-04
1.547252e+01 1.088445e+00 -5.914572e-04
1.547252e+01 1.523711e+00 -8.030309e-04
1.547252e+01 2.088426e+00 -9.915172e-04
1.547252e+01 2.685505e+00 -9.267355e-04
1.580197e+01 1.570796e-02 -1.191494e-06
1.580197e+01 2.346256e-02 -2.035804e-06
1.580197e+01 3.503514e-02 -5.610015e-06
1.580197e+01 5.263151e-02 -1.054183e-05
1.580197e+01 7.314235e-02 -2.109195e-05
1.580197e+01 1.025928e-01 -3.251885e-05
1.580197e+01 1.448116e-01 -5.548110e-05
1.580197e+01 2.023460e-01 -8.502876e-05
1.580197e+01 2.834245e-01 -1.211975e-04
1.580197e+01 3.967448e-01 -1.709944e-04
1.580197e+01 5.552783e-01 -2.380838e-04
1.580197e+01 7.774819e-01 -3.303208e-04
1.580197e+01 1.088445e+00 -4.570370e-04
1.580197e+01 1.523711e+00 -6.293434e-04
1.580197e+01 2.088426e+00 -7.862721e-04
1.580197e+01 2.685505e+00 -7.426591e-04
1.613801e+01 1.570796e-02 -9.554889e-07
1.613801e+01 2.346256e-02 -1.443030e-06
1.613801e+01 3.503514e-02 -4.291777e-06
1.613801e+01 5.263151e-02 -7.788637e-06
1.613801e+01 7.314235e-02 -1.559847e-05
1.613801e+01 1.025928e-01 -2.431844e-05
1.613801e+01 1.448116e-01 -4.144064e-05
1.613801e+01 2.023460e-01 -6.371615e-05
1.613801e+01 2.834245e-01 -9.070748e-05
1.613801e+01 3.967448e-01 -1.292261e-04
1.613801e+01 5.552783e-01 -1.802546e-04
1.613801e+01 7.774819e-01 -2.527821e-04
1.613801e+01 1.088445e+00 -3.508118e-04
1.613801e+01 1.523711e+00 -4.854905e-04
1.613801e+01 2.088426e+00 -6.093661e-04
1.613801e+01 2.685505e+00 -5.793630e-04
1.648077e+01 1.570796e-02 -7.117290e-07
1.648077e+01 2.346256e-02 -9.663804e-07
1.648077e+01 3.503514e-02 -3.147633e-06
1.648077e+01 5.263151e-02 -5.934048e-06
1.648077e+01 7.314235e-02 -1.136144e-05
1.648077e+01 1.025928e-01 -1.763756e-05
1.648077e+01 1.448116e-01 -3.016867e-05
1.648077e+01 2.023460e-01 -4.645980e-05
1.648077e+01 2.834245e-01 -6.656308e-05
1.648077e+01 3.967448e-01 -9.488610e-05
1.648077e+01 5.552783e-01 -1.334584e-04
1.648077e+01 7.774819e-01 -1.895361e-04
1.648077e+01 1.088445e+00 -2.635849e-04
1.648077e+01 1.523711e+00 -3.696566e-04
1.648077e+01 2.088426e+00 -4.644208e-04
1.648077e+01 2.685505e+00 -4.385629e-04
1.683038e+01 1.570796e-02 -5.326526e-07
1.683038e+01 2.346256e-02 -7.022403e-07
1.683038e+01 3.503514e-02 -2.245223e-06
1.683038e+01 5.263151e-02 -4.385360e-06
1.683038e+01 7.314235e-02 -8.221750e-06
1.683038e+01 1.025928e-01 -1.266528e-05
1.683038e+01 1.448116e-01 -2.196192e-05
1.683038e+01 2.023460e-01 -3.366494e-05
1.683038e+01 2.834245e-01 -4.793012e-05
1.683038e+01 3.967448e-01 -6.841836e-05
1.683038e+01 5.552783e-01 -9.697960e-05
1.683038e+01 7.774819e-01 -1.402009e-04
1.683038e+01 1.088445e+00 -1.949407e-04
1.683038e+01 1.523711e+00 -2.746146e-04
1.683038e+01 2.088426e+00 -3.467486e-04
1.683038e+01 2.685505e+00 -3.295503e-04
1.718699e+01 1.570796e-02 -3.866382e-07
1.718699e+01 2.346256e-02 -4.835919e-07
1.718699e+01 3.503514e-02 -1.526627e-06
1.718699e+01 5.263151e-02 -3.108129e-06
1.718699e+01 7.314235e-02 -5.840850e-06
1.718699e+01 1.025928e-01 -8.795448e-06
1.718699e+01 1.448116e-01 -1.551891e-05
1.718699e+01 2.023460e-01 -2.380862e-05
1.718699e+01 2.834245e-01 -3.417511e-05
1.718699e+01 3.967448e-01 -4.892016e-05
1.718699e+01 5.552783e-01 -6.942389e-05
1.718699e+01 7.774819e-01 -1.017186e-04
1.718699e+01 1.088445e+00 -1.416008e-04
1.718699e+01 1.523711e+00 -2.007988e-04
1.718699e+01 2.088426e+00 -2.548610e-04
1.718699e+01 2.685505e+00 -2.418624e-04
1.755073e+01 1.570796e-02 -2.865716e-07
1.755073e+01 2.346256e-02 -3.007958e-07
1.755073e+01 3.503514e-02 -1.057787e-06
1.755073e+01 5.263151e-02 -2.282596e-06
1.755073e+01 7.314235e-02 -4.163402e-06
1.755073e+01 1.025928e-01 -6.131922e-06
1.755073e+01 1.448116e-01 -1.104117e-05
1.755073e+01 2.023460e-01 -1.721216e-05
1.755073e+01 2.834245e-01 -2.401816e-05
1.755073e+01 3.967448e-01 -3.494871e-05
1.755073e+01 5.552783e-01 -4.978365e-05
1.755073e+01 7.774819e-01 -7.351412e-05
1.755073e+01 1.088445e+00 -1.026096e-04
1.755073e+01 1.523711e+00 -1.450840e-04
1.755073e+01 2.088426e+00 -1.858909e-04
1.755073e+01 2.685505e+00 -1.792613e-04
1.792175e+01 1.570796e-02 -2.088223e-07
1.792175e+01 2.346256e-02 -2.115053e-07
1.792175e+01 3.503514e-02 -7.843719e-07
1.792175e+01 5.263151e-02 -1.545354e-06
1.792175e+01 7.314235e-02 -2.827271e-06
1.792175e+01 1.025928e-01 -4.126091e-06
1.792175e+01 1.448116e-01 -7.710050e-06
1.792175e+01 2.023460e-01 -1.202745e-05
1.792175e+01 2.834245e-01 -1.662921e-05
1.792175e+01 3.967448e-01 -2.439752e-05
1.792175e+01 5.552783e-01 -3.487249e-05
1.792175e+01 7.774819e-01 -5.168887e-05
1.792175e+01 1.088445e+00 -7.208608e-05
1.792175e+01 1.523711e+00 -1.022562e-04
1.792175e+01 2.088426e+00 -1.323453e-04
1.792175e+01 2.685505e+00 -1.287279e-04
1.830018e+01 1.570796e-02 -1.418145e-07
1.830018e+01 2.346256e-02 -1.386990e-07
1.830018e+01 3.503514e-02 -5.177982e-07
1.830018e+01 5.263151e-02 -1.019597e-06
1.830018e+01 7.314235e-02 -1.839625e-06
1.830018e+01 1.025928e-01 -2.733926e-06
1.830018e+01 1.448116e-01 -5.208618e-06
1.830018e+01 2.023460e-01 -8.277857e-06
1.830018e+01 2.834245e-01 -1.119430e-05
1.830018e+01 3.967448e-01 -1.659506e-05
1.830018e+01 5.552783e-01 -2.417450e-05
1.830018e+01 7.774819e-01 -3.586095e-05
1.830018e+01 1.088445e+00 -4.957710e-05
1.830018e+01 1.523711e+00 -7.038135e-05
1.830018e+01 2.088426e+00 -9.147515e-05
1.830018e+01 2.685505e+00 -8.910973e-05
1.868618e+01 1.570796e-02 -9.557460e-08
1.868618e+01 2.346256e-02 -8.295608e-08
1.868618e+01 3.503514e-02 -3.543294e-07
1.868618e+01 5.263151e-02 -6.700037e-07
1.868618e+01 7.314235e-02 -1.171309e-06
1.868618e+01 1.025928e-01 -1.764244e-06
1.868618e+01 1.448116e-01 -3.448099e-06
1.868618e+01 2.023460e-01 -5.499578e-06
1.868618e+01 2.834245e-01 -7.499759e-06
1.868618e+01 3.967448e-01 -1.094214e-05
1.868618e+01 5.552783e-01 -1.628297e-05
1.868618e+01 7.774819e-01 -2.437667e-05
1.868618e+01 1.088445e+00 -3.371455e-05
1.868618e+01 1.523711e+00 -4.815365e-05
1.868618e+01 2.088426e+00 -6.334741e-05
1.868618e+01 2.685505e+00 -6.140609e-05
1.907991e+01 1.570796e-02 -6.095467e-08
1.907991e+01 2.346256e-02 -5.202405e-08
1.907991e+01 3.503514e-02 -2.262298e-07
1.907991e+01 5.263151e-02 -4.031238e-07
1.907991e+01 7.314235e-02 -7.334053e-07
1.907991e+01 1.025928e-01 -1.150782e-06
1.907991e+01 1.448116e-01 -2.219807e-06
1.907991e+01 2.023460e-01 -3.539527e-06
1.907991e+01 2.834245e-01 -4.814277e-06
1.907991e+01 3.967448e-01 -7.229608e-06
1.907991e+01 5.552783e-01 -1.068341e-05
1.907991e+01 7.774819e-01 -1.611896e-05
1.907991e+01 1.088445e+00 -2.225416e-05
1.907991e+01 1.523711e+00 -3.185764e-05
1.907991e+01 2.088426e+00 -4.208692e-05
1.907991e+01 2.685505e+00 -4.131394e-05
1.948151e+01 1.570796e-02 -3.871691e-08
1.948151e+01 2.346256e-02 -2.414369e-08
1.948151e+01 3.503514e-02 -1.543428e-07
1.948151e+01 5.263151e-02 -2.645304e-07
1.948151e+01 7.314235e-02 -4.610585e-07
1.948151e+01 1.025928e-01 -7.464832e-07
1.948151e+01 1.448116e-01 -1.462786e-06
1.948151e+01 2.023460e-01 -2.268878e-06
1.948151e+01 2.834245e-01 -3.127365e-06
1.948151e+01 3.967448e-01 -4.751233e-06
1.948151e+01 5.552783e-01 -7.030718e-06
1.948151e+01 7.774819e-01 -1.058105e-05
1.948151e+01 1.088445e+00 -1.466247e-05
1.948151e+01 1.523711e+00 -2.072815e-05
1.948151e+01 2.088426e+00 -2.762037e-05
1.948151e+01 2.685505e+00 -2.732958e-05
1.989114e+01 1.570796e-02 -2.392119e-08
1.989114e+01 2.346256e-02 -1.541816e-08
1.989114e+01 3.503514e-02 -8.988515e-08
1.989114e+01 5.263151e-02 -1.460010e-07
1.989114e+01 7.314235e-02 -2.807802e-07
1.989114e+01 1.025928e-01 -4.567547e-07
1.989114e+01 1.448116e-01 -8.454538e-07
1.989114e+01 2.023460e-01 -1.342750e-06
1.989114e+01 2.834245e-01 -1.859618e-06
1.989114e+01 3.967448e-01 -2.858120e-06
1.989114e+01 5.552783e-01 -4.307753e-06
1.989114e+01 7.774819e-01 -6.492680e-06
1.989114e+01 1.088445e+00 -9.286653e-06
1.989114e+01 1.523711e+00 -1.318702e-05
1.989114e+01 2.088426e+00 -1.772001e-05
1.989114e+01 2.685505e+00 -1.756501e-05
2.030896e+01 1.570796e-02 5.524086e-10
2.030896e+01 2.346256e-02 1.406144e-09
2.030896e+01 3.503514e-02 2.837292e-09
2.030896e+01 5.263151e-02 5.831936e-09
2.030896e+01 7.314235e-02 1.217414e-08
2.030896e+01 1.025928e-01 1.814536e-08
2.030896e+01 1.448116e-01 3.068025e-08
2.030896e+01 2.023460e-01 4.451914e-08
2.030896e+01 2.834245e-01 6.384848e-08
2.030896e+01 3.967448e-01 8.796133e-08
2.030896e+01 5.552783e-01 1.182516e-07
2.030896e+01 7.774819e-01 1.473047e-07
2.030896e+01 1.088445e+00 1.556781e-07
2.030896e+01 1.523711e+00 1.267728e-07
2.030896e+01 2.088426e+00 7.864664e-08
2.030896e+01 2.685505e+00 3.765145e-08
2.073514e+01 1.570796e-02 5.243200e-10
2.073514e+01 2.346256e-02 1.333591e-09
2.073514e+01 3.503514e-02 2.692877e-09
2.073514e+01 5.263151e-02 5.529606e-09
2.073514e+01 7.314235e-02 1.154899e-08
2.073514e+01 1.025928e-01 1.720736e-08
2.073514e+01 1.448116e-01 2.911283e-08
2.073514e+01 2.023460e-01 4.232106e-08
2.073514e+01 2.834245e-01 6.095773e-08
2.073514e+01 3.967448e-01 8.449580e-08
2.073514e+01 5.552783e-01 1.144273e-07
2.073514e+01 7.774819e-01 1.434462e-07
2.073514e+01 1.088445e+00 1.524356e-07
2.073514e+01 1.523711e+00 1.248123e-07
2.073514e+01 2.088426e+00 7.784627e-08
2.073514e+01 2.685505e+00 3.741001e-08
2.116984e+01 1.570796e-02 4.965293e-10
2.116984e+01 2.346256e-02 1.262462e-09
2.116984e+01 3.503514e-02 2.550432e-09
2.116984e+01 5.263151e-02 5.231527e-09
2.116984e+01 7.314235e-02 1.093509e-08
2.116984e+01 1.025928e-01 1.628910e-08
2.116984e+01 1.448116e-01 2.757950e-08
2.116984e+01 2.023460e-01 4.018139e-08
2.116984e+01 2.834245e-01 5.813934e-08
2.116984e+01 3.967448e-01 8.108329e-08
2.116984e+01 5.552783e-01 1.106128e-07
2.116984e+01 7.774819e-01 1.394884e-07
2.116984e+01 1.088445e+00 1.490947e-07
2.116984e+01 1.523711e+00 1.227462e-07
2.116984e+01 2.088426e+00 7.692957e-08
2.116984e+01 2.685505e+00 3.708299e-08
2.161324e+01 1.570796e-02 4.692582e-10
2.161324e+01 2.346256e-02 1.192314e-09
2.161324e+01 3.503514e-02 2.410696e-09
2.161324e+01 5.263151e-02 4.939619e-09
2.161324e+01 7.314235e-02 1.033430e-08
2.161324e+01 1.025928e-01 1.538981e-08
2.161324e+01 1.448116e-01 2.608614e-08
2.161324e+01 2.023460e-01 3.810104e-08
2.161324e+01 2.834245e-01 5.540106e-08
2.161324e+01 3.967448e-01 7.775463e-08
2.161324e+01 5.552783e-01 1.068290e-07
2.161324e+01 7.774819e-01 1.355051e-07
2.161324e+01 1.088445e+00 1.455940e-07
2.161324e+01 1.523711e+00 1.206504e-07
2.161324e+01 2.088426e+00 7.604940e-08
2.161324e+01 2.685505e+00 3.673519e-08
2.206550e+01 1.570796e-02 4.425377e-10
2.206550e+01 2.346256e-02 1.124179e-09
2.206550e+01 3.503514e-02 2.274159e-09
2.206550e+01 5.263151e-02 4.656596e-09
2.206550e+01 7.314235e-02 9.750493e-09
2.206550e+01 1.025928e-01 1.451703e-08
2.206550e+01 1.448116e-01 2.463140e-08
2.206550e+01 2.023460e-01 3.608427e-08
2.206550e+01 2.834245e-01 5.273901e-08
2.206550e+01 3.967448e-01 7.450240e-08
2.206550e+01 5.552783e-01 1.030526e-07
2.206550e+01 7.774819e-01 1.314246e-07
2.206550e+01 1.088445e+00 1.420299e-07
2.206550e+01 1.523711e+00 1.185514e-07
2.206550e+01 2.088426e+00 7.535537e-08
2.206550e+01 2.685505e+00 3.643540e-08
2.252681e+01 1.570796e-02 4.164596e-10
2.252681e+01 2.346256e-02 1.057893e-09
2.252681e+01 3.503514e-02 2.141766e-09
2.252681e+01 5.263151e-02 4.380533e-09
2.252681e+01 7.314235e-02 9.181066e-09
2.252681e+01 1.025928e-01 1.366723e-08
2.252681e+01 1.448116e-01 2.322172e-08
2.252681e+01 2.023460e-01 3.411672e-08
2.252681e+01 2.834245e-01 5.013218e-08
2.252681e+01 3.967448e-01 7.131101e-08
2.252681e+01 5.552783e-01 9.928388e-08
2.252681e+01 7.774819e-01 1.272702e-07
2.252681e+01 1.088445e+00 1.383480e-07
2.252681e+01 1.523711e+00 1.166109e-07
2.252681e+01 2.088426e+00 7.486557e-08
2.252681e+01 2.685505e+00 3.619488e-08
2.299735e+01 1.570796e-02 3.911029e-10
2.299735e+01 2.346256e-02 9.935085e-10
2.299735e+01 3.503514e-02 2.012250e-09
2.299735e+01 5.263151e-02 4.111802e-09
2.299735e+01 7.314235e-02 8.628005e-09
2.299735e+01 1.025928e-01 1.284028e-08
2.299735e+01 1.448116e-01 2.185093e-08
2.299735e+01 2.023460e-01 3.220302e-08
2.299735e+01 2.834245e-01 4.759509e-08
2.299735e+01 3.967448e-01 6.815778e-08
2.299735e+01 5.552783e-01 9.546244e-08
2.299735e+01 7.774819e-01 1.230017e-07
2.299735e+01 1.088445e+00 1.345089e-07
2.299735e+01 1.523711e+00 1.146465e-07
2.299735e+01 2.088426e+00 7.450730e-08
2.299735e+01 2.685505e+00 3.590848e-08
2.347730e+01 1.570796e-02 3.664043e-10
2.347730e+01 2.346256e-02 9.315811e-10
2.347730e+01 3.503514e-02 1.886244e-09
2.347730e+01 5.263151e-02 3.851708e-09
2.347730e+01 7.314235e-02 8.089576e-09
2.347730e+01 1.025928e-01 1.203460e-08
2.347730e+01 1.448116e-01 2.051661e-08
2.347730e+01 2.023460e-01 3.034696e-08
2.347730e+01 2.834245e-01 4.511222e-08
2.347730e+01 3.967448e-01 6.502857e-08
2.347730e+01 5.552783e-01 9.160754e-08
2.347730e+01 7.774819e-01 1.186164e-07
2.347730e+01 1.088445e+00 1.306258e-07
2.347730e+01 1.523711e+00 1.126706e-07
2.347730e+01 2.088426e+00 7.426410e-08
2.347730e+01 2.685505e+00 3.569208e-08
2.396684e+01 1.570796e-02 3.425034e-10
2.396684e+01 2.346256e-02 8.718308e-10
2.396684e+01 3.503514e-02 1.763508e-09
2.396684e+01 5.263151e-02 3.599582e-09
2.396684e+01 7.314235e-02 7.565628e-09
2.396684e+01 1.025928e-01 1.125504e-08
2.396684e+01 1.448116e-01 1.921748e-08
2.396684e+01 2.023460e-01 2.854480e-08
2.396684e+01 2.834245e-01 4.267710e-08
2.396684e+01 3.967448e-01 6.190992e-08
2.396684e+01 5.552783e-01 8.771204e-08
2.396684e+01 7.774819e-01 1.141434e-07
2.396684e+01 1.088445e+00 1.266063e-07
2.396684e+01 1.523711e+00 1.107663e-07
2.396684e+01 2.088426e+00 7.404231e-08
2.396684e+01 2.685505e+00 3.558844e-08
2.446618e+01 1.570796e-02 3.192806e-10
2.446618e+01 2.346256e-02 8.129773e-10
2.446618e+01 3.503514e-02 1.644087e-09
2.446618e+01 5.263151e-02 3.354564e-09
2.446618e+01 7.314235e-02 7.057129e-09
2.446618e+01 1.025928e-01 1.049911e-08
2.446618e+01 1.448116e-01 1.795794e-08
2.446618e+01 2.023460e-01 2.678578e-08
2.446618e+01 2.834245e-01 4.028938e-08
2.446618e+01 3.967448e-01 5.880284e-08
2.446618e+01 5.552783e-01 8.374286e-08
2.446618e+01 7.774819e-01 1.095156e-07
2.446618e+01 1.088445e+00 1.224835e-07
2.446618e+01 1.523711e+00 1.088064e-07
2.446618e+01 2.088426e+00 7.402166e-08
2.446618e+01 2.685505e+00 3.551383e-08
2.497550e+01 1.570796e-02 2.966882e-10
2.497550e+01 2.346256e-02 7.561465e-10
2.497550e+01 3.503514e-02 1.528104e-09
2.497550e+01 5.263151e-02 3.116387e-09
2.497550e+01 7.314235e-02 6.563456e-09
2.497550e+01 1.025928e-01 9.763513e-09
2.497550e+01 1.448116e-01 1.673059e-08
2.497550e+01 2.023460e-01 2.507696e-08
2.497550e+01 2.834245e-01 3.793719e-08
2.497550e+01 3.967448e-01 5.568454e-08
2.497550e+01 5.552783e-01 7.970494e-08
2.497550e+01 7.774819e-01 1.047712e-07
2.497550e+01 1.088445e+00 1.181975e-07
2.497550e+01 1.523711e+00 1.067865e-07
2.497550e+01 2.088426e+00 7.400497e-08
2.497550e+01 2.685505e+00 3.579890e-08
2.549501e+01 1.570796e-02 2.747444e-10
2.549501e+01 2.346256e-02 7.012526e-10
2.549501e+01 3.503514e-02 1.415199e-09
2.549501e+01 5.263151e-02 2.885542e-09
2.549501e+01 7.314235e-02 6.081659e-09
2.549501e+01 1.025928e-01 9.053946e-09
2.549501e+01 1.448116e-01 1.553530e-08
2.549501e+01 2.023460e-01 2.340271e-08
2.549501e+01 2.834245e-01 3.560496e-08
2.549501e+01 3.967448e-01 5.254331e-08
2.549501e+01 5.552783e-01 7.558228e-08
2.549501e+01 7.774819e-01 9.990336e-08
2.549501e+01 1.088445e+00 1.137780e-07
2.549501e+01 1.523711e+00 1.046300e-07
2.549501e+01 2.088426e+00 7.405518e-08
2.549501e+01 2.685505e+00 3.622545e-08
2.602491e+01 1.570796e-02 2.533457e-10
2.602491e+01 2.346256e-02 6.475751e-10
2.602491e+01 3.503514e-02 1.304748e-09
2.602491e+01 5.263151e-02 2.661094e-09
2.602491e+01 7.314235e-02 5.613272e-09
2.602491e+01 1.025928e-01 8.361701e-09
2.602491e+01 1.448116e-01 1.436962e-08
2.602491e+01 2.023460e-01 2.175765e-08
2.602491e+01 2.834245e-01 3.328571e-08
2.602491e+01 3.967448e-01 4.937491e-08
2.602491e+01 5.552783e-01 7.138660e-08
2.602491e+01 7.774819e-01 9.489843e-08
2.602491e+01 1.088445e+00 1.091509e-07
2.602491e+01 1.523711e+00 1.023601e-07
2.602491e+01 2.088426e+00 7.421193e-08
2.602491e+01 2.685505e+00 3.691182e-08
2.656541e+01 1.570796e-02 2.324915e-10
2.656541e+01 2.346256e-02 5.954084e-10
2.656541e+01 3.503514e-02 1.197233e-09
2.656541e+01 5.263151e-02 2.442806e-09
2.656541e+01 7.314235e-02 5.157536e-09
2.656541e+01 1.025928e-01 7.687279e-09
2.656541e+01 1.448116e-01 1.323105e-08
2.656541e+01 2.023460e-01 2.014239e-08
2.656541e+01 2.834245e-01 3.097608e-08
2.656541e+01 3.967448e-01 4.617903e-08
2.656541e+01 5.552783e-01 6.708377e-08
2.656541e+01 7.774819e-01 8.969095e-08
2.656541e+01 1.088445e+00 1.043356e-07
2.656541e+01 1.523711e+00 9.984247e-08
2.656541e+01 2.088426e+00 7.441099e-08
2.656541e+01 2.685505e+00 3.789889e-08
2.711672e+01 1.570796e-02 2.122108e-10
2.711672e+01 2.346256e-02 5.441974e-10
2.711672e+01 3.503514e-02 1.092653e-09
2.711672e+01 5.263151e-02 2.230215e-09
2.711672e+01 7.314235e-02 4.713601e-09
2.711672e+01 1.025928e-01 7.030460e-09
2.711672e+01 1.448116e-01 1.212158e-08
2.711672e+01 2.023460e-01 1.855316e-08
2.711672e+01 2.834245e-01 2.868632e-08
2.711672e+01 3.967448e-01 4.295055e-08
2.711672e+01 5.552783e-01 6.269324e-08
2.711672e+01 7.774819e-01 8.431749e-08
2.711672e+01 1.088445e+00 9.921501e-08
2.711672e+01 1.523711e+00 9.704334e-08
2.711672e+01 2.088426e+00 7.444516e-08
2.711672e+01 2.685505e+00 3.915181e-08
2.767905e+01 1.570796e-02 1.924145e-10
2.767905e+01 2.346256e-02 4.948229e-10
2.767905e+01 3.503514e-02 9.907836e-10
2.767905e+01 5.263151e-02 2.023717e-09
2.767905e+01 7.314235e-02 4.281602e-09
2.767905e+01 1.025928e-01 6.392990e-09
2.767905e+01 1.448116e-01 1.103417e-08
2.767905e+01 2.023460e-01 1.698299e-08
2.767905e+01 2.834245e-01 2.638874e-08
2.767905e+01 3.967448e-01 3.967809e-08
2.767905e+01 5.552783e-01 5.819615e-08
2.767905e+01 7.774819e-01 7.871937e-08
2.767905e+01 1.088445e+00 9.380897e-08
2.767905e+01 1.523711e+00 9.380777e-08
2.767905e+01 2.088426e+00 7.439173e-08
2.767905e+01 2.685505e+00 4.071737e-08
2.825263e+01 1.570796e-02 1.731903e-10
2.825263e+01 2.346256e-02 4.462869e-10
2.825263e+01 3.503514e-02 8.912995e-10
2.825263e+01 5.263151e-02 1.822265e-09
2.825263e+01 7.314235e-02 3.859912e-09
2.825263e+01 1.025928e-01 5.769157e-09
2.825263e+01 1.448116e-01 9.975929e-09
2.825263e+01 2.023460e-01 1.542986e-08
2.825263e+01 2.834245e-01 2.409468e-08
2.825263e+01 3.967448e-01 3.637671e-08
2.825263e+01 5.552783e-01 5.358151e-08
2.825263e+01 7.774819e-01 7.296996e-08
2.825263e+01 1.088445e+00 8.802114e-08
2.825263e+01 1.523711e+00 9.019486e-08
2.825263e+01 2.088426e+00 7.412825e-08
2.825263e+01 2.685505e+00 4.272537e-08
2.883769e+01 1.570796e-02 1.544242e-10
2.883769e+01 2.346256e-02 3.989169e-10
2.883769e+01 3.503514e-02 7.946083e-10
2.883769e+01 5.263151e-02 1.626504e-09
2.883769e+01 7.314235e-02 3.448571e-09
2.883769e+01 1.025928e-01 5.161991e-09
2.883769e+01 1.448116e-01 8.937734e-09
2.883769e+01 2.023460e-01 1.389445e-08
2.883769e+01 2.834245e-01 2.179549e-08
2.883769e+01 3.967448e-01 3.301588e-08
2.883769e+01 5.552783e-01 4.886410e-08
2.883769e+01 7.774819e-01 6.696809e-08
2.883769e+01 1.088445e+00 8.187983e-08
2.883769e+01 1.523711e+00 8.594191e-08
2.883769e+01 2.088426e+00 7.344272e-08
2.883769e+01 2.685505e+00 4.498569e-08
2.943444e+01 1.570796e-02 1.361200e-10
2.943444e+01 2.346256e-02 3.524828e-10
2.943444e+01 3.503514e-02 7.001462e-10
2.943444e+01 5.263151e-02 1.434952e-09
2.943444e+01 7.314235e-02 3.047492e-09
2.943444e+01 1.025928e-01 4.568457e-09
2.943444e+01 1.448116e-01 7.920031e-09
2.943444e+01 2.023460e-01 1.237393e-08
2.943444e+01 2.834245e-01 1.949027e-08
2.943444e+01 3.967448e-01 2.961951e-08
2.943444e+01 5.552783e-01 4.403643e-08
2.943444e+01 7.774819e-01 6.075603e-08
2.943444e+01 1.088445e+00 7.531062e-08
2.943444e+01 1.523711e+00 8.111924e-08
2.943444e+01 2.088426e+00 7.228260e-08
2.943444e+01 2.685505e+00 4.752902e-08
3.004313e+01 1.570796e-02 1.182275e-10
3.004313e+01 2.346256e-02 3.071667e-10
3.004313e+01 3.503514e-02 6.084142e-10
3.004313e+01 5.263151e-02 1.248446e-09
3.004313e+01 7.314235e-02 2.655650e-09
3.004313e+01 1.025928e-01 3.986797e-09
3.004313e+01 1.448116e-01 6.920620e-09
3.004313e+01 2.023460e-01 1.086493e-08
3.004313e+01 2.834245e-01 1.718574e-08
3.004313e+01 3.967448e-01 2.618343e-08
3.004313e+01 5.552783e-01 3.910478e-08
3.004313e+01 7.774819e-01 5.428281e-08
3.004313e+01 1.088445e+00 6.824444e-08
3.004313e+01 1.523711e+00 7.544483e-08
3.004313e+01 2.088426e+00 7.038563e-08
3.004313e+01 2.685505e+00 4.993134e-08
3.066399e+01 1.570796e-02 1.009761e-10
3.066399e+01 2.346256e-02 2.630300e-10
3.066399e+01 3.503514e-02 5.188804e-10
3.066399e+01 5.263151e-02 1.066558e-09
3.066399e+01 7.314235e-02 2.272535e-09
3.066399e+01 1.025928e-01 3.416551e-09
3.066399e+01 1.448116e-01 5.940176e-09
3.066399e+01 2.023460e-01 9.371076e-09
3.066399e+01 2.834245e-01 1.487657e-08
3.066399e+01 3.967448e-01 2.271494e-08
3.066399e+01 5.552783e-01 3.407179e-08
3.066399e+01 7.774819e-01 4.760161e-08
3.066399e+01 1.088445e+00 6.070978e-08
3.066399e+01 1.523711e+00 6.900599e-08
3.066399e+01 2.088426e+00 6.754696e-08
3.066399e+01 2.685505e+00 5.199096e-08
3.129727e+01 1.570796e-02 8.406083e-11
3.129727e+01 2.346256e-02 2.199591e-10
3.129727e+01 3.503514e-02 4.318949e-10
3.129727e+01 5.263151e-02 8.895148e-10
3.129727e+01 7.314235e-02 1.898403e-09
3.129727e+01 1.025928e-01 2.858892e-09
3.129727e+01 1.448116e-01 4.977810e-09
3.129727e+01 2.023460e-01 7.886102e-09
3.129727e+01 2.834245e-01 1.256339e-08
3.129727e+01 3.967448e-01 1.922366e-08
3.129727e+01 5.552783e-01 2.895021e-08
3.129727e+01 7.774819e-01 4.068332e-08
3.129727e+01 1.088445e+00 5.265284e-08
3.129727e+01 1.523711e+00 6.160267e-08
3.129727e+01 2.088426e+00 6.346591e-08
3.129727e+01 2.685505e+00 5.315782e-08
3.194322e+01 1.570796e-02 6.767588e-11
3.194322e+01 2.346256e-02 1.774275e-10
3.194322e+01 3.503514e-02 3.471055e-10
3.194322e+01 5.263151e-02 7.166181e-10
3.194322e+01 7.314235e-02 1.532551e-09
3.194322e+01 1.025928e-01 2.311218e-09
3.194322e+01 1.448116e-01 4.030320e-09
3.194322e+01 2.023460e-01 6.412545e-09
3.194322e+01 2.834245e-01 1.024626e-08
3.194322e+01 3.967448e-01 1.570601e-08
3.194322e+01 5.552783e-01 2.374453e-08
3.194322e+01 7.774819e-01 3.358677e-08
3.194322e+01 1.088445e+00 4.407851e-08
3.194322e+01 1.523711e+00 5.314500e-08
3.194322e+01 2.088426e+00 5.775386e-08
3.194322e+01 2.685505e+00 5.296319e-08
3.260208e+01 1.570796e-02 5.175191e-11
3.260208e+01 2.346256e-02 1.361916e-10
3.260208e+01 3.503514e-02 2.649764e-10
3.260208e+01 5.263151e-02 5.484828e-10
3.260208e+01 7.314235e-02 1.175633e-09
3.260208e+01 1.025928e-01 1.775688e-09
3.260208e+01 1.448116e-01 3.100578e-09
3.260208e+01 2.023460e-01 4.952219e-09
3.260208e+01 2.834245e-01 7.935104e-09
3.260208e+01 3.967448e-01 1.218240e-08
3.260208e+01 5.552783e-01 1.846886e-08
3.260208e+01 7.774819e-01 2.629793e-08
3.260208e+01 1.088445e+00 3.496870e-08
3.260208e+01 1.523711e+00 4.345682e-08
3.260208e+01 2.088426e+00 4.999858e-08
3.260208e+01 2.685505e+00 5.022089e-08
3.327412e+01 1.570796e-02 3.618588e-11
3.327412e+01 2.346256e-02 9.566296e-11
3.327412e+01 3.503514e-02 1.853063e-10
3.327412e+01 5.263151e-02 3.842728e-10
3.327412e+01 7.314235e-02 8.253226e-10
3.327412e+01 1.025928e-01 1.248841e-09
3.327412e+01 1.448116e-01 2.184338e-09
3.327412e+01 2.023460e-01 3.502898e-09
3.327412e+01 2.834245e-01 5.628548e-09
3.327412e+01 3.967448e-01 8.650505e-09
3.327412e+01 5.552783e-01 1.316408e-08
3.327412e+01 7.774819e-01 1.885714e-08
3.327412e+01 1.088445e+00 2.539469e-08
3.327412e+01 1.523711e+00 3.253876e-08
3.327412e+01 2.088426e+00 3.974233e-08
3.327412e+01 2.685505e+00 4.368993e-08
3.395961e+01 1.570796e-02 2.206495e-11
3.395961e+01 2.346256e-02 5.848461e-11
3.395961e+01 3.503514e-02 1.127273e-10
3.395961e+01 5.263151e-02 2.345064e-10
3.395961e+01 7.314235e-02 5.047464e-10
3.395961e+01 1.025928e-01 7.637035e-10
3.395961e+01 1.448116e-01 1.333609e-09
3.395961e+01 2.023460e-01 2.134478e-09
3.395961e+01 2.834245e-01 3.418107e-09
3.395961e+01 3.967448e-01 5.223447e-09
3.395961e+01 5.552783e-01 7.914157e-09
3.395961e+01 7.774819e-01 1.134429e-08
3.395961e+01 1.088445e+00 1.540213e-08
3.395961e+01 1.523711e+00 2.027831e-08
3.395961e+01 2.088426e+00 2.616415e-08
3.395961e+01 2.685505e+00 3.098469e-08
3.465880e+01 1.570796e-02 7.087460e-12
3.465880e+01 2.346256e-02 1.631733e-11
3.465880e+01 3.503514e-02 3.720051e-11
3.465880e+01 5.263151e-02 7.113165e-11
3.465880e+01 7.314235e-02 1.565362e-10
3.465880e+01 1.025928e-01 2.358655e-10
3.465880e+01 1.448116e-01 4.134332e-10
3.465880e+01 2.023460e-01 6.729414e-10
3.465880e+01 2.834245e-01 1.090463e-09
3.465880e+01 3.967448e-01 1.684443e-09
3.465880e+01 5.552783e-01 2.569175e-09
3.465880e+01 7.774819e-01 3.719182e-09
3.465880e+01 1.088445e+00 5.124300e-09
3.465880e+01 1.523711e+00 6.932460e-09
3.465880e+01 2.088426e+00 9.444644e-09
3.465880e+01 2.685505e+00 1.211935e-08
3.537197e+01 1.570796e-02 0.000000e+00
3.537197e+01 2.346256e-02 0.000000e+00
3.537197e+01 3.503514e-02 0.000000e+00
3.537197e+01 5.263151e-02 0.000000e+00
3.537197e+01 7.314235e-02 0.000000e+00
3.537197e+01 1.025928e-01 0.000000e+00
3.537197e+01 1.448116e-01 0.000000e+00
3.537197e+01 2.023460e-01 0.000000e+00
3.537197e+01 2.834245e-01 0.000000e+00
3.537197e+01 3.967448e-01 0.000000e+00
3.537197e+01 5.552783e-01 0.000000e+00
3.537197e+01 7.774819e-01 0.000000e+00
3.537197e+01 1.088445e+00 0.000000e+00
3.537197e+01 1.523711e+00 0.000000e+00
3.537197e+01 2.088426e+00 0.000000e+00
3.537197e+01 2.685505e+00 0.000000e+00
