5.000000e+00 1.570796e-02 0.000000e+00
5.000000e+00 2.346256e-02 0.000000e+00
5.000000e+00 3.503514e-02 0.000000e+00
5.000000e+00 5.263151e-02 0.000000e+00
5.000000e+00 7.314235e-02 0.000000e+00
5.000000e+00 1.025928e-01 0.000000e+00
5.000000e+00 1.448116e-01 0.000000e+00
5.000000e+00 2.023460e-01 0.000000e+00
5.000000e+00 2.834245e-01 0.000000e+00
5.000000e+00 3.967448e-01 0.000000e+00
5.000000e+00 5.552783e-01 0.000000e+00
5.000000e+00 7.774819e-01 0.000000e+00
5.000000e+00 1.088445e+00 0.000000e+00
5.000000e+00 1.523711e+00 0.000000e+00
5.000000e+00 2.088426e+00 0.000000e+00
5.000000e+00 2.685505e+00 0.000000e+00
5.120000e+00 1.570796e-02 0.000000e+00
5.120000e+00 2.346256e-02 0.000000e+00
5.120000e+00 3.503514e-02 0.000000e+00
5.120000e+00 5.263151e-02 0.000000e+00
5.120000e+00 7.314235e-02 0.000000e+00
5.120000e+00 1.025928e-01 0.000000e+00
5.120000e+00 1.448116e-01 0.000000e+00
5.120000e+00 2.023460e-01 0.000000e+00
5.120000e+00 2.834245e-01 0.000000e+00
5.120000e+00 3.967448e-01 0.000000e+00
5.120000e+00 5.552783e-01 0.000000e+00
5.120000e+00 7.774819e-01 0.000000e+00
5.120000e+00 1.088445e+00 0.000000e+00
5.120000e+00 1.523711e+00 0.000000e+00
5.120000e+00 2.088426e+00 0.000000e+00
5.120000e+00 2.685505e+00 0.000000e+00
5.242400e+00 1.570796e-02 0.000000e+00
5.242400e+00 2.346256e-02 0.000000e+00
5.242400e+00 3.503514e-02 0.000000e+00
5.242400e+00 5.263151e-02 0.000000e+00
5.242400e+00 7.314235e-02 0.000000e+00
5.242400e+00 1.025928e-01 0.000000e+00
5.242400e+00 1.448116e-01 0.000000e+00
5.242400e+00 2.023460e-01 0.000000e+00
5.242400e+00 2.834245e-01 0.000000e+00
5.242400e+00 3.967448e-01 0.000000e+00
5.242400e+00 5.552783e-01 0.000000e+00
5.242400e+00 7.774819e-01 0.000000e+00
5.242400e+00 1.088445e+00 0.000000e+00
5.242400e+00 1.523711e+00 0.000000e+00
5.242400e+00 2.088426e+00 0.000000e+00
5.242400e+00 2.685505e+00 0.000000e+00
5.367248e+00 1.570796e-02 0.000000e+00
5.367248e+00 2.346256e-02 0.000000e+00
5.367248e+00 3.503514e-02 0.000000e+00
5.367248e+00 5.263151e-02 0.000000e+00
5.367248e+00 7.314235e-02 0.000000e+00
5.367248e+00 1.025928e-01 0.000000e+00
5.367248e+00 1.448116e-01 0.000000e+00
5.367248e+00 2.023460e-01 0.000000e+00
5.367248e+00 2.834245e-01 0.000000e+00
5.367248e+00 3.967448e-01 0.000000e+00
5.367248e+00 5.552783e-01 0.000000e+00
5.367248e+00 7.774819e-01 0.000000e+00
5.367248e+00 1.088445e+00 0.000000e+00
5.367248e+00 1.523711e+00 0.000000e+00
5.367248e+00 2.088426e+00 0.000000e+00
5.367248e+00 2.685505e+00 0.000000e+00
5.494593e+00 1.570796e-02 0.000000e+00
5.494593e+00 2.346256e-02 0.000000e+00
5.494593e+00 3.503514e-02 0.000000e+00
5.494593e+00 5.263151e-02 0.000000e+00
5.494593e+00 7.314235e-02 0.000000e+00
5.494593e+00 1.025928e-01 0.000000e+00
5.494593e+00 1.448116e-01 0.000000e+00
5.494593e+00 2.023460e-01 0.000000e+00
5.494593e+00 2.834245e-01 0.000000e+00
5.494593e+00 3.967448e-01 0.000000e+00
5.494593e+00 5.552783e-01 0.000000e+00
5.494593e+00 7.774819e-01 0.000000e+00
5.494593e+00 1.088445e+00 0.000000e+00
5.494593e+00 1.523711e+00 0.000000e+00
5.494593e+00 2.088426e+00 0.000000e+00
5.494593e+00 2.685505e+00 0.000000e+00
5.624485e+00 1.570796e-02 -4.998547e-05
5.624485e+00 2.346256e-02 -3.598063e-05
5.624485e+00 3.503514e-02 -7.330258e-05
5.624485e+00 5.263151e-02 -7.704519e-05
5.624485e+00 7.314235e-02 -9.799151e-05
5.624485e+00 1.025928e-01 -2.066801e-05
5.624485e+00 1.448116e-01 -1.020705e-04
5.624485e+00 2.023460e-01 -6.008939e-05
5.624485e+00 2.834245e-01 -5.288333e-05
5.624485e+00 3.967448e-01 -4.160329e-05
5.624485e+00 5.552783e-01 -2.917229e-05
5.624485e+00 7.774819e-01 -2.789175e-05
5.624485e+00 1.088445e+00 -2.803178e-05
5.624485e+00 1.523711e+00 -2.507405e-05
5.624485e+00 2.088426e+00 -2.908091e-05
5.624485e+00 2.685505e+00 -2.925842e-05
5.756975e+00 1.570796e-02 -1.872087e-04
5.756975e+00 2.346256e-02 -1.506731e-04
5.756975e+00 3.503514e-02 -2.300108e-04
5.756975e+00 5.263151e-02 -3.615606e-04
5.756975e+00 7.314235e-02 -4.267734e-04
5.756975e+00 1.025928e-01 -1.901973e-04
5.756975e+00 1.448116e-01 -2.807059e-04
5.756975e+00 2.023460e-01 -3.031589e-04
5.756975e+00 2.834245e-01 -3.229460e-04
5.756975e+00 3.967448e-01 -2.190161e-04
5.756975e+00 5.552783e-01 -1.795053e-04
5.756975e+00 7.774819e-01 -1.664904e-04
5.756975e+00 1.088445e+00 -1.545351e-04
5.756975e+00 1.523711e+00 -1.393496e-04
5.756975e+00 2.088426e+00 -1.516995e-04
5.756975e+00 2.685505e+00 -1.571371e-04
5.892114e+00 1.570796e-02 -4.150812e-04
5.892114e+00 2.346256e-02 -4.368889e-04
5.892114e+00 3.503514e-02 -5.419112e-04
5.892114e+00 5.263151e-02 -1.059824e-03
5.892114e+00 7.314235e-02 -1.253023e-03
5.892114e+00 1.025928e-01 -9.748050e-04
5.892114e+00 1.448116e-01 -1.305551e-03
5.892114e+00 2.023460e-01 -1.127999e-03
5.892114e+00 2.834245e-01 -1.203906e-03
5.892114e+00 3.967448e-01 -8.608726e-04
5.892114e+00 5.552783e-01 -7.313317e-04
5.892114e+00 7.774819e-01 -6.622752e-04
5.892114e+00 1.088445e+00 -5.595024e-04
5.892114e+00 1.523711e+00 -5.222032e-04
5.892114e+00 2.088426e+00 -5.549423e-04
5.892114e+00 2.685505e+00 -5.765632e-04
6.029956e+00 1.570796e-02 -7.791774e-04
6.029956e+00 2.346256e-02 -1.128517e-03
6.029956e+00 3.503514e-02 -1.672959e-03
6.029956e+00 5.263151e-02 -2.850012e-03
6.029956e+00 7.314235e-02 -4.176749e-03
6.029956e+00 1.025928e-01 -3.049908e-03
6.029956e+00 1.448116e-01 -3.791971e-03
6.029956e+00 2.023460e-01 -3.490844e-03
6.029956e+00 2.834245e-01 -3.496642e-03
6.029956e+00 3.967448e-01 -2.642372e-03
6.029956e+00 5.552783e-01 -2.349641e-03
6.029956e+00 7.774819e-01 -2.021049e-03
6.029956e+00 1.088445e+00 -1.668357e-03
6.029956e+00 1.523711e+00 -1.574346e-03
6.029956e+00 2.088426e+00 -1.653184e-03
6.029956e+00 2.685505e+00 -1.719588e-03
6.170555e+00 1.570796e-02 -9.256631e-04
6.170555e+00 2.346256e-02 -1.932133e-03
6.170555e+00 3.503514e-02 -3.252011e-03
6.170555e+00 5.263151e-02 -4.787553e-03
6.170555e+00 7.314235e-02 -7.657575e-03
6.170555e+00 1.025928e-01 -5.993793e-03
6.170555e+00 1.448116e-01 -6.867057e-03
6.170555e+00 2.023460e-01 -7.001257e-03
6.170555e+00 2.834245e-01 -6.634082e-03
6.170555e+00 3.967448e-01 -5.417843e-03
6.170555e+00 5.552783e-01 -4.823926e-03
6.170555e+00 7.774819e-01 -4.034683e-03
6.170555e+00 1.088445e+00 -3.379324e-03
6.170555e+00 1.523711e+00 -3.077625e-03
6.170555e+00 2.088426e+00 -3.226244e-03
6.170555e+00 2.685505e+00 -3.319901e-03
6.313967e+00 1.570796e-02 -9.701863e-04
6.313967e+00 2.346256e-02 -2.427865e-03
6.313967e+00 3.503514e-02 -4.576472e-03
6.313967e+00 5.263151e-02 -6.939231e-03
6.313967e+00 7.314235e-02 -1.121662e-02
6.313967e+00 1.025928e-01 -1.014723e-02
6.313967e+00 1.448116e-01 -1.166981e-02
6.313967e+00 2.023460e-01 -1.178492e-02
6.313967e+00 2.834245e-01 -1.133120e-02
6.313967e+00 3.967448e-01 -9.477352e-03
6.313967e+00 5.552783e-01 -8.220157e-03
6.313967e+00 7.774819e-01 -6.926625e-03
6.313967e+00 1.088445e+00 -5.712878e-03
6.313967e+00 1.523711e+00 -5.142654e-03
6.313967e+00 2.088426e+00 -5.301624e-03
6.313967e+00 2.685505e+00 -5.353330e-03
6.460246e+00 1.570796e-02 -9.830962e-04
6.460246e+00 2.346256e-02 -2.611132e-03
6.460246e+00 3.503514e-02 -5.315489e-03
6.460246e+00 5.263151e-02 -8.573057e-03
6.460246e+00 7.314235e-02 -1.429399e-02
6.460246e+00 1.025928e-01 -1.460923e-02
6.460246e+00 1.448116e-01 -1.723351e-02
6.460246e+00 2.023460e-01 -1.736856e-02
6.460246e+00 2.834245e-01 -1.667275e-02
6.460246e+00 3.967448e-01 -1.422974e-02
6.460246e+00 5.552783e-01 -1.255375e-02
6.460246e+00 7.774819e-01 -1.042018e-02
6.460246e+00 1.088445e+00 -8.588397e-03
6.460246e+00 1.523711e+00 -7.605379e-03
6.460246e+00 2.088426e+00 -7.725203e-03
6.460246e+00 2.685505e+00 -7.731990e-03
6.609451e+00 1.570796e-02 -1.008012e-03
6.609451e+00 2.346256e-02 -2.482288e-03
6.609451e+00 3.503514e-02 -5.477436e-03
6.609451e+00 5.263151e-02 -9.507563e-03
6.609451e+00 7.314235e-02 -1.615485e-02
6.609451e+00 1.025928e-01 -1.814915e-02
6.609451e+00 1.448116e-01 -2.219285e-02
6.609451e+00 2.023460e-01 -2.265346e-02
6.609451e+00 2.834245e-01 -2.195074e-02
6.609451e+00 3.967448e-01 -1.919686e-02
6.609451e+00 5.552783e-01 -1.694271e-02
6.609451e+00 7.774819e-01 -1.412963e-02
6.609451e+00 1.088445e+00 -1.155653e-02
6.609451e+00 1.523711e+00 -1.014615e-02
6.609451e+00 2.088426e+00 -1.014035e-02
6.609451e+00 2.685505e+00 -1.002099e-02
6.761640e+00 1.570796e-02 -9.645315e-04
6.761640e+00 2.346256e-02 -2.283630e-03
6.761640e+00 3.503514e-02 -5.191904e-03
6.761640e+00 5.263151e-02 -9.403117e-03
6.761640e+00 7.314235e-02 -1.691221e-02
6.761640e+00 1.025928e-01 -2.056701e-02
6.761640e+00 1.448116e-01 -2.658050e-02
6.761640e+00 2.023460e-01 -2.734550e-02
6.761640e+00 2.834245e-01 -2.673009e-02
6.761640e+00 3.967448e-01 -2.403445e-02
6.761640e+00 5.552783e-01 -2.118749e-02
6.761640e+00 7.774819e-01 -1.773926e-02
6.761640e+00 1.088445e+00 -1.453684e-02
6.761640e+00 1.523711e+00 -1.264088e-02
6.761640e+00 2.088426e+00 -1.248592e-02
6.761640e+00 2.685505e+00 -1.225115e-02
6.916873e+00 1.570796e-02 -8.688517e-04
6.916873e+00 2.346256e-02 -2.107285e-03
6.916873e+00 3.503514e-02 -4.762313e-03
6.916873e+00 5.263151e-02 -8.963105e-03
6.916873e+00 7.314235e-02 -1.665940e-02
6.916873e+00 1.025928e-01 -2.164539e-02
6.916873e+00 1.448116e-01 -2.883589e-02
6.916873e+00 2.023460e-01 -3.082782e-02
6.916873e+00 2.834245e-01 -3.067079e-02
6.916873e+00 3.967448e-01 -2.812575e-02
6.916873e+00 5.552783e-01 -2.500010e-02
6.916873e+00 7.774819e-01 -2.090521e-02
6.916873e+00 1.088445e+00 -1.715338e-02
6.916873e+00 1.523711e+00 -1.480548e-02
6.916873e+00 2.088426e+00 -1.444648e-02
6.916873e+00 2.685505e+00 -1.396057e-02
7.075210e+00 1.570796e-02 -7.570294e-04
7.075210e+00 2.346256e-02 -1.879385e-03
7.075210e+00 3.503514e-02 -4.344090e-03
7.075210e+00 5.263151e-02 -8.331237e-03
7.075210e+00 7.314235e-02 -1.576536e-02
7.075210e+00 1.025928e-01 -2.160544e-02
7.075210e+00 1.448116e-01 -2.980575e-02
7.075210e+00 2.023460e-01 -3.292974e-02
7.075210e+00 2.834245e-01 -3.347005e-02
7.075210e+00 3.967448e-01 -3.129359e-02
7.075210e+00 5.552783e-01 -2.814518e-02
7.075210e+00 7.774819e-01 -2.367269e-02
7.075210e+00 1.088445e+00 -1.937853e-02
7.075210e+00 1.523711e+00 -1.662127e-02
7.075210e+00 2.088426e+00 -1.607642e-02
7.075210e+00 2.685505e+00 -1.554005e-02
7.236714e+00 1.570796e-02 -6.687353e-04
7.236714e+00 2.346256e-02 -1.698834e-03
7.236714e+00 3.503514e-02 -3.812326e-03
7.236714e+00 5.263151e-02 -7.491243e-03
7.236714e+00 7.314235e-02 -1.447358e-02
7.236714e+00 1.025928e-01 -2.062465e-02
7.236714e+00 1.448116e-01 -2.951275e-02
7.236714e+00 2.023460e-01 -3.361036e-02
7.236714e+00 2.834245e-01 -3.504015e-02
7.236714e+00 3.967448e-01 -3.350287e-02
7.236714e+00 5.552783e-01 -3.044531e-02
7.236714e+00 7.774819e-01 -2.585994e-02
7.236714e+00 1.088445e+00 -2.112608e-02
7.236714e+00 1.523711e+00 -1.808809e-02
7.236714e+00 2.088426e+00 -1.756106e-02
7.236714e+00 2.685505e+00 -1.679417e-02
7.401449e+00 1.570796e-02 -5.969166e-04
7.401449e+00 2.346256e-02 -1.519990e-03
7.401449e+00 3.503514e-02 -3.279291e-03
7.401449e+00 5.263151e-02 -6.661704e-03
7.401449e+00 7.314235e-02 -1.308444e-02
7.401449e+00 1.025928e-01 -1.907610e-02
7.401449e+00 1.448116e-01 -2.834756e-02
7.401449e+00 2.023460e-01 -3.323868e-02
7.401449e+00 2.834245e-01 -3.562872e-02
7.401449e+00 3.967448e-01 -3.482035e-02
7.401449e+00 5.552783e-01 -3.202303e-02
7.401449e+00 7.774819e-01 -2.750275e-02
7.401449e+00 1.088445e+00 -2.252079e-02
7.401449e+00 1.523711e+00 -1.923088e-02
7.401449e+00 2.088426e+00 -1.856375e-02
7.401449e+00 2.685505e+00 -1.758004e-02
7.569477e+00 1.570796e-02 -5.278935e-04
7.569477e+00 2.346256e-02 -1.345307e-03
7.569477e+00 3.503514e-02 -2.806724e-03
7.569477e+00 5.263151e-02 -5.883640e-03
7.569477e+00 7.314235e-02 -1.164771e-02
7.569477e+00 1.025928e-01 -1.739627e-02
7.569477e+00 1.448116e-01 -2.651814e-02
7.569477e+00 2.023460e-01 -3.208164e-02
7.569477e+00 2.834245e-01 -3.538310e-02
7.569477e+00 3.967448e-01 -3.530326e-02
7.569477e+00 5.552783e-01 -3.293116e-02
7.569477e+00 7.774819e-01 -2.853570e-02
7.569477e+00 1.088445e+00 -2.350069e-02
7.569477e+00 1.523711e+00 -2.008432e-02
7.569477e+00 2.088426e+00 -1.928570e-02
7.569477e+00 2.685505e+00 -1.818453e-02
7.740867e+00 1.570796e-02 -4.615245e-04
7.740867e+00 2.346256e-02 -1.202615e-03
7.740867e+00 3.503514e-02 -2.442905e-03
7.740867e+00 5.263151e-02 -5.159720e-03
7.740867e+00 7.314235e-02 -1.026787e-02
7.740867e+00 1.025928e-01 -1.554086e-02
7.740867e+00 1.448116e-01 -2.419431e-02
7.740867e+00 2.023460e-01 -3.019530e-02
7.740867e+00 2.834245e-01 -3.434555e-02
7.740867e+00 3.967448e-01 -3.510877e-02
7.740867e+00 5.552783e-01 -3.324948e-02
7.740867e+00 7.774819e-01 -2.904533e-02
7.740867e+00 1.088445e+00 -2.413219e-02
7.740867e+00 1.523711e+00 -2.063101e-02
7.740867e+00 2.088426e+00 -1.984045e-02
7.740867e+00 2.685505e+00 -1.852029e-02
7.915684e+00 1.570796e-02 -3.987506e-04
7.915684e+00 2.346256e-02 -1.063195e-03
7.915684e+00 3.503514e-02 -2.135149e-03
7.915684e+00 5.263151e-02 -4.509971e-03
7.915684e+00 7.314235e-02 -8.977701e-03
7.915684e+00 1.025928e-01 -1.368813e-02
7.915684e+00 1.448116e-01 -2.170983e-02
7.915684e+00 2.023460e-01 -2.794184e-02
7.915684e+00 2.834245e-01 -3.273765e-02
7.915684e+00 3.967448e-01 -3.427753e-02
7.915684e+00 5.552783e-01 -3.296990e-02
7.915684e+00 7.774819e-01 -2.916044e-02
7.915684e+00 1.088445e+00 -2.443912e-02
7.915684e+00 1.523711e+00 -2.094348e-02
7.915684e+00 2.088426e+00 -2.007398e-02
7.915684e+00 2.685505e+00 -1.880419e-02
8.093998e+00 1.570796e-02 -3.390988e-04
8.093998e+00 2.346256e-02 -9.407755e-04
8.093998e+00 3.503514e-02 -1.853396e-03
8.093998e+00 5.263151e-02 -3.930573e-03
8.093998e+00 7.314235e-02 -7.817881e-03
8.093998e+00 1.025928e-01 -1.194693e-02
8.093998e+00 1.448116e-01 -1.929913e-02
8.093998e+00 2.023460e-01 -2.547986e-02
8.093998e+00 2.834245e-01 -3.074874e-02
8.093998e+00 3.967448e-01 -3.293850e-02
8.093998e+00 5.552783e-01 -3.217642e-02
8.093998e+00 7.774819e-01 -2.887177e-02
8.093998e+00 1.088445e+00 -2.437343e-02
8.093998e+00 1.523711e+00 -2.100432e-02
8.093998e+00 2.088426e+00 -2.006539e-02
8.093998e+00 2.685505e+00 -1.860340e-02
8.275878e+00 1.570796e-02 -2.880690e-04
8.275878e+00 2.346256e-02 -8.332021e-04
8.275878e+00 3.503514e-02 -1.611992e-03
8.275878e+00 5.263151e-02 -3.403933e-03
8.275878e+00 7.314235e-02 -6.790172e-03
8.275878e+00 1.025928e-01 -1.036513e-02
8.275878e+00 1.448116e-01 -1.698798e-02
8.275878e+00 2.023460e-01 -2.295847e-02
8.275878e+00 2.834245e-01 -2.845102e-02
8.275878e+00 3.967448e-01 -3.117708e-02
8.275878e+00 5.552783e-01 -3.096449e-02
8.275878e+00 7.774819e-01 -2.815701e-02
8.275878e+00 1.088445e+00 -2.397921e-02
8.275878e+00 1.523711e+00 -2.081836e-02
8.275878e+00 2.088426e+00 -1.993491e-02
8.275878e+00 2.685505e+00 -1.828005e-02
8.461396e+00 1.570796e-02 -2.463494e-04
8.461396e+00 2.346256e-02 -7.299858e-04
8.461396e+00 3.503514e-02 -1.404149e-03
8.461396e+00 5.263151e-02 -2.939575e-03
8.461396e+00 7.314235e-02 -5.868442e-03
8.461396e+00 1.025928e-01 -8.957733e-03
8.461396e+00 1.448116e-01 -1.482265e-02
8.461396e+00 2.023460e-01 -2.048409e-02
8.461396e+00 2.834245e-01 -2.596253e-02
8.461396e+00 3.967448e-01 -2.906483e-02
8.461396e+00 5.552783e-01 -2.943837e-02
8.461396e+00 7.774819e-01 -2.715565e-02
8.461396e+00 1.088445e+00 -2.334322e-02
8.461396e+00 1.523711e+00 -2.046990e-02
8.461396e+00 2.088426e+00 -1.964195e-02
8.461396e+00 2.685505e+00 -1.791141e-02
8.650623e+00 1.570796e-02 -2.120068e-04
8.650623e+00 2.346256e-02 -6.345085e-04
8.650623e+00 3.503514e-02 -1.221358e-03
8.650623e+00 5.263151e-02 -2.537055e-03
8.650623e+00 7.314235e-02 -5.069387e-03
8.650623e+00 1.025928e-01 -7.751980e-03
8.650623e+00 1.448116e-01 -1.289083e-02
8.650623e+00 2.023460e-01 -1.809766e-02
8.650623e+00 2.834245e-01 -2.339238e-02
8.650623e+00 3.967448e-01 -2.676347e-02
8.650623e+00 5.552783e-01 -2.762568e-02
8.650623e+00 7.774819e-01 -2.586158e-02
8.650623e+00 1.088445e+00 -2.256147e-02
8.650623e+00 1.523711e+00 -1.992558e-02
8.650623e+00 2.088426e+00 -1.908804e-02
8.650623e+00 2.685505e+00 -1.730790e-02
8.843636e+00 1.570796e-02 -1.824554e-04
8.843636e+00 2.346256e-02 -5.489054e-04
8.843636e+00 3.503514e-02 -1.058683e-03
8.843636e+00 5.263151e-02 -2.189661e-03
8.843636e+00 7.314235e-02 -4.368074e-03
8.843636e+00 1.025928e-01 -6.716837e-03
8.843636e+00 1.448116e-01 -1.116348e-02
8.843636e+00 2.023460e-01 -1.586014e-02
8.843636e+00 2.834245e-01 -2.086258e-02
8.843636e+00 3.967448e-01 -2.436114e-02
8.843636e+00 5.552783e-01 -2.566557e-02
8.843636e+00 7.774819e-01 -2.438154e-02
8.843636e+00 1.088445e+00 -2.154750e-02
8.843636e+00 1.523711e+00 -1.921895e-02
8.843636e+00 2.088426e+00 -1.848681e-02
8.843636e+00 2.685505e+00 -1.664582e-02
9.040509e+00 1.570796e-02 -1.576789e-04
9.040509e+00 2.346256e-02 -4.734242e-04
9.040509e+00 3.503514e-02 -9.199412e-04
9.040509e+00 5.263151e-02 -1.882029e-03
9.040509e+00 7.314235e-02 -3.750879e-03
9.040509e+00 1.025928e-01 -5.786114e-03
9.040509e+00 1.448116e-01 -9.626577e-03
9.040509e+00 2.023460e-01 -1.375975e-02
9.040509e+00 2.834245e-01 -1.838744e-02
9.040509e+00 3.967448e-01 -2.190056e-02
9.040509e+00 5.552783e-01 -2.353929e-02
9.040509e+00 7.774819e-01 -2.273439e-02
9.040509e+00 1.088445e+00 -2.039185e-02
9.040509e+00 1.523711e+00 -1.843942e-02
9.040509e+00 2.088426e+00 -1.782567e-02
9.040509e+00 2.685505e+00 -1.601903e-02
9.241319e+00 1.570796e-02 -1.362304e-04
9.241319e+00 2.346256e-02 -4.061695e-04
9.241319e+00 3.503514e-02 -7.962138e-04
9.241319e+00 5.263151e-02 -1.609462e-03
9.241319e+00 7.314235e-02 -3.214599e-03
9.241319e+00 1.025928e-01 -4.961218e-03
9.241319e+00 1.448116e-01 -8.256818e-03
9.241319e+00 2.023460e-01 -1.188021e-02
9.241319e+00 2.834245e-01 -1.610766e-02
9.241319e+00 3.967448e-01 -1.950938e-02
9.241319e+00 5.552783e-01 -2.135373e-02
9.241319e+00 7.774819e-01 -2.099099e-02
9.241319e+00 1.088445e+00 -1.912965e-02
9.241319e+00 1.523711e+00 -1.748604e-02
9.241319e+00 2.088426e+00 -1.699734e-02
9.241319e+00 2.685505e+00 -1.513074e-02
9.446145e+00 1.570796e-02 -1.174706e-04
9.446145e+00 2.346256e-02 -3.434607e-04
9.446145e+00 3.503514e-02 -6.859604e-04
9.446145e+00 5.263151e-02 -1.369449e-03
9.446145e+00 7.314235e-02 -2.745545e-03
9.446145e+00 1.025928e-01 -4.243203e-03
9.446145e+00 1.448116e-01 -7.050528e-03
9.446145e+00 2.023460e-01 -1.017749e-02
9.446145e+00 2.834245e-01 -1.399757e-02
9.446145e+00 3.967448e-01 -1.723447e-02
9.446145e+00 5.552783e-01 -1.920837e-02
9.446145e+00 7.774819e-01 -1.918128e-02
9.446145e+00 1.088445e+00 -1.776995e-02
9.446145e+00 1.523711e+00 -1.646691e-02
9.446145e+00 2.088426e+00 -1.604202e-02
9.446145e+00 2.685505e+00 -1.423201e-02
9.655068e+00 1.570796e-02 -1.009890e-04
9.655068e+00 2.346256e-02 -2.904383e-04
9.655068e+00 3.503514e-02 -5.820346e-04
9.655068e+00 5.263151e-02 -1.160139e-03
9.655068e+00 7.314235e-02 -2.336849e-03
9.655068e+00 1.025928e-01 -3.605104e-03
9.655068e+00 1.448116e-01 -5.991002e-03
9.655068e+00 2.023460e-01 -8.679358e-03
9.655068e+00 2.834245e-01 -1.206425e-02
9.655068e+00 3.967448e-01 -1.510337e-02
9.655068e+00 5.552783e-01 -1.713055e-02
9.655068e+00 7.774819e-01 -1.739401e-02
9.655068e+00 1.088445e+00 -1.637147e-02
9.655068e+00 1.523711e+00 -1.539383e-02
9.655068e+00 2.088426e+00 -1.510671e-02
9.655068e+00 2.685505e+00 -1.337714e-02
9.868170e+00 1.570796e-02 -8.671198e-05
9.868170e+00 2.346256e-02 -2.423851e-04
9.868170e+00 3.503514e-02 -4.925118e-04
9.868170e+00 5.263151e-02 -9.844812e-04
9.868170e+00 7.314235e-02 -1.978946e-03
9.868170e+00 1.025928e-01 -3.050702e-03
9.868170e+00 1.448116e-01 -5.066018e-03
9.868170e+00 2.023460e-01 -7.366635e-03
9.868170e+00 2.834245e-01 -1.032370e-02
9.868170e+00 3.967448e-01 -1.312728e-02
9.868170e+00 5.552783e-01 -1.512423e-02
9.868170e+00 7.774819e-01 -1.563422e-02
9.868170e+00 1.088445e+00 -1.494027e-02
9.868170e+00 1.523711e+00 -1.426672e-02
9.868170e+00 2.088426e+00 -1.413042e-02
9.868170e+00 2.685505e+00 -1.249327e-02
1.008553e+01 1.570796e-02 -7.356011e-05
1.008553e+01 2.346256e-02 -2.014874e-04
1.008553e+01 3.503514e-02 -4.159691e-04
1.008553e+01 5.263151e-02 -8.338995e-04
1.008553e+01 7.314235e-02 -1.666537e-03
1.008553e+01 1.025928e-01 -2.571722e-03
1.008553e+01 1.448116e-01 -4.256269e-03
1.008553e+01 2.023460e-01 -6.232361e-03
1.008553e+01 2.834245e-01 -8.781924e-03
1.008553e+01 3.967448e-01 -1.131605e-02
1.008553e+01 5.552783e-01 -1.324616e-02
1.008553e+01 7.774819e-01 -1.392121e-02
1.008553e+01 1.088445e+00 -1.351192e-02
1.008553e+01 1.523711e+00 -1.310609e-02
1.008553e+01 2.088426e+00 -1.307218e-02
1.008553e+01 2.685505e+00 -1.152094e-02
1.030724e+01 1.570796e-02 -6.227123e-05
1.030724e+01 2.346256e-02 -1.671368e-04
1.030724e+01 3.503514e-02 -3.502256e-04
1.030724e+01 5.263151e-02 -7.020319e-04
1.030724e+01 7.314235e-02 -1.399026e-03
1.030724e+01 1.025928e-01 -2.161044e-03
1.030724e+01 1.448116e-01 -3.569622e-03
1.030724e+01 2.023460e-01 -5.246048e-03
1.030724e+01 2.834245e-01 -7.436084e-03
1.030724e+01 3.967448e-01 -9.682861e-03
1.030724e+01 5.552783e-01 -1.150309e-02
1.030724e+01 7.774819e-01 -1.229587e-02
1.030724e+01 1.088445e+00 -1.213002e-02
1.030724e+01 1.523711e+00 -1.191407e-02
1.030724e+01 2.088426e+00 -1.200769e-02
1.030724e+01 2.685505e+00 -1.057799e-02
1.053339e+01 1.570796e-02 -5.233662e-05
1.053339e+01 2.346256e-02 -1.372743e-04
1.053339e+01 3.503514e-02 -2.933741e-04
1.053339e+01 5.263151e-02 -5.875121e-04
1.053339e+01 7.314235e-02 -1.169074e-03
1.053339e+01 1.025928e-01 -1.810409e-03
1.053339e+01 1.448116e-01 -2.980985e-03
1.053339e+01 2.023460e-01 -4.402418e-03
1.053339e+01 2.834245e-01 -6.263873e-03
1.053339e+01 3.967448e-01 -8.234407e-03
1.053339e+01 5.552783e-01 -9.899787e-03
1.053339e+01 7.774819e-01 -1.076236e-02
1.053339e+01 1.088445e+00 -1.081543e-02
1.053339e+01 1.523711e+00 -1.081899e-02
1.053339e+01 2.088426e+00 -1.101033e-02
1.053339e+01 2.685505e+00 -9.638825e-03
1.076406e+01 1.570796e-02 -4.437652e-05
1.076406e+01 2.346256e-02 -1.125992e-04
1.076406e+01 3.503514e-02 -2.437078e-04
1.076406e+01 5.263151e-02 -4.902028e-04
1.076406e+01 7.314235e-02 -9.692923e-04
1.076406e+01 1.025928e-01 -1.507138e-03
1.076406e+01 1.448116e-01 -2.484571e-03
1.076406e+01 2.023460e-01 -3.682629e-03
1.076406e+01 2.834245e-01 -5.241681e-03
1.076406e+01 3.967448e-01 -6.952021e-03
1.076406e+01 5.552783e-01 -8.458514e-03
1.076406e+01 7.774819e-01 -9.340190e-03
1.076406e+01 1.088445e+00 -9.555898e-03
1.076406e+01 1.523711e+00 -9.720232e-03
1.076406e+01 2.088426e+00 -1.002121e-02
1.076406e+01 2.685505e+00 -8.799098e-03
1.099934e+01 1.570796e-02 -3.680931e-05
1.099934e+01 2.346256e-02 -9.197192e-05
1.099934e+01 3.503514e-02 -2.009784e-04
1.099934e+01 5.263151e-02 -4.056865e-04
1.099934e+01 7.314235e-02 -8.021272e-04
1.099934e+01 1.025928e-01 -1.254299e-03
1.099934e+01 1.448116e-01 -2.058787e-03
1.099934e+01 2.023460e-01 -3.056470e-03
1.099934e+01 2.834245e-01 -4.360814e-03
1.099934e+01 3.967448e-01 -5.838064e-03
1.099934e+01 5.552783e-01 -7.168160e-03
1.099934e+01 7.774819e-01 -8.048777e-03
1.099934e+01 1.088445e+00 -8.384998e-03
1.099934e+01 1.523711e+00 -8.678693e-03
1.099934e+01 2.088426e+00 -9.040993e-03
1.099934e+01 2.685505e+00 -7.929461e-03
1.123932e+01 1.570796e-02 -3.063060e-05
1.123932e+01 2.346256e-02 -7.437790e-05
1.123932e+01 3.503514e-02 -1.651295e-04
1.123932e+01 5.263151e-02 -3.336161e-04
1.123932e+01 7.314235e-02 -6.600867e-04
1.123932e+01 1.025928e-01 -1.034527e-03
1.123932e+01 1.448116e-01 -1.688767e-03
1.123932e+01 2.023460e-01 -2.518314e-03
1.123932e+01 2.834245e-01 -3.603950e-03
1.123932e+01 3.967448e-01 -4.845108e-03
1.123932e+01 5.552783e-01 -6.011309e-03
1.123932e+01 7.774819e-01 -6.873469e-03
1.123932e+01 1.088445e+00 -7.286138e-03
1.123932e+01 1.523711e+00 -7.687276e-03
1.123932e+01 2.088426e+00 -8.090834e-03
1.123932e+01 2.685505e+00 -7.162438e-03
1.148411e+01 1.570796e-02 -2.545190e-05
1.148411e+01 2.346256e-02 -5.897742e-05
1.148411e+01 3.503514e-02 -1.342150e-04
1.148411e+01 5.263151e-02 -2.733608e-04
1.148411e+01 7.314235e-02 -5.398239e-04
1.148411e+01 1.025928e-01 -8.479054e-04
1.148411e+01 1.448116e-01 -1.379513e-03
1.148411e+01 2.023460e-01 -2.070336e-03
1.148411e+01 2.834245e-01 -2.960882e-03
1.148411e+01 3.967448e-01 -3.998288e-03
1.148411e+01 5.552783e-01 -5.019355e-03
1.148411e+01 7.774819e-01 -5.840234e-03
1.148411e+01 1.088445e+00 -6.303367e-03
1.148411e+01 1.523711e+00 -6.767375e-03
1.148411e+01 2.088426e+00 -7.227391e-03
1.148411e+01 2.685505e+00 -6.415759e-03
1.173379e+01 1.570796e-02 -2.068802e-05
1.173379e+01 2.346256e-02 -4.790100e-05
1.173379e+01 3.503514e-02 -1.100228e-04
1.173379e+01 5.263151e-02 -2.225878e-04
1.173379e+01 7.314235e-02 -4.418777e-04
1.173379e+01 1.025928e-01 -6.905497e-04
1.173379e+01 1.448116e-01 -1.124580e-03
1.173379e+01 2.023460e-01 -1.690532e-03
1.173379e+01 2.834245e-01 -2.431578e-03
1.173379e+01 3.967448e-01 -3.285098e-03
1.173379e+01 5.552783e-01 -4.161260e-03
1.173379e+01 7.774819e-01 -4.930728e-03
1.173379e+01 1.088445e+00 -5.408508e-03
1.173379e+01 1.523711e+00 -5.917506e-03
1.173379e+01 2.088426e+00 -6.401329e-03
1.173379e+01 2.685505e+00 -5.747784e-03
1.198847e+01 1.570796e-02 -1.692691e-05
1.198847e+01 2.346256e-02 -3.873104e-05
1.198847e+01 3.503514e-02 -8.940168e-05
1.198847e+01 5.263151e-02 -1.796591e-04
1.198847e+01 7.314235e-02 -3.578400e-04
1.198847e+01 1.025928e-01 -5.614046e-04
1.198847e+01 1.448116e-01 -9.125321e-04
1.198847e+01 2.023460e-01 -1.375905e-03
1.198847e+01 2.834245e-01 -1.976314e-03
1.198847e+01 3.967448e-01 -2.681302e-03
1.198847e+01 5.552783e-01 -3.431980e-03
1.198847e+01 7.774819e-01 -4.127609e-03
1.198847e+01 1.088445e+00 -4.618242e-03
1.198847e+01 1.523711e+00 -5.145577e-03
1.198847e+01 2.088426e+00 -5.642101e-03
1.198847e+01 2.685505e+00 -5.096191e-03
1.224824e+01 1.570796e-02 -1.379490e-05
1.224824e+01 2.346256e-02 -3.047568e-05
1.224824e+01 3.503514e-02 -7.116443e-05
1.224824e+01 5.263151e-02 -1.439659e-04
1.224824e+01 7.314235e-02 -2.870721e-04
1.224824e+01 1.025928e-01 -4.490069e-04
1.224824e+01 1.448116e-01 -7.346029e-04
1.224824e+01 2.023460e-01 -1.109360e-03
1.224824e+01 2.834245e-01 -1.594738e-03
1.224824e+01 3.967448e-01 -2.174691e-03
1.224824e+01 5.552783e-01 -2.806119e-03
1.224824e+01 7.774819e-01 -3.424022e-03
1.224824e+01 1.088445e+00 -3.913491e-03
1.224824e+01 1.523711e+00 -4.434082e-03
1.224824e+01 2.088426e+00 -4.931174e-03
1.224824e+01 2.685505e+00 -4.459846e-03
1.251320e+01 1.570796e-02 -1.112383e-05
1.251320e+01 2.346256e-02 -2.432834e-05
1.251320e+01 3.503514e-02 -5.675878e-05
1.251320e+01 5.263151e-02 -1.160053e-04
1.251320e+01 7.314235e-02 -2.297307e-04
1.251320e+01 1.025928e-01 -3.598170e-04
1.251320e+01 1.448116e-01 -5.876995e-04
1.251320e+01 2.023460e-01 -8.911800e-04
1.251320e+01 2.834245e-01 -1.280540e-03
1.251320e+01 3.967448e-01 -1.751350e-03
1.251320e+01 5.552783e-01 -2.284660e-03
1.251320e+01 7.774819e-01 -2.826466e-03
1.251320e+01 1.088445e+00 -3.284759e-03
1.251320e+01 1.523711e+00 -3.806088e-03
1.251320e+01 2.088426e+00 -4.261769e-03
1.251320e+01 2.685505e+00 -3.876106e-03
1.278347e+01 1.570796e-02 -8.962190e-06
1.278347e+01 2.346256e-02 -1.973990e-05
1.278347e+01 3.503514e-02 -4.533359e-05
1.278347e+01 5.263151e-02 -9.258836e-05
1.278347e+01 7.314235e-02 -1.813990e-04
1.278347e+01 1.025928e-01 -2.849419e-04
1.278347e+01 1.448116e-01 -4.658810e-04
1.278347e+01 2.023460e-01 -7.100755e-04
1.278347e+01 2.834245e-01 -1.021184e-03
1.278347e+01 3.967448e-01 -1.402653e-03
1.278347e+01 5.552783e-01 -1.840276e-03
1.278347e+01 7.774819e-01 -2.308416e-03
1.278347e+01 1.088445e+00 -2.734368e-03
1.278347e+01 1.523711e+00 -3.235760e-03
1.278347e+01 2.088426e+00 -3.671674e-03
1.278347e+01 2.685505e+00 -3.352190e-03
1.305914e+01 1.570796e-02 -7.120880e-06
1.305914e+01 2.346256e-02 -1.508993e-05
1.305914e+01 3.503514e-02 -3.565266e-05
1.305914e+01 5.263151e-02 -7.405679e-05
1.305914e+01 7.314235e-02 -1.435990e-04
1.305914e+01 1.025928e-01 -2.265196e-04
1.305914e+01 1.448116e-01 -3.695411e-04
1.305914e+01 2.023460e-01 -5.642377e-04
1.305914e+01 2.834245e-01 -8.085321e-04
1.305914e+01 3.967448e-01 -1.115892e-03
1.305914e+01 5.552783e-01 -1.477177e-03
1.305914e+01 7.774819e-01 -1.877891e-03
1.305914e+01 1.088445e+00 -2.261649e-03
1.305914e+01 1.523711e+00 -2.725305e-03
1.305914e+01 2.088426e+00 -3.125921e-03
1.305914e+01 2.685505e+00 -2.862856e-03
1.334032e+01 1.570796e-02 -5.578650e-06
1.334032e+01 2.346256e-02 -1.156887e-05
1.334032e+01 3.503514e-02 -2.812198e-05
1.334032e+01 5.263151e-02 -5.799787e-05
1.334032e+01 7.314235e-02 -1.133229e-04
1.334032e+01 1.025928e-01 -1.779330e-04
1.334032e+01 1.448116e-01 -2.911558e-04
1.334032e+01 2.023460e-01 -4.456132e-04
1.334032e+01 2.834245e-01 -6.365416e-04
1.334032e+01 3.967448e-01 -8.841775e-04
1.334032e+01 5.552783e-01 -1.177948e-03
1.334032e+01 7.774819e-01 -1.515677e-03
1.334032e+01 1.088445e+00 -1.865940e-03
1.334032e+01 1.523711e+00 -2.285797e-03
1.334032e+01 2.088426e+00 -2.658319e-03
1.334032e+01 2.685505e+00 -2.455468e-03
1.362713e+01 1.570796e-02 -4.501826e-06
1.362713e+01 2.346256e-02 -8.940291e-06
1.362713e+01 3.503514e-02 -2.182810e-05
1.362713e+01 5.263151e-02 -4.501163e-05
1.362713e+01 7.314235e-02 -8.824280e-05
1.362713e+01 1.025928e-01 -1.386548e-04
1.362713e+01 1.448116e-01 -2.279385e-04
1.362713e+01 2.023460e-01 -3.498796e-04
1.362713e+01 2.834245e-01 -4.991687e-04
1.362713e+01 3.967448e-01 -6.961296e-04
1.362713e+01 5.552783e-01 -9.340354e-04
1.362713e+01 7.774819e-01 -1.211162e-03
1.362713e+01 1.088445e+00 -1.522802e-03
1.362713e+01 1.523711e+00 -1.893589e-03
1.362713e+01 2.088426e+00 -2.221868e-03
1.362713e+01 2.685505e+00 -2.062096e-03
1.391967e+01 1.570796e-02 -3.534789e-06
1.391967e+01 2.346256e-02 -6.673173e-06
1.391967e+01 3.503514e-02 -1.658773e-05
1.391967e+01 5.263151e-02 -3.419819e-05
1.391967e+01 7.314235e-02 -6.816903e-05
1.391967e+01 1.025928e-01 -1.076305e-04
1.391967e+01 1.448116e-01 -1.769195e-04
1.391967e+01 2.023460e-01 -2.711637e-04
1.391967e+01 2.834245e-01 -3.862685e-04
1.391967e+01 3.967448e-01 -5.419470e-04
1.391967e+01 5.552783e-01 -7.303528e-04
1.391967e+01 7.774819e-01 -9.562767e-04
1.391967e+01 1.088445e+00 -1.221233e-03
1.391967e+01 1.523711e+00 -1.546015e-03
1.391967e+01 2.088426e+00 -1.826803e-03
1.391967e+01 2.685505e+00 -1.705449e-03
1.421806e+01 1.570796e-02 -2.848278e-06
1.421806e+01 2.346256e-02 -5.056875e-06
1.421806e+01 3.503514e-02 -1.302616e-05
1.421806e+01 5.263151e-02 -2.607603e-05
1.421806e+01 7.314235e-02 -5.245380e-05
1.421806e+01 1.025928e-01 -8.227820e-05
1.421806e+01 1.448116e-01 -1.361663e-04
1.421806e+01 2.023460e-01 -2.077443e-04
1.421806e+01 2.834245e-01 -2.973265e-04
1.421806e+01 3.967448e-01 -4.160387e-04
1.421806e+01 5.552783e-01 -5.670918e-04
1.421806e+01 7.774819e-01 -7.482884e-04
1.421806e+01 1.088445e+00 -9.705771e-04
1.421806e+01 1.523711e+00 -1.253449e-03
1.421806e+01 2.088426e+00 -1.496719e-03
1.421806e+01 2.685505e+00 -1.390306e-03
1.452242e+01 1.570796e-02 -2.267432e-06
1.452242e+01 2.346256e-02 -3.950618e-06
1.452242e+01 3.503514e-02 -1.002194e-05
1.452242e+01 5.263151e-02 -1.977184e-05
1.452242e+01 7.314235e-02 -3.981743e-05
1.452242e+01 1.025928e-01 -6.229676e-05
1.452242e+01 1.448116e-01 -1.038206e-04
1.452242e+01 2.023460e-01 -1.598203e-04
1.452242e+01 2.834245e-01 -2.269866e-04
1.452242e+01 3.967448e-01 -3.187318e-04
1.452242e+01 5.552783e-01 -4.371165e-04
1.452242e+01 7.774819e-01 -5.818971e-04
1.452242e+01 1.088445e+00 -7.684683e-04
1.452242e+01 1.523711e+00 -1.009475e-03
1.452242e+01 2.088426e+00 -1.213958e-03
1.452242e+01 2.685505e+00 -1.102698e-03
1.483287e+01 1.570796e-02 -1.710269e-06
1.483287e+01 2.346256e-02 -2.886945e-06
1.483287e+01 3.503514e-02 -7.687165e-06
1.483287e+01 5.263151e-02 -1.505296e-05
1.483287e+01 7.314235e-02 -3.032475e-05
1.483287e+01 1.025928e-01 -4.714268e-05
1.483287e+01 1.448116e-01 -7.910954e-05
1.483287e+01 2.023460e-01 -1.219611e-04
1.483287e+01 2.834245e-01 -1.731243e-04
1.483287e+01 3.967448e-01 -2.432714e-04
1.483287e+01 5.552783e-01 -3.362601e-04
1.483287e+01 7.774819e-01 -4.510333e-04
1.483287e+01 1.088445e+00 -6.023798e-04
1.483287e+01 1.523711e+00 -8.004189e-04
1.483287e+01 2.088426e+00 -9.718854e-04
1.483287e+01 2.685505e+00 -8.872051e-04
1.514953e+01 1.570796e-02 -1.316121e-06
1.514953e+01 2.346256e-02 -2.118312e-06
1.514953e+01 3.503514e-02 -5.843486e-06
1.514953e+01 5.263151e-02 -1.126287e-05
1.514953e+01 7.314235e-02 -2.198167e-05
1.514953e+01 1.025928e-01 -3.433349e-05
1.514953e+01 1.448116e-01 -5.891056e-05
1.514953e+01 2.023460e-01 -9.116027e-05
1.514953e+01 2.834245e-01 -1.289041e-04
1.514953e+01 3.967448e-01 -1.829204e-04
1.514953e+01 5.552783e-01 -2.515924e-04
1.514953e+01 7.774819e-01 -3.412130e-04
1.514953e+01 1.088445e+00 -4.588009e-04
1.514953e+01 1.523711e+00 -6.184280e-04
1.514953e+01 2.088426e+00 -7.591227e-04
1.514953e+01 2.685505e+00 -6.942079e-04
1.547252e+01 1.570796e-02 -9.610994e-07
1.547252e+01 2.346256e-02 -1.498004e-06
1.547252e+01 3.503514e-02 -4.356651e-06
1.547252e+01 5.263151e-02 -8.300639e-06
1.547252e+01 7.314235e-02 -1.602064e-05
1.547252e+01 1.025928e-01 -2.470812e-05
1.547252e+01 1.448116e-01 -4.316196e-05
1.547252e+01 2.023460e-01 -6.656637e-05
1.547252e+01 2.834245e-01 -9.478173e-05
1.547252e+01 3.967448e-01 -1.344181e-04
1.547252e+01 5.552783e-01 -1.848246e-04
1.547252e+01 7.774819e-01 -2.537427e-04
1.547252e+01 1.088445e+00 -3.449402e-04
1.547252e+01 1.523711e+00 -4.701235e-04
1.547252e+01 2.088426e+00 -5.821689e-04
1.547252e+01 2.685505e+00 -5.370418e-04
1.580197e+01 1.570796e-02 -7.486141e-07
1.580197e+01 2.346256e-02 -1.107331e-06
1.580197e+01 3.503514e-02 -3.279118e-06
1.580197e+01 5.263151e-02 -5.955956e-06
1.580197e+01 7.314235e-02 -1.176697e-05
1.580197e+01 1.025928e-01 -1.792159e-05
1.580197e+01 1.448116e-01 -3.131178e-05
1.580197e+01 2.023460e-01 -4.885442e-05
1.580197e+01 2.834245e-01 -6.881421e-05
1.580197e+01 3.967448e-01 -9.814493e-05
1.580197e+01 5.552783e-01 -1.360278e-04
1.580197e+01 7.774819e-01 -1.885404e-04
1.580197e+01 1.088445e+00 -2.575931e-04
1.580197e+01 1.523711e+00 -3.548118e-04
1.580197e+01 2.088426e+00 -4.416944e-04
1.580197e+01 2.685505e+00 -4.117123e-04
1.613801e+01 1.570796e-02 -5.631206e-07
1.613801e+01 2.346256e-02 -6.490719e-07
1.613801e+01 3.503514e-02 -2.388136e-06
1.613801e+01 5.263151e-02 -4.193397e-06
1.613801e+01 7.314235e-02 -8.113269e-06
1.613801e+01 1.025928e-01 -1.294474e-05
1.613801e+01 1.448116e-01 -2.254290e-05
1.613801e+01 2.023460e-01 -3.462108e-05
1.613801e+01 2.834245e-01 -4.926379e-05
1.613801e+01 3.967448e-01 -7.069028e-05
1.613801e+01 5.552783e-01 -9.843904e-05
1.613801e+01 7.774819e-01 -1.377365e-04
1.613801e+01 1.088445e+00 -1.883019e-04
1.613801e+01 1.523711e+00 -2.609615e-04
1.613801e+01 2.088426e+00 -3.294891e-04
1.613801e+01 2.685505e+00 -3.114877e-04
1.648077e+01 1.570796e-02 -3.972427e-07
1.648077e+01 2.346256e-02 -3.991291e-07
1.648077e+01 3.503514e-02 -1.630897e-06
1.648077e+01 5.263151e-02 -3.150547e-06
1.648077e+01 7.314235e-02 -5.802733e-06
1.648077e+01 1.025928e-01 -9.083825e-06
1.648077e+01 1.448116e-01 -1.581745e-05
1.648077e+01 2.023460e-01 -2.432619e-05
1.648077e+01 2.834245e-01 -3.464690e-05
1.648077e+01 3.967448e-01 -5.013432e-05
1.648077e+01 5.552783e-01 -6.974817e-05
1.648077e+01 7.774819e-01 -9.914630e-05
1.648077e+01 1.088445e+00 -1.360056e-04
1.648077e+01 1.523711e+00 -1.906376e-04
1.648077e+01 2.088426e+00 -2.410398e-04
1.648077e+01 2.685505e+00 -2.298767e-04
1.683038e+01 1.570796e-02 -2.928573e-07
1.683038e+01 2.346256e-02 -2.648249e-07
1.683038e+01 3.503514e-02 -1.099600e-06
1.683038e+01 5.263151e-02 -2.254725e-06
1.683038e+01 7.314235e-02 -4.082561e-06
1.683038e+01 1.025928e-01 -6.120194e-06
1.683038e+01 1.448116e-01 -1.107101e-05
1.683038e+01 2.023460e-01 -1.726034e-05
1.683038e+01 2.834245e-01 -2.423034e-05
1.683038e+01 3.967448e-01 -3.506654e-05
1.683038e+01 5.552783e-01 -4.929923e-05
1.683038e+01 7.774819e-01 -7.089188e-05
1.683038e+01 1.088445e+00 -9.761818e-05
1.683038e+01 1.523711e+00 -1.365737e-04
1.683038e+01 2.088426e+00 -1.744877e-04
1.683038e+01 2.685505e+00 -1.676112e-04
1.718699e+01 1.570796e-02 -2.069345e-07
1.718699e+01 2.346256e-02 -1.831177e-07
1.718699e+01 3.503514e-02 -7.787916e-07
1.718699e+01 5.263151e-02 -1.546305e-06
1.718699e+01 7.314235e-02 -2.734058e-06
1.718699e+01 1.025928e-01 -4.074986e-06
1.718699e+01 1.448116e-01 -7.541448e-06
1.718699e+01 2.023460e-01 -1.189823e-05
1.718699e+01 2.834245e-01 -1.651232e-05
1.718699e+01 3.967448e-01 -2.438132e-05
1.718699e+01 5.552783e-01 -3.410004e-05
1.718699e+01 7.774819e-01 -5.005749e-05
1.718699e+01 1.088445e+00 -6.880903e-05
1.718699e+01 1.523711e+00 -9.673157e-05
1.718699e+01 2.088426e+00 -1.232222e-04
1.718699e+01 2.685505e+00 -1.191144e-04
1.755073e+01 1.570796e-02 -1.499929e-07
1.755073e+01 2.346256e-02 -1.099415e-07
1.755073e+01 3.503514e-02 -5.091354e-07
1.755073e+01 5.263151e-02 -1.031452e-06
1.755073e+01 7.314235e-02 -1.854907e-06
1.755073e+01 1.025928e-01 -2.631736e-06
1.755073e+01 1.448116e-01 -5.109221e-06
1.755073e+01 2.023460e-01 -8.213560e-06
1.755073e+01 2.834245e-01 -1.101366e-05
1.755073e+01 3.967448e-01 -1.645583e-05
1.755073e+01 5.552783e-01 -2.340115e-05
1.755073e+01 7.774819e-01 -3.398083e-05
1.755073e+01 1.088445e+00 -4.681553e-05
1.755073e+01 1.523711e+00 -6.621525e-05
1.755073e+01 2.088426e+00 -8.584430e-05
1.755073e+01 2.685505e+00 -8.313744e-05
1.792175e+01 1.570796e-02 -1.111988e-07
1.792175e+01 2.346256e-02 -6.113388e-08
1.792175e+01 3.503514e-02 -3.537576e-07
1.792175e+01 5.263151e-02 -6.338126e-07
1.792175e+01 7.314235e-02 -1.160883e-06
1.792175e+01 1.025928e-01 -1.625549e-06
1.792175e+01 1.448116e-01 -3.363497e-06
1.792175e+01 2.023460e-01 -5.467107e-06
1.792175e+01 2.834245e-01 -7.203124e-06
1.792175e+01 3.967448e-01 -1.076792e-05
1.792175e+01 5.552783e-01 -1.554042e-05
1.792175e+01 7.774819e-01 -2.268687e-05
1.792175e+01 1.088445e+00 -3.069839e-05
1.792175e+01 1.523711e+00 -4.355338e-05
1.792175e+01 2.088426e+00 -5.702615e-05
1.792175e+01 2.685505e+00 -5.498906e-05
1.830018e+01 1.570796e-02 -6.826140e-08
1.830018e+01 2.346256e-02 -3.401665e-08
1.830018e+01 3.503514e-02 -2.227624e-07
1.830018e+01 5.263151e-02 -4.026026e-07
1.830018e+01 7.314235e-02 -6.942588e-07
1.830018e+01 1.025928e-01 -1.031886e-06
1.830018e+01 1.448116e-01 -2.202924e-06
1.830018e+01 2.023460e-01 -3.570926e-06
1.830018e+01 2.834245e-01 -4.612891e-06
1.830018e+01 3.967448e-01 -7.018277e-06
1.830018e+01 5.552783e-01 -1.027603e-05
1.830018e+01 7.774819e-01 -1.508111e-05
1.830018e+01 1.088445e+00 -2.002229e-05
1.830018e+01 1.523711e+00 -2.819865e-05
1.830018e+01 2.088426e+00 -3.693134e-05
1.830018e+01 2.685505e+00 -3.529527e-05
1.868618e+01 1.570796e-02 -4.556702e-08
1.868618e+01 2.346256e-02 -1.694694e-08
1.868618e+01 3.503514e-02 -1.359311e-07
1.868618e+01 5.263151e-02 -2.390527e-07
1.868618e+01 7.314235e-02 -3.934933e-07
1.868618e+01 1.025928e-01 -6.207205e-07
1.868618e+01 1.448116e-01 -1.360299e-06
1.868618e+01 2.023460e-01 -2.196677e-06
1.868618e+01 2.834245e-01 -2.866887e-06
1.868618e+01 3.967448e-01 -4.307701e-06
1.868618e+01 5.552783e-01 -6.395984e-06
1.868618e+01 7.774819e-01 -9.517903e-06
1.868618e+01 1.088445e+00 -1.259927e-05
1.868618e+01 1.523711e+00 -1.794099e-05
1.868618e+01 2.088426e+00 -2.322158e-05
1.868618e+01 2.685505e+00 -2.188311e-05
1.907991e+01 1.570796e-02 -2.648142e-08
1.907991e+01 2.346256e-02 -2.091439e-08
1.907991e+01 3.503514e-02 -7.670528e-08
1.907991e+01 5.263151e-02 -1.382934e-07
1.907991e+01 7.314235e-02 -2.235612e-07
1.907991e+01 1.025928e-01 -3.712181e-07
1.907991e+01 1.448116e-01 -8.024251e-07
1.907991e+01 2.023460e-01 -1.309141e-06
1.907991e+01 2.834245e-01 -1.670742e-06
1.907991e+01 3.967448e-01 -2.631059e-06
1.907991e+01 5.552783e-01 -3.926857e-06
1.907991e+01 7.774819e-01 -5.892893e-06
1.907991e+01 1.088445e+00 -7.767895e-06
1.907991e+01 1.523711e+00 -1.080807e-05
1.907991e+01 2.088426e+00 -1.418198e-05
1.907991e+01 2.685505e+00 -1.376043e-05
1.948151e+01 1.570796e-02 6.138816e-10
1.948151e+01 2.346256e-02 1.562872e-09
1.948151e+01 3.503514e-02 3.150189e-09
1.948151e+01 5.263151e-02 6.488137e-09
1.948151e+01 7.314235e-02 1.352606e-08
1.948151e+01 1.025928e-01 2.015894e-08
1.948151e+01 1.448116e-01 3.405146e-08
1.948151e+01 2.023460e-01 4.924364e-08
1.948151e+01 2.834245e-01 7.007577e-08
1.948151e+01 3.967448e-01 9.543193e-08
1.948151e+01 5.552783e-01 1.264448e-07
1.948151e+01 7.774819e-01 1.553820e-07
1.948151e+01 1.088445e+00 1.621430e-07
1.948151e+01 1.523711e+00 1.307787e-07
1.948151e+01 2.088426e+00 8.079401e-08
1.948151e+01 2.685505e+00 3.834732e-08
1.989114e+01 1.570796e-02 5.840985e-10
1.989114e+01 2.346256e-02 1.485487e-09
1.989114e+01 3.503514e-02 2.997138e-09
1.989114e+01 5.263151e-02 6.166706e-09
1.989114e+01 7.314235e-02 1.285905e-08
1.989114e+01 1.025928e-01 1.916271e-08
1.989114e+01 1.448116e-01 3.237933e-08
1.989114e+01 2.023460e-01 4.689781e-08
1.989114e+01 2.834245e-01 6.697658e-08
1.989114e+01 3.967448e-01 9.170511e-08
1.989114e+01 5.552783e-01 1.223470e-07
1.989114e+01 7.774819e-01 1.514156e-07
1.989114e+01 1.088445e+00 1.590344e-07
1.989114e+01 1.523711e+00 1.289130e-07
1.989114e+01 2.088426e+00 7.980439e-08
1.989114e+01 2.685505e+00 3.812114e-08
2.030896e+01 1.570796e-02 5.547161e-10
2.030896e+01 2.346256e-02 1.409511e-09
2.030896e+01 3.503514e-02 2.846315e-09
2.030896e+01 5.263151e-02 5.849135e-09
2.030896e+01 7.314235e-02 1.220558e-08
2.030896e+01 1.025928e-01 1.818890e-08
2.030896e+01 1.448116e-01 3.074742e-08
2.030896e+01 2.023460e-01 4.461308e-08
2.030896e+01 2.834245e-01 6.395193e-08
2.030896e+01 3.967448e-01 8.809641e-08
2.030896e+01 5.552783e-01 1.184078e-07
2.030896e+01 7.774819e-01 1.474792e-07
2.030896e+01 1.088445e+00 1.558220e-07
2.030896e+01 1.523711e+00 1.269028e-07
2.030896e+01 2.088426e+00 7.876821e-08
2.030896e+01 2.685505e+00 3.776802e-08
2.073514e+01 1.570796e-02 5.257615e-10
2.073514e+01 2.346256e-02 1.335472e-09
2.073514e+01 3.503514e-02 2.698400e-09
2.073514e+01 5.263151e-02 5.539961e-09
2.073514e+01 7.314235e-02 1.156808e-08
2.073514e+01 1.025928e-01 1.723398e-08
2.073514e+01 1.448116e-01 2.915427e-08
2.073514e+01 2.023460e-01 4.238012e-08
2.073514e+01 2.834245e-01 6.102352e-08
2.073514e+01 3.967448e-01 8.458101e-08
2.073514e+01 5.552783e-01 1.145244e-07
2.073514e+01 7.774819e-01 1.435484e-07
2.073514e+01 1.088445e+00 1.524903e-07
2.073514e+01 1.523711e+00 1.248353e-07
2.073514e+01 2.088426e+00 7.785866e-08
2.073514e+01 2.685505e+00 3.741583e-08
2.116984e+01 1.570796e-02 4.974760e-10
2.116984e+01 2.346256e-02 1.263532e-09
2.116984e+01 3.503514e-02 2.553706e-09
2.116984e+01 5.263151e-02 5.237706e-09
2.116984e+01 7.314235e-02 1.094649e-08
2.116984e+01 1.025928e-01 1.630522e-08
2.116984e+01 1.448116e-01 2.760516e-08
2.116984e+01 2.023460e-01 4.021705e-08
2.116984e+01 2.834245e-01 5.817860e-08
2.116984e+01 3.967448e-01 8.113576e-08
2.116984e+01 5.552783e-01 1.106693e-07
2.116984e+01 7.774819e-01 1.395412e-07
2.116984e+01 1.088445e+00 1.490993e-07
2.116984e+01 1.523711e+00 1.226960e-07
2.116984e+01 2.088426e+00 7.685477e-08
2.116984e+01 2.685505e+00 3.703461e-08
2.161324e+01 1.570796e-02 4.697975e-10
2.161324e+01 2.346256e-02 1.192845e-09
2.161324e+01 3.503514e-02 2.412701e-09
2.161324e+01 5.263151e-02 4.943323e-09
2.161324e+01 7.314235e-02 1.034107e-08
2.161324e+01 1.025928e-01 1.539920e-08
2.161324e+01 1.448116e-01 2.610152e-08
2.161324e+01 2.023460e-01 3.812209e-08
2.161324e+01 2.834245e-01 5.542537e-08
2.161324e+01 3.967448e-01 7.778453e-08
2.161324e+01 5.552783e-01 1.068602e-07
2.161324e+01 7.774819e-01 1.355256e-07
2.161324e+01 1.088445e+00 1.455666e-07
2.161324e+01 1.523711e+00 1.205651e-07
2.161324e+01 2.088426e+00 7.591719e-08
2.161324e+01 2.685505e+00 3.663152e-08
2.206550e+01 1.570796e-02 4.428694e-10
2.206550e+01 2.346256e-02 1.124411e-09
2.206550e+01 3.503514e-02 2.275344e-09
2.206550e+01 5.263151e-02 4.658586e-09
2.206550e+01 7.314235e-02 9.754563e-09
2.206550e+01 1.025928e-01 1.452254e-08
2.206550e+01 1.448116e-01 2.464050e-08
2.206550e+01 2.023460e-01 3.609606e-08
2.206550e+01 2.834245e-01 5.275417e-08
2.206550e+01 3.967448e-01 7.452209e-08
2.206550e+01 5.552783e-01 1.030713e-07
2.206550e+01 7.774819e-01 1.314303e-07
2.206550e+01 1.088445e+00 1.419814e-07
2.206550e+01 1.523711e+00 1.184349e-07
2.206550e+01 2.088426e+00 7.519875e-08
2.206550e+01 2.685505e+00 3.632123e-08
2.252681e+01 1.570796e-02 4.166507e-10
2.252681e+01 2.346256e-02 1.058045e-09
2.252681e+01 3.503514e-02 2.142392e-09
2.252681e+01 5.263151e-02 4.381703e-09
2.252681e+01 7.314235e-02 9.183468e-09
2.252681e+01 1.025928e-01 1.367068e-08
2.252681e+01 1.448116e-01 2.322705e-08
2.252681e+01 2.023460e-01 3.412383e-08
2.252681e+01 2.834245e-01 5.014149e-08
2.252681e+01 3.967448e-01 7.132311e-08
2.252681e+01 5.552783e-01 9.929192e-08
2.252681e+01 7.774819e-01 1.272629e-07
2.252681e+01 1.088445e+00 1.382897e-07
2.252681e+01 1.523711e+00 1.164851e-07
2.252681e+01 2.088426e+00 7.469607e-08
2.252681e+01 2.685505e+00 3.607878e-08
2.299735e+01 1.570796e-02 3.912264e-10
2.299735e+01 2.346256e-02 9.936356e-10
2.299735e+01 3.503514e-02 2.012688e-09
2.299735e+01 5.263151e-02 4.112567e-09
2.299735e+01 7.314235e-02 8.629403e-09
2.299735e+01 1.025928e-01 1.284177e-08
2.299735e+01 1.448116e-01 2.185408e-08
2.299735e+01 2.023460e-01 3.220776e-08
2.299735e+01 2.834245e-01 4.760063e-08
2.299735e+01 3.967448e-01 6.816421e-08
2.299735e+01 5.552783e-01 9.546845e-08
2.299735e+01 7.774819e-01 1.229920e-07
2.299735e+01 1.088445e+00 1.344505e-07
2.299735e+01 1.523711e+00 1.145167e-07
2.299735e+01 2.088426e+00 7.433449e-08
2.299735e+01 2.685505e+00 3.576887e-08
2.347730e+01 1.570796e-02 3.664941e-10
2.347730e+01 2.346256e-02 9.316413e-10
2.347730e+01 3.503514e-02 1.886451e-09
2.347730e+01 5.263151e-02 3.852048e-09
2.347730e+01 7.314235e-02 8.090274e-09
2.347730e+01 1.025928e-01 1.203559e-08
2.347730e+01 1.448116e-01 2.051836e-08
2.347730e+01 2.023460e-01 3.034954e-08
2.347730e+01 2.834245e-01 4.511553e-08
2.347730e+01 3.967448e-01 6.503259e-08
2.347730e+01 5.552783e-01 9.160816e-08
2.347730e+01 7.774819e-01 1.186040e-07
2.347730e+01 1.088445e+00 1.305720e-07
2.347730e+01 1.523711e+00 1.125364e-07
2.347730e+01 2.088426e+00 7.408138e-08
2.347730e+01 2.685505e+00 3.553923e-08
2.396684e+01 1.570796e-02 3.425292e-10
2.396684e+01 2.346256e-02 8.718957e-10
2.396684e+01 3.503514e-02 1.763615e-09
2.396684e+01 5.263151e-02 3.599796e-09
2.396684e+01 7.314235e-02 7.566018e-09
2.396684e+01 1.025928e-01 1.125575e-08
2.396684e+01 1.448116e-01 1.921876e-08
2.396684e+01 2.023460e-01 2.854611e-08
2.396684e+01 2.834245e-01 4.267908e-08
2.396684e+01 3.967448e-01 6.191250e-08
2.396684e+01 5.552783e-01 8.771292e-08
2.396684e+01 7.774819e-01 1.141262e-07
2.396684e+01 1.088445e+00 1.265495e-07
2.396684e+01 1.523711e+00 1.106435e-07
2.396684e+01 2.088426e+00 7.386461e-08
2.396684e+01 2.685505e+00 3.542934e-08
2.446618e+01 1.570796e-02 3.193106e-10
2.446618e+01 2.346256e-02 8.129953e-10
2.446618e+01 3.503514e-02 1.644142e-09
2.446618e+01 5.263151e-02 3.354669e-09
2.446618e+01 7.314235e-02 7.057530e-09
2.446618e+01 1.025928e-01 1.049943e-08
2.446618e+01 1.448116e-01 1.795857e-08
2.446618e+01 2.023460e-01 2.678685e-08
2.446618e+01 2.834245e-01 4.029119e-08
2.446618e+01 3.967448e-01 5.880421e-08
2.446618e+01 5.552783e-01 8.374310e-08
2.446618e+01 7.774819e-01 1.095006e-07
2.446618e+01 1.088445e+00 1.224305e-07
2.446618e+01 1.523711e+00 1.086828e-07
2.446618e+01 2.088426e+00 7.385136e-08
2.446618e+01 2.685505e+00 3.536366e-08
2.497550e+01 1.570796e-02 2.966913e-10
2.497550e+01 2.346256e-02 7.561448e-10
2.497550e+01 3.503514e-02 1.528173e-09
2.497550e+01 5.263151e-02 3.116340e-09
2.497550e+01 7.314235e-02 6.563623e-09
2.497550e+01 1.025928e-01 9.763770e-09
2.497550e+01 1.448116e-01 1.673086e-08
2.497550e+01 2.023460e-01 2.507741e-08
2.497550e+01 2.834245e-01 3.793856e-08
2.497550e+01 3.967448e-01 5.568667e-08
2.497550e+01 5.552783e-01 7.970412e-08
2.497550e+01 7.774819e-01 1.047573e-07
2.497550e+01 1.088445e+00 1.181459e-07
2.497550e+01 1.523711e+00 1.066700e-07
2.497550e+01 2.088426e+00 7.382507e-08
2.497550e+01 2.685505e+00 3.564582e-08
2.549501e+01 1.570796e-02 2.747624e-10
2.549501e+01 2.346256e-02 7.012168e-10
2.549501e+01 3.503514e-02 1.415234e-09
2.549501e+01 5.263151e-02 2.885610e-09
2.549501e+01 7.314235e-02 6.081763e-09
2.549501e+01 1.025928e-01 9.054194e-09
2.549501e+01 1.448116e-01 1.553538e-08
2.549501e+01 2.023460e-01 2.340333e-08
2.549501e+01 2.834245e-01 3.560626e-08
2.549501e+01 3.967448e-01 5.254560e-08
2.549501e+01 5.552783e-01 7.558252e-08
2.549501e+01 7.774819e-01 9.989190e-08
2.549501e+01 1.088445e+00 1.137264e-07
2.549501e+01 1.523711e+00 1.045163e-07
2.549501e+01 2.088426e+00 7.389117e-08
2.549501e+01 2.685505e+00 3.608428e-08
2.602491e+01 1.570796e-02 2.533544e-10
2.602491e+01 2.346256e-02 6.475915e-10
2.602491e+01 3.503514e-02 1.304771e-09
2.602491e+01 5.263151e-02 2.661128e-09
2.602491e+01 7.314235e-02 5.613332e-09
2.602491e+01 1.025928e-01 8.361858e-09
2.602491e+01 1.448116e-01 1.436983e-08
2.602491e+01 2.023460e-01 2.175842e-08
2.602491e+01 2.834245e-01 3.328681e-08
2.602491e+01 3.967448e-01 4.937716e-08
2.602491e+01 5.552783e-01 7.138615e-08
2.602491e+01 7.774819e-01 9.488845e-08
2.602491e+01 1.088445e+00 1.091062e-07
2.602491e+01 1.523711e+00 1.022548e-07
2.602491e+01 2.088426e+00 7.404449e-08
2.602491e+01 2.685505e+00 3.675104e-08
2.656541e+01 1.570796e-02 2.325060e-10
2.656541e+01 2.346256e-02 5.953529e-10
2.656541e+01 3.503514e-02 1.197265e-09
2.656541e+01 5.263151e-02 2.442867e-09
2.656541e+01 7.314235e-02 5.157652e-09
2.656541e+01 1.025928e-01 7.687399e-09
2.656541e+01 1.448116e-01 1.323149e-08
2.656541e+01 2.023460e-01 2.014286e-08
2.656541e+01 2.834245e-01 3.097792e-08
2.656541e+01 3.967448e-01 4.618039e-08
2.656541e+01 5.552783e-01 6.708301e-08
2.656541e+01 7.774819e-01 8.967852e-08
2.656541e+01 1.088445e+00 1.042973e-07
2.656541e+01 1.523711e+00 9.973921e-08
2.656541e+01 2.088426e+00 7.425066e-08
2.656541e+01 2.685505e+00 3.773970e-08
2.711672e+01 1.570796e-02 2.122141e-10
2.711672e+01 2.346256e-02 5.441873e-10
2.711672e+01 3.503514e-02 1.092737e-09
2.711672e+01 5.263151e-02 2.230311e-09
2.711672e+01 7.314235e-02 4.713657e-09
2.711672e+01 1.025928e-01 7.030701e-09
2.711672e+01 1.448116e-01 1.212170e-08
2.711672e+01 2.023460e-01 1.855362e-08
2.711672e+01 2.834245e-01 2.868760e-08
2.711672e+01 3.967448e-01 4.295273e-08
2.711672e+01 5.552783e-01 6.269438e-08
2.711672e+01 7.774819e-01 8.431025e-08
2.711672e+01 1.088445e+00 9.917911e-08
2.711672e+01 1.523711e+00 9.694774e-08
2.711672e+01 2.088426e+00 7.429068e-08
2.711672e+01 2.685505e+00 3.899723e-08
2.767905e+01 1.570796e-02 1.924190e-10
2.767905e+01 2.346256e-02 4.948197e-10
2.767905e+01 3.503514e-02 9.908286e-10
2.767905e+01 5.263151e-02 2.023726e-09
2.767905e+01 7.314235e-02 4.281576e-09
2.767905e+01 1.025928e-01 6.393111e-09
2.767905e+01 1.448116e-01 1.103438e-08
2.767905e+01 2.023460e-01 1.698339e-08
2.767905e+01 2.834245e-01 2.638967e-08
2.767905e+01 3.967448e-01 3.967947e-08
2.767905e+01 5.552783e-01 5.819683e-08
2.767905e+01 7.774819e-01 7.871199e-08
2.767905e+01 1.088445e+00 9.377825e-08
2.767905e+01 1.523711e+00 9.371979e-08
2.767905e+01 2.088426e+00 7.424872e-08
2.767905e+01 2.685505e+00 4.056239e-08
2.825263e+01 1.570796e-02 1.731950e-10
2.825263e+01 2.346256e-02 4.463170e-10
2.825263e+01 3.503514e-02 8.913196e-10
2.825263e+01 5.263151e-02 1.822316e-09
2.825263e+01 7.314235e-02 3.859867e-09
2.825263e+01 1.025928e-01 5.769304e-09
2.825263e+01 1.448116e-01 9.976053e-09
2.825263e+01 2.023460e-01 1.543030e-08
2.825263e+01 2.834245e-01 2.409593e-08
2.825263e+01 3.967448e-01 3.637879e-08
2.825263e+01 5.552783e-01 5.358255e-08
2.825263e+01 7.774819e-01 7.296256e-08
2.825263e+01 1.088445e+00 8.799304e-08
2.825263e+01 1.523711e+00 9.011526e-08
2.825263e+01 2.088426e+00 7.398872e-08
2.825263e+01 2.685505e+00 4.257792e-08
2.883769e+01 1.570796e-02 1.544313e-10
2.883769e+01 2.346256e-02 3.989092e-10
2.883769e+01 3.503514e-02 7.946083e-10
2.883769e+01 5.263151e-02 1.626493e-09
2.883769e+01 7.314235e-02 3.448584e-09
2.883769e+01 1.025928e-01 5.162130e-09
2.883769e+01 1.448116e-01 8.937875e-09
2.883769e+01 2.023460e-01 1.389503e-08
2.883769e+01 2.834245e-01 2.179629e-08
2.883769e+01 3.967448e-01 3.301769e-08
2.883769e+01 5.552783e-01 4.886567e-08
2.883769e+01 7.774819e-01 6.696450e-08
2.883769e+01 1.088445e+00 8.185358e-08
2.883769e+01 1.523711e+00 8.587166e-08
2.883769e+01 2.088426e+00 7.331757e-08
2.883769e+01 2.685505e+00 4.484362e-08
2.943444e+01 1.570796e-02 1.361309e-10
2.943444e+01 2.346256e-02 3.524844e-10
2.943444e+01 3.503514e-02 7.001261e-10
2.943444e+01 5.263151e-02 1.434932e-09
2.943444e+01 7.314235e-02 3.047550e-09
2.943444e+01 1.025928e-01 4.568568e-09
2.943444e+01 1.448116e-01 7.920331e-09
2.943444e+01 2.023460e-01 1.237405e-08
2.943444e+01 2.834245e-01 1.949135e-08
2.943444e+01 3.967448e-01 2.962133e-08
2.943444e+01 5.552783e-01 4.403658e-08
2.943444e+01 7.774819e-01 6.075024e-08
2.943444e+01 1.088445e+00 7.528856e-08
2.943444e+01 1.523711e+00 8.105433e-08
2.943444e+01 2.088426e+00 7.216100e-08
2.943444e+01 2.685505e+00 4.738521e-08
3.004313e+01 1.570796e-02 1.182339e-10
3.004313e+01 2.346256e-02 3.071595e-10
3.004313e+01 3.503514e-02 6.084015e-10
3.004313e+01 5.263151e-02 1.248429e-09
3.004313e+01 7.314235e-02 2.655672e-09
3.004313e+01 1.025928e-01 3.986961e-09
3.004313e+01 1.448116e-01 6.921000e-09
3.004313e+01 2.023460e-01 1.086547e-08
3.004313e+01 2.834245e-01 1.718675e-08
3.004313e+01 3.967448e-01 2.618568e-08
3.004313e+01 5.552783e-01 3.910593e-08
3.004313e+01 7.774819e-01 5.427957e-08
3.004313e+01 1.088445e+00 6.822646e-08
3.004313e+01 1.523711e+00 7.538703e-08
3.004313e+01 2.088426e+00 7.027546e-08
3.004313e+01 2.685505e+00 4.979494e-08
3.066399e+01 1.570796e-02 1.009812e-10
3.066399e+01 2.346256e-02 2.630254e-10
3.066399e+01 3.503514e-02 5.188734e-10
3.066399e+01 5.263151e-02 1.066626e-09
3.066399e+01 7.314235e-02 2.272560e-09
3.066399e+01 1.025928e-01 3.416659e-09
3.066399e+01 1.448116e-01 5.940223e-09
3.066399e+01 2.023460e-01 9.371203e-09
3.066399e+01 2.834245e-01 1.487757e-08
3.066399e+01 3.967448e-01 2.271636e-08
3.066399e+01 5.552783e-01 3.407221e-08
3.066399e+01 7.774819e-01 4.759878e-08
3.066399e+01 1.088445e+00 6.069548e-08
3.066399e+01 1.523711e+00 6.895903e-08
3.066399e+01 2.088426e+00 6.745010e-08
3.066399e+01 2.685505e+00 5.186139e-08
3.129727e+01 1.570796e-02 8.406036e-11
3.129727e+01 2.346256e-02 2.199483e-10
3.129727e+01 3.503514e-02 4.318817e-10
3.129727e+01 5.263151e-02 8.895068e-10
3.129727e+01 7.314235e-02 1.898450e-09
3.129727e+01 1.025928e-01 2.858893e-09
3.129727e+01 1.448116e-01 4.977821e-09
3.129727e+01 2.023460e-01 7.886299e-09
3.129727e+01 2.834245e-01 1.256389e-08
3.129727e+01 3.967448e-01 1.922505e-08
3.129727e+01 5.552783e-01 2.895099e-08
3.129727e+01 7.774819e-01 4.068183e-08
3.129727e+01 1.088445e+00 5.264116e-08
3.129727e+01 1.523711e+00 6.156341e-08
3.129727e+01 2.088426e+00 6.337961e-08
3.129727e+01 2.685505e+00 5.304457e-08
3.194322e+01 1.570796e-02 6.767376e-11
3.194322e+01 2.346256e-02 1.774554e-10
3.194322e+01 3.503514e-02 3.471137e-10
3.194322e+01 5.263151e-02 7.166366e-10
3.194322e+01 7.314235e-02 1.532603e-09
3.194322e+01 1.025928e-01 2.311293e-09
3.194322e+01 1.448116e-01 4.030382e-09
3.194322e+01 2.023460e-01 6.412947e-09
3.194322e+01 2.834245e-01 1.024693e-08
3.194322e+01 3.967448e-01 1.570655e-08
3.194322e+01 5.552783e-01 2.374513e-08
3.194322e+01 7.774819e-01 3.358603e-08
3.194322e+01 1.088445e+00 4.406722e-08
3.194322e+01 1.523711e+00 5.311133e-08
3.194322e+01 2.088426e+00 5.768367e-08
3.194322e+01 2.685505e+00 5.287166e-08
3.260208e+01 1.570796e-02 5.174979e-11
3.260208e+01 2.346256e-02 1.362003e-10
3.260208e+01 3.503514e-02 2.649675e-10
3.260208e+01 5.263151e-02 5.485044e-10
3.260208e+01 7.314235e-02 1.175649e-09
3.260208e+01 1.025928e-01 1.775726e-09
3.260208e+01 1.448116e-01 3.100706e-09
3.260208e+01 2.023460e-01 4.952432e-09
3.260208e+01 2.834245e-01 7.935425e-09
3.260208e+01 3.967448e-01 1.218342e-08
3.260208e+01 5.552783e-01 1.847002e-08
3.260208e+01 7.774819e-01 2.629761e-08
3.260208e+01 1.088445e+00 3.496146e-08
3.260208e+01 1.523711e+00 4.343133e-08
3.260208e+01 2.088426e+00 4.994201e-08
3.260208e+01 2.685505e+00 5.014836e-08
3.327412e+01 1.570796e-02 3.618109e-11
3.327412e+01 2.346256e-02 9.566842e-11
3.327412e+01 3.503514e-02 1.853047e-10
3.327412e+01 5.263151e-02 3.842718e-10
3.327412e+01 7.314235e-02 8.253598e-10
3.327412e+01 1.025928e-01 1.248828e-09
3.327412e+01 1.448116e-01 2.184369e-09
3.327412e+01 2.023460e-01 3.502965e-09
3.327412e+01 2.834245e-01 5.628739e-09
3.327412e+01 3.967448e-01 8.650873e-09
3.327412e+01 5.552783e-01 1.316481e-08
3.327412e+01 7.774819e-01 1.885659e-08
3.327412e+01 1.088445e+00 2.538946e-08
3.327412e+01 1.523711e+00 3.252046e-08
3.327412e+01 2.088426e+00 3.970051e-08
3.327412e+01 2.685505e+00 4.363534e-08
3.395961e+01 1.570796e-02 2.206181e-11
3.395961e+01 2.346256e-02 5.848882e-11
3.395961e+01 3.503514e-02 1.127342e-10
3.395961e+01 5.263151e-02 2.345291e-10
3.395961e+01 7.314235e-02 5.047816e-10
3.395961e+01 1.025928e-01 7.637925e-10
3.395961e+01 1.448116e-01 1.333752e-09
3.395961e+01 2.023460e-01 2.134588e-09
3.395961e+01 2.834245e-01 3.418439e-09
3.395961e+01 3.967448e-01 5.224016e-09
3.395961e+01 5.552783e-01 7.914615e-09
3.395961e+01 7.774819e-01 1.134412e-08
3.395961e+01 1.088445e+00 1.539925e-08
3.395961e+01 1.523711e+00 2.026759e-08
3.395961e+01 2.088426e+00 2.614030e-08
3.395961e+01 2.685505e+00 3.095027e-08
3.465880e+01 1.570796e-02 7.086046e-12
3.465880e+01 2.346256e-02 1.632274e-11
3.465880e+01 3.503514e-02 3.720106e-11
3.465880e+01 5.263151e-02 7.112459e-11
3.465880e+01 7.314235e-02 1.565235e-10
3.465880e+01 1.025928e-01 2.358539e-10
3.465880e+01 1.448116e-01 4.133933e-10
3.465880e+01 2.023460e-01 6.729363e-10
3.465880e+01 2.834245e-01 1.090485e-09
3.465880e+01 3.967448e-01 1.684433e-09
3.465880e+01 5.552783e-01 2.569326e-09
3.465880e+01 7.774819e-01 3.718910e-09
3.465880e+01 1.088445e+00 5.123133e-09
3.465880e+01 1.523711e+00 6.929152e-09
3.465880e+01 2.088426e+00 9.436854e-09
3.465880e+01 2.685505e+00 1.210669e-08
3.537197e+01 1.570796e-02 0.000000e+00
3.537197e+01 2.346256e-02 0.000000e+00
3.537197e+01 3.503514e-02 0.000000e+00
3.537197e+01 5.263151e-02 0.000000e+00
3.537197e+01 7.314235e-02 0.000000e+00
3.537197e+01 1.025928e-01 0.000000e+00
3.537197e+01 1.448116e-01 0.000000e+00
3.537197e+01 2.023460e-01 0.000000e+00
3.537197e+01 2.834245e-01 0.000000e+00
3.537197e+01 3.967448e-01 0.000000e+00
3.537197e+01 5.552783e-01 0.000000e+00
3.537197e+01 7.774819e-01 0.000000e+00
3.537197e+01 1.088445e+00 0.000000e+00
3.537197e+01 1.523711e+00 0.000000e+00
3.537197e+01 2.088426e+00 0.000000e+00
3.537197e+01 2.685505e+00 0.000000e+00
