5.000000e+00 1.570796e-02 -7.581617e-04
5.000000e+00 2.346256e-02 -1.048441e-03
5.000000e+00 3.503514e-02 -1.605608e-03
5.000000e+00 5.263151e-02 -2.720358e-03
5.000000e+00 7.314235e-02 -4.077499e-03
5.000000e+00 1.025928e-01 -2.944756e-03
5.000000e+00 1.448116e-01 -3.702769e-03
5.000000e+00 2.023460e-01 -3.376382e-03
5.000000e+00 2.834245e-01 -3.380171e-03
5.000000e+00 3.967448e-01 -2.593354e-03
5.000000e+00 5.552783e-01 -2.251201e-03
5.000000e+00 7.774819e-01 -1.993851e-03
5.000000e+00 1.088445e+00 -1.687888e-03
5.000000e+00 1.523711e+00 -1.559664e-03
5.000000e+00 2.088426e+00 -1.646343e-03
5.000000e+00 2.685505e+00 -1.763217e-03
5.120000e+00 1.570796e-02 -9.131911e-04
5.120000e+00 2.346256e-02 -1.784607e-03
5.120000e+00 3.503514e-02 -2.972119e-03
5.120000e+00 5.263151e-02 -4.395376e-03
5.120000e+00 7.314235e-02 -7.205319e-03
5.120000e+00 1.025928e-01 -5.479077e-03
5.120000e+00 1.448116e-01 -6.342735e-03
5.120000e+00 2.023460e-01 -6.540000e-03
5.120000e+00 2.834245e-01 -6.125208e-03
5.120000e+00 3.967448e-01 -4.994249e-03
5.120000e+00 5.552783e-01 -4.503932e-03
5.120000e+00 7.774819e-01 -3.807799e-03
5.120000e+00 1.088445e+00 -3.240242e-03
5.120000e+00 1.523711e+00 -2.928898e-03
5.120000e+00 2.088426e+00 -3.046300e-03
5.120000e+00 2.685505e+00 -3.238539e-03
5.242400e+00 1.570796e-02 -9.695747e-04
5.242400e+00 2.346256e-02 -2.299242e-03
5.242400e+00 3.503514e-02 -4.269347e-03
5.242400e+00 5.263151e-02 -6.362212e-03
5.242400e+00 7.314235e-02 -1.055477e-02
5.242400e+00 1.025928e-01 -9.178017e-03
5.242400e+00 1.448116e-01 -1.045244e-02
5.242400e+00 2.023460e-01 -1.067494e-02
5.242400e+00 2.834245e-01 -1.009578e-02
5.242400e+00 3.967448e-01 -8.542327e-03
5.242400e+00 5.552783e-01 -7.527991e-03
5.242400e+00 7.774819e-01 -6.418949e-03
5.242400e+00 1.088445e+00 -5.350486e-03
5.242400e+00 1.523711e+00 -4.755679e-03
5.242400e+00 2.088426e+00 -4.924812e-03
5.242400e+00 2.685505e+00 -5.155688e-03
5.367248e+00 1.570796e-02 -1.018372e-03
5.367248e+00 2.346256e-02 -2.619376e-03
5.367248e+00 3.503514e-02 -5.162080e-03
5.367248e+00 5.263151e-02 -8.048261e-03
5.367248e+00 7.314235e-02 -1.357719e-02
5.367248e+00 1.025928e-01 -1.320297e-02
5.367248e+00 1.448116e-01 -1.562682e-02
5.367248e+00 2.023460e-01 -1.579392e-02
5.367248e+00 2.834245e-01 -1.517241e-02
5.367248e+00 3.967448e-01 -1.277844e-02
5.367248e+00 5.552783e-01 -1.136264e-02
5.367248e+00 7.774819e-01 -9.612533e-03
5.367248e+00 1.088445e+00 -8.017269e-03
5.367248e+00 1.523711e+00 -7.021581e-03
5.367248e+00 2.088426e+00 -7.151092e-03
5.367248e+00 2.685505e+00 -7.392523e-03
5.494593e+00 1.570796e-02 -1.031523e-03
5.494593e+00 2.346256e-02 -2.609101e-03
5.494593e+00 3.503514e-02 -5.598568e-03
5.494593e+00 5.263151e-02 -9.402145e-03
5.494593e+00 7.314235e-02 -1.599843e-02
5.494593e+00 1.025928e-01 -1.723308e-02
5.494593e+00 1.448116e-01 -2.054433e-02
5.494593e+00 2.023460e-01 -2.088062e-02
5.494593e+00 2.834245e-01 -2.031989e-02
5.494593e+00 3.967448e-01 -1.757185e-02
5.494593e+00 5.552783e-01 -1.570465e-02
5.494593e+00 7.774819e-01 -1.315230e-02
5.494593e+00 1.088445e+00 -1.098955e-02
5.494593e+00 1.523711e+00 -9.457350e-03
5.494593e+00 2.088426e+00 -9.554205e-03
5.494593e+00 2.685505e+00 -9.799745e-03
5.624485e+00 1.570796e-02 -1.051476e-03
5.624485e+00 2.346256e-02 -2.507860e-03
5.624485e+00 3.503514e-02 -5.673300e-03
5.624485e+00 5.263151e-02 -9.977429e-03
5.624485e+00 7.314235e-02 -1.745265e-02
5.624485e+00 1.025928e-01 -2.019468e-02
5.624485e+00 1.448116e-01 -2.530302e-02
5.624485e+00 2.023460e-01 -2.590911e-02
5.624485e+00 2.834245e-01 -2.537992e-02
5.624485e+00 3.967448e-01 -2.250963e-02
5.624485e+00 5.552783e-01 -2.005308e-02
5.624485e+00 7.774819e-01 -1.697086e-02
5.624485e+00 1.088445e+00 -1.399291e-02
5.624485e+00 1.523711e+00 -1.202023e-02
5.624485e+00 2.088426e+00 -1.195667e-02
5.624485e+00 2.685505e+00 -1.214628e-02
5.756975e+00 1.570796e-02 -1.005962e-03
5.756975e+00 2.346256e-02 -2.363452e-03
5.756975e+00 3.503514e-02 -5.426713e-03
5.756975e+00 5.263151e-02 -9.880900e-03
5.756975e+00 7.314235e-02 -1.806244e-02
5.756975e+00 1.025928e-01 -2.231507e-02
5.756975e+00 1.448116e-01 -2.917777e-02
5.756975e+00 2.023460e-01 -3.039440e-02
5.756975e+00 2.834245e-01 -2.996888e-02
5.756975e+00 3.967448e-01 -2.726945e-02
5.756975e+00 5.552783e-01 -2.432269e-02
5.756975e+00 7.774819e-01 -2.066587e-02
5.756975e+00 1.088445e+00 -1.700141e-02
5.756975e+00 1.523711e+00 -1.447958e-02
5.756975e+00 2.088426e+00 -1.425003e-02
5.756975e+00 2.685505e+00 -1.439238e-02
5.892114e+00 1.570796e-02 -9.323328e-04
5.892114e+00 2.346256e-02 -2.225164e-03
5.892114e+00 3.503514e-02 -5.099049e-03
5.892114e+00 5.263151e-02 -9.576508e-03
5.892114e+00 7.314235e-02 -1.794161e-02
5.892114e+00 1.025928e-01 -2.337398e-02
5.892114e+00 1.448116e-01 -3.139723e-02
5.892114e+00 2.023460e-01 -3.381684e-02
5.892114e+00 2.834245e-01 -3.393277e-02
5.892114e+00 3.967448e-01 -3.138631e-02
5.892114e+00 5.552783e-01 -2.830660e-02
5.892114e+00 7.774819e-01 -2.397381e-02
5.892114e+00 1.088445e+00 -1.976697e-02
5.892114e+00 1.523711e+00 -1.670658e-02
5.892114e+00 2.088426e+00 -1.629166e-02
5.892114e+00 2.685505e+00 -1.616446e-02
6.029956e+00 1.570796e-02 -8.420754e-04
6.029956e+00 2.346256e-02 -2.035546e-03
6.029956e+00 3.503514e-02 -4.769230e-03
6.029956e+00 5.263151e-02 -9.107309e-03
6.029956e+00 7.314235e-02 -1.730168e-02
6.029956e+00 1.025928e-01 -2.357426e-02
6.029956e+00 1.448116e-01 -3.264160e-02
6.029956e+00 2.023460e-01 -3.616331e-02
6.029956e+00 2.834245e-01 -3.700057e-02
6.029956e+00 3.967448e-01 -3.478550e-02
6.029956e+00 5.552783e-01 -3.166997e-02
6.029956e+00 7.774819e-01 -2.700247e-02
6.029956e+00 1.088445e+00 -2.221798e-02
6.029956e+00 1.523711e+00 -1.869130e-02
6.029956e+00 2.088426e+00 -1.801859e-02
6.029956e+00 2.685505e+00 -1.764317e-02
6.170555e+00 1.570796e-02 -7.612710e-04
6.170555e+00 2.346256e-02 -1.880443e-03
6.170555e+00 3.503514e-02 -4.337000e-03
6.170555e+00 5.263151e-02 -8.441002e-03
6.170555e+00 7.314235e-02 -1.626732e-02
6.170555e+00 1.025928e-01 -2.301408e-02
6.170555e+00 1.448116e-01 -3.282156e-02
6.170555e+00 2.023460e-01 -3.738342e-02
6.170555e+00 2.834245e-01 -3.901369e-02
6.170555e+00 3.967448e-01 -3.753370e-02
6.170555e+00 5.552783e-01 -3.449375e-02
6.170555e+00 7.774819e-01 -2.962812e-02
6.170555e+00 1.088445e+00 -2.440790e-02
6.170555e+00 1.523711e+00 -2.040382e-02
6.170555e+00 2.088426e+00 -1.964647e-02
6.170555e+00 2.685505e+00 -1.912404e-02
6.313967e+00 1.570796e-02 -6.967999e-04
6.313967e+00 2.346256e-02 -1.744787e-03
6.313967e+00 3.503514e-02 -3.880596e-03
6.313967e+00 5.263151e-02 -7.711548e-03
6.313967e+00 7.314235e-02 -1.509978e-02
6.313967e+00 1.025928e-01 -2.183408e-02
6.313967e+00 1.448116e-01 -3.218923e-02
6.313967e+00 2.023460e-01 -3.763435e-02
6.313967e+00 2.834245e-01 -4.023258e-02
6.313967e+00 3.967448e-01 -3.950833e-02
6.313967e+00 5.552783e-01 -3.670923e-02
6.313967e+00 7.774819e-01 -3.176236e-02
6.313967e+00 1.088445e+00 -2.620055e-02
6.313967e+00 1.523711e+00 -2.187927e-02
6.313967e+00 2.088426e+00 -2.088250e-02
6.313967e+00 2.685505e+00 -2.017027e-02
6.460246e+00 1.570796e-02 -6.347569e-04
6.460246e+00 2.346256e-02 -1.587102e-03
6.460246e+00 3.503514e-02 -3.425714e-03
6.460246e+00 5.263151e-02 -7.006746e-03
6.460246e+00 7.314235e-02 -1.384630e-02
6.460246e+00 1.025928e-01 -2.044075e-02
6.460246e+00 1.448116e-01 -3.094746e-02
6.460246e+00 2.023460e-01 -3.712201e-02
6.460246e+00 2.834245e-01 -4.070655e-02
6.460246e+00 3.967448e-01 -4.065288e-02
6.460246e+00 5.552783e-01 -3.823096e-02
6.460246e+00 7.774819e-01 -3.341776e-02
6.460246e+00 1.088445e+00 -2.764512e-02
6.460246e+00 1.523711e+00 -2.309104e-02
6.460246e+00 2.088426e+00 -2.190382e-02
6.460246e+00 2.685505e+00 -2.101017e-02
6.609451e+00 1.570796e-02 -5.769102e-04
6.609451e+00 2.346256e-02 -1.441397e-03
6.609451e+00 3.503514e-02 -3.037877e-03
6.609451e+00 5.263151e-02 -6.331236e-03
6.609451e+00 7.314235e-02 -1.258090e-02
6.609451e+00 1.025928e-01 -1.891994e-02
6.609451e+00 1.448116e-01 -2.918553e-02
6.609451e+00 2.023460e-01 -3.598190e-02
6.609451e+00 2.834245e-01 -4.039493e-02
6.609451e+00 3.967448e-01 -4.108572e-02
6.609451e+00 5.552783e-01 -3.924357e-02
6.609451e+00 7.774819e-01 -3.455172e-02
6.609451e+00 1.088445e+00 -2.871626e-02
6.609451e+00 1.523711e+00 -2.398372e-02
6.609451e+00 2.088426e+00 -2.273697e-02
6.609451e+00 2.685505e+00 -2.159917e-02
6.761640e+00 1.570796e-02 -5.203519e-04
6.761640e+00 2.346256e-02 -1.314330e-03
6.761640e+00 3.503514e-02 -2.726621e-03
6.761640e+00 5.263151e-02 -5.697990e-03
6.761640e+00 7.314235e-02 -1.136655e-02
6.761640e+00 1.025928e-01 -1.724362e-02
6.761640e+00 1.448116e-01 -2.706408e-02
6.761640e+00 2.023460e-01 -3.422788e-02
6.761640e+00 2.834245e-01 -3.947909e-02
6.761640e+00 3.967448e-01 -4.097877e-02
6.761640e+00 5.552783e-01 -3.963278e-02
6.761640e+00 7.774819e-01 -3.524879e-02
6.761640e+00 1.088445e+00 -2.946960e-02
6.761640e+00 1.523711e+00 -2.465199e-02
6.761640e+00 2.088426e+00 -2.333462e-02
6.761640e+00 2.685505e+00 -2.204591e-02
6.916873e+00 1.570796e-02 -4.615414e-04
6.916873e+00 2.346256e-02 -1.188413e-03
6.916873e+00 3.503514e-02 -2.444233e-03
6.916873e+00 5.263151e-02 -5.119825e-03
6.916873e+00 7.314235e-02 -1.019641e-02
6.916873e+00 1.025928e-01 -1.555105e-02
6.916873e+00 1.448116e-01 -2.479813e-02
6.916873e+00 2.023460e-01 -3.216541e-02
6.916873e+00 2.834245e-01 -3.808894e-02
6.916873e+00 3.967448e-01 -4.031635e-02
6.916873e+00 5.552783e-01 -3.954759e-02
6.916873e+00 7.774819e-01 -3.556573e-02
6.916873e+00 1.088445e+00 -2.989637e-02
6.916873e+00 1.523711e+00 -2.511835e-02
6.916873e+00 2.088426e+00 -2.367845e-02
6.916873e+00 2.685505e+00 -2.223660e-02
7.075210e+00 1.570796e-02 -4.073526e-04
7.075210e+00 2.346256e-02 -1.077521e-03
7.075210e+00 3.503514e-02 -2.183467e-03
7.075210e+00 5.263151e-02 -4.584357e-03
7.075210e+00 7.314235e-02 -9.134100e-03
7.075210e+00 1.025928e-01 -1.395689e-02
7.075210e+00 1.448116e-01 -2.257337e-02
7.075210e+00 2.023460e-01 -2.992143e-02
7.075210e+00 2.834245e-01 -3.632769e-02
7.075210e+00 3.967448e-01 -3.922125e-02
7.075210e+00 5.552783e-01 -3.900907e-02
7.075210e+00 7.774819e-01 -3.552286e-02
7.075210e+00 1.088445e+00 -3.003797e-02
7.075210e+00 1.523711e+00 -2.534556e-02
7.075210e+00 2.088426e+00 -2.394023e-02
7.075210e+00 2.685505e+00 -2.238919e-02
7.236714e+00 1.570796e-02 -3.556104e-04
7.236714e+00 2.346256e-02 -9.791958e-04
7.236714e+00 3.503514e-02 -1.946592e-03
7.236714e+00 5.263151e-02 -4.086088e-03
7.236714e+00 7.314235e-02 -8.151154e-03
7.236714e+00 1.025928e-01 -1.245077e-02
7.236714e+00 1.448116e-01 -2.037387e-02
7.236714e+00 2.023460e-01 -2.751969e-02
7.236714e+00 2.834245e-01 -3.420291e-02
7.236714e+00 3.967448e-01 -3.768677e-02
7.236714e+00 5.552783e-01 -3.799098e-02
7.236714e+00 7.774819e-01 -3.501445e-02
7.236714e+00 1.088445e+00 -2.983103e-02
7.236714e+00 1.523711e+00 -2.532355e-02
7.236714e+00 2.088426e+00 -2.399047e-02
7.236714e+00 2.685505e+00 -2.224580e-02
7.401449e+00 1.570796e-02 -3.110232e-04
7.401449e+00 2.346256e-02 -8.785905e-04
7.401449e+00 3.503514e-02 -1.734061e-03
7.401449e+00 5.263151e-02 -3.633275e-03
7.401449e+00 7.314235e-02 -7.249533e-03
7.401449e+00 1.025928e-01 -1.106568e-02
7.401449e+00 1.448116e-01 -1.826345e-02
7.401449e+00 2.023460e-01 -2.512873e-02
7.401449e+00 2.834245e-01 -3.187326e-02
7.401449e+00 3.967448e-01 -3.580264e-02
7.401449e+00 5.552783e-01 -3.666407e-02
7.401449e+00 7.774819e-01 -3.414602e-02
7.401449e+00 1.088445e+00 -2.938537e-02
7.401449e+00 1.523711e+00 -2.510237e-02
7.401449e+00 2.088426e+00 -2.379635e-02
7.401449e+00 2.685505e+00 -2.195251e-02
7.569477e+00 1.570796e-02 -2.736843e-04
7.569477e+00 2.346256e-02 -7.888164e-04
7.569477e+00 3.503514e-02 -1.543338e-03
7.569477e+00 5.263151e-02 -3.220277e-03
7.569477e+00 7.314235e-02 -6.437229e-03
7.569477e+00 1.025928e-01 -9.826849e-03
7.569477e+00 1.448116e-01 -1.630962e-02
7.569477e+00 2.023460e-01 -2.277379e-02
7.569477e+00 2.834245e-01 -2.941512e-02
7.569477e+00 3.967448e-01 -3.364717e-02
7.569477e+00 5.552783e-01 -3.502000e-02
7.569477e+00 7.774819e-01 -3.307114e-02
7.569477e+00 1.088445e+00 -2.867196e-02
7.569477e+00 1.523711e+00 -2.472165e-02
7.569477e+00 2.088426e+00 -2.341357e-02
7.569477e+00 2.685505e+00 -2.149158e-02
7.740867e+00 1.570796e-02 -2.407399e-04
7.740867e+00 2.346256e-02 -7.046867e-04
7.740867e+00 3.503514e-02 -1.370775e-03
7.740867e+00 5.263151e-02 -2.853439e-03
7.740867e+00 7.314235e-02 -5.690209e-03
7.740867e+00 1.025928e-01 -8.719830e-03
7.740867e+00 1.448116e-01 -1.451278e-02
7.740867e+00 2.023460e-01 -2.046762e-02
7.740867e+00 2.834245e-01 -2.689543e-02
7.740867e+00 3.967448e-01 -3.134514e-02
7.740867e+00 5.552783e-01 -3.312672e-02
7.740867e+00 7.774819e-01 -3.164485e-02
7.740867e+00 1.088445e+00 -2.779008e-02
7.740867e+00 1.523711e+00 -2.419566e-02
7.740867e+00 2.088426e+00 -2.296805e-02
7.740867e+00 2.685505e+00 -2.094387e-02
7.915684e+00 1.570796e-02 -2.135041e-04
7.915684e+00 2.346256e-02 -6.222737e-04
7.915684e+00 3.503514e-02 -1.216592e-03
7.915684e+00 5.263151e-02 -2.521368e-03
7.915684e+00 7.314235e-02 -5.028715e-03
7.915684e+00 1.025928e-01 -7.730069e-03
7.915684e+00 1.448116e-01 -1.287397e-02
7.915684e+00 2.023460e-01 -1.830034e-02
7.915684e+00 2.834245e-01 -2.437759e-02
7.915684e+00 3.967448e-01 -2.893821e-02
7.915684e+00 5.552783e-01 -3.104450e-02
7.915684e+00 7.774819e-01 -3.008605e-02
7.915684e+00 1.088445e+00 -2.674765e-02
7.915684e+00 1.523711e+00 -2.346761e-02
7.915684e+00 2.088426e+00 -2.239243e-02
7.915684e+00 2.685505e+00 -2.029384e-02
8.093998e+00 1.570796e-02 -1.876571e-04
8.093998e+00 2.346256e-02 -5.510477e-04
8.093998e+00 3.503514e-02 -1.079500e-03
8.093998e+00 5.263151e-02 -2.223452e-03
8.093998e+00 7.314235e-02 -4.439583e-03
8.093998e+00 1.025928e-01 -6.839993e-03
8.093998e+00 1.448116e-01 -1.138784e-02
8.093998e+00 2.023460e-01 -1.626271e-02
8.093998e+00 2.834245e-01 -2.194666e-02
8.093998e+00 3.967448e-01 -2.648438e-02
8.093998e+00 5.552783e-01 -2.886536e-02
8.093998e+00 7.774819e-01 -2.836421e-02
8.093998e+00 1.088445e+00 -2.550131e-02
8.093998e+00 1.523711e+00 -2.262872e-02
8.093998e+00 2.088426e+00 -2.161655e-02
8.093998e+00 2.685505e+00 -1.953258e-02
8.275878e+00 1.570796e-02 -1.666846e-04
8.275878e+00 2.346256e-02 -4.879458e-04
8.275878e+00 3.503514e-02 -9.559494e-04
8.275878e+00 5.263151e-02 -1.952792e-03
8.275878e+00 7.314235e-02 -3.898618e-03
8.275878e+00 1.025928e-01 -6.018806e-03
8.275878e+00 1.448116e-01 -1.002267e-02
8.275878e+00 2.023460e-01 -1.438144e-02
8.275878e+00 2.834245e-01 -1.961330e-02
8.275878e+00 3.967448e-01 -2.401109e-02
8.275878e+00 5.552783e-01 -2.661251e-02
8.275878e+00 7.774819e-01 -2.650872e-02
8.275878e+00 1.088445e+00 -2.414018e-02
8.275878e+00 1.523711e+00 -2.168036e-02
8.275878e+00 2.088426e+00 -2.080371e-02
8.275878e+00 2.685505e+00 -1.863023e-02
8.461396e+00 1.570796e-02 -1.470702e-04
8.461396e+00 2.346256e-02 -4.258470e-04
8.461396e+00 3.503514e-02 -8.437418e-04
8.461396e+00 5.263151e-02 -1.705885e-03
8.461396e+00 7.314235e-02 -3.413200e-03
8.461396e+00 1.025928e-01 -5.276262e-03
8.461396e+00 1.448116e-01 -8.778809e-03
8.461396e+00 2.023460e-01 -1.264394e-02
8.461396e+00 2.834245e-01 -1.743122e-02
8.461396e+00 3.967448e-01 -2.161893e-02
8.461396e+00 5.552783e-01 -2.435037e-02
8.461396e+00 7.774819e-01 -2.460178e-02
8.461396e+00 1.088445e+00 -2.268595e-02
8.461396e+00 1.523711e+00 -2.063307e-02
8.461396e+00 2.088426e+00 -1.990221e-02
8.461396e+00 2.685505e+00 -1.774534e-02
8.650623e+00 1.570796e-02 -1.301105e-04
8.650623e+00 2.346256e-02 -3.683959e-04
8.650623e+00 3.503514e-02 -7.389652e-04
8.650623e+00 5.263151e-02 -1.490666e-03
8.650623e+00 7.314235e-02 -2.988743e-03
8.650623e+00 1.025928e-01 -4.605996e-03
8.650623e+00 1.448116e-01 -7.660249e-03
8.650623e+00 2.023460e-01 -1.107088e-02
8.650623e+00 2.834245e-01 -1.539189e-02
8.650623e+00 3.967448e-01 -1.936883e-02
8.650623e+00 5.552783e-01 -2.213093e-02
8.650623e+00 7.774819e-01 -2.266540e-02
8.650623e+00 1.088445e+00 -2.119537e-02
8.650623e+00 1.523711e+00 -1.951609e-02
8.650623e+00 2.088426e+00 -1.889331e-02
8.650623e+00 2.685505e+00 -1.674572e-02
8.843636e+00 1.570796e-02 -1.142008e-04
8.843636e+00 2.346256e-02 -3.173170e-04
8.843636e+00 3.503514e-02 -6.429869e-04
8.843636e+00 5.263151e-02 -1.300963e-03
8.843636e+00 7.314235e-02 -2.604818e-03
8.843636e+00 1.025928e-01 -4.010708e-03
8.843636e+00 1.448116e-01 -6.673259e-03
8.843636e+00 2.023460e-01 -9.680113e-03
8.843636e+00 2.834245e-01 -1.354100e-02
8.843636e+00 3.967448e-01 -1.723890e-02
8.843636e+00 5.552783e-01 -1.998547e-02
8.843636e+00 7.774819e-01 -2.072264e-02
8.843636e+00 1.088445e+00 -1.965561e-02
8.843636e+00 1.523711e+00 -1.830625e-02
8.843636e+00 2.088426e+00 -1.782579e-02
8.843636e+00 2.685505e+00 -1.574288e-02
9.040509e+00 1.570796e-02 -9.956795e-05
9.040509e+00 2.346256e-02 -2.715871e-04
9.040509e+00 3.503514e-02 -5.570677e-04
9.040509e+00 5.263151e-02 -1.131449e-03
9.040509e+00 7.314235e-02 -2.255499e-03
9.040509e+00 1.025928e-01 -3.467557e-03
9.040509e+00 1.448116e-01 -5.770029e-03
9.040509e+00 2.023460e-01 -8.396878e-03
9.040509e+00 2.834245e-01 -1.180760e-02
9.040509e+00 3.967448e-01 -1.522501e-02
9.040509e+00 5.552783e-01 -1.788355e-02
9.040509e+00 7.774819e-01 -1.880814e-02
9.040509e+00 1.088445e+00 -1.808203e-02
9.040509e+00 1.523711e+00 -1.710210e-02
9.040509e+00 2.088426e+00 -1.685105e-02
9.040509e+00 2.685505e+00 -1.481375e-02
9.241319e+00 1.570796e-02 -8.578118e-05
9.241319e+00 2.346256e-02 -2.322578e-04
9.241319e+00 3.503514e-02 -4.808927e-04
9.241319e+00 5.263151e-02 -9.780416e-04
9.241319e+00 7.314235e-02 -1.947130e-03
9.241319e+00 1.025928e-01 -2.997564e-03
9.241319e+00 1.448116e-01 -4.971338e-03
9.241319e+00 2.023460e-01 -7.280772e-03
9.241319e+00 2.834245e-01 -1.027015e-02
9.241319e+00 3.967448e-01 -1.336719e-02
9.241319e+00 5.552783e-01 -1.589092e-02
9.241319e+00 7.774819e-01 -1.696851e-02
9.241319e+00 1.088445e+00 -1.654284e-02
9.241319e+00 1.523711e+00 -1.587846e-02
9.241319e+00 2.088426e+00 -1.579265e-02
9.241319e+00 2.685505e+00 -1.383679e-02
9.446145e+00 1.570796e-02 -7.345988e-05
9.446145e+00 2.346256e-02 -1.992476e-04
9.446145e+00 3.503514e-02 -4.142506e-04
9.446145e+00 5.263151e-02 -8.382729e-04
9.446145e+00 7.314235e-02 -1.671783e-03
9.446145e+00 1.025928e-01 -2.580419e-03
9.446145e+00 1.448116e-01 -4.274812e-03
9.446145e+00 2.023460e-01 -6.276882e-03
9.446145e+00 2.834245e-01 -8.895981e-03
9.446145e+00 3.967448e-01 -1.167064e-02
9.446145e+00 5.552783e-01 -1.402994e-02
9.446145e+00 7.774819e-01 -1.519973e-02
9.446145e+00 1.088445e+00 -1.504689e-02
9.446145e+00 1.523711e+00 -1.466953e-02
9.446145e+00 2.088426e+00 -1.466682e-02
9.446145e+00 2.685505e+00 -1.286309e-02
9.655068e+00 1.570796e-02 -6.314223e-05
9.655068e+00 2.346256e-02 -1.718203e-04
9.655068e+00 3.503514e-02 -3.543118e-04
9.655068e+00 5.263151e-02 -7.177752e-04
9.655068e+00 7.314235e-02 -1.431463e-03
9.655068e+00 1.025928e-01 -2.212165e-03
9.655068e+00 1.448116e-01 -3.658392e-03
9.655068e+00 2.023460e-01 -5.385510e-03
9.655068e+00 2.834245e-01 -7.657719e-03
9.655068e+00 3.967448e-01 -1.012403e-02
9.655068e+00 5.552783e-01 -1.230151e-02
9.655068e+00 7.774819e-01 -1.351589e-02
9.655068e+00 1.088445e+00 -1.358617e-02
9.655068e+00 1.523711e+00 -1.345049e-02
9.655068e+00 2.088426e+00 -1.357680e-02
9.655068e+00 2.685505e+00 -1.195214e-02
9.868170e+00 1.570796e-02 -5.446879e-05
9.868170e+00 2.346256e-02 -1.467656e-04
9.868170e+00 3.503514e-02 -3.014056e-04
9.868170e+00 5.263151e-02 -6.138904e-04
9.868170e+00 7.314235e-02 -1.219370e-03
9.868170e+00 1.025928e-01 -1.887479e-03
9.868170e+00 1.448116e-01 -3.119189e-03
9.868170e+00 2.023460e-01 -4.609179e-03
9.868170e+00 2.834245e-01 -6.568888e-03
9.868170e+00 3.967448e-01 -8.725378e-03
9.868170e+00 5.552783e-01 -1.071996e-02
9.868170e+00 7.774819e-01 -1.193354e-02
9.868170e+00 1.088445e+00 -1.218108e-02
9.868170e+00 1.523711e+00 -1.225861e-02
9.868170e+00 2.088426e+00 -1.251054e-02
9.868170e+00 2.685505e+00 -1.103663e-02
1.008553e+01 1.570796e-02 -4.548861e-05
1.008553e+01 2.346256e-02 -1.232113e-04
1.008553e+01 3.503514e-02 -2.559153e-04
1.008553e+01 5.263151e-02 -5.216458e-04
1.008553e+01 7.314235e-02 -1.034159e-03
1.008553e+01 1.025928e-01 -1.605687e-03
1.008553e+01 1.448116e-01 -2.646249e-03
1.008553e+01 2.023460e-01 -3.920858e-03
1.008553e+01 2.834245e-01 -5.600521e-03
1.008553e+01 3.967448e-01 -7.484637e-03
1.008553e+01 5.552783e-01 -9.271861e-03
1.008553e+01 7.774819e-01 -1.045352e-02
1.008553e+01 1.088445e+00 -1.084433e-02
1.008553e+01 1.523711e+00 -1.109405e-02
1.008553e+01 2.088426e+00 -1.144112e-02
1.008553e+01 2.685505e+00 -1.008548e-02
1.030724e+01 1.570796e-02 -3.890533e-05
1.030724e+01 2.346256e-02 -1.025891e-04
1.030724e+01 3.503514e-02 -2.149914e-04
1.030724e+01 5.263151e-02 -4.390587e-04
1.030724e+01 7.314235e-02 -8.723994e-04
1.030724e+01 1.025928e-01 -1.359456e-03
1.030724e+01 1.448116e-01 -2.234253e-03
1.030724e+01 2.023460e-01 -3.317903e-03
1.030724e+01 2.834245e-01 -4.748313e-03
1.030724e+01 3.967448e-01 -6.377126e-03
1.030724e+01 5.552783e-01 -7.966102e-03
1.030724e+01 7.774819e-01 -9.103358e-03
1.030724e+01 1.088445e+00 -9.591781e-03
1.030724e+01 1.523711e+00 -9.949341e-03
1.030724e+01 2.088426e+00 -1.039920e-02
1.030724e+01 2.685505e+00 -9.153379e-03
1.053339e+01 1.570796e-02 -3.311002e-05
1.053339e+01 2.346256e-02 -8.429625e-05
1.053339e+01 3.503514e-02 -1.815711e-04
1.053339e+01 5.263151e-02 -3.679967e-04
1.053339e+01 7.314235e-02 -7.329223e-04
1.053339e+01 1.025928e-01 -1.145000e-03
1.053339e+01 1.448116e-01 -1.877056e-03
1.053339e+01 2.023460e-01 -2.793190e-03
1.053339e+01 2.834245e-01 -4.001124e-03
1.053339e+01 3.967448e-01 -5.402514e-03
1.053339e+01 5.552783e-01 -6.793972e-03
1.053339e+01 7.774819e-01 -7.862710e-03
1.053339e+01 1.088445e+00 -8.422636e-03
1.053339e+01 1.523711e+00 -8.927823e-03
1.053339e+01 2.088426e+00 -9.417724e-03
1.053339e+01 2.685505e+00 -8.298437e-03
1.076406e+01 1.570796e-02 -2.806212e-05
1.076406e+01 2.346256e-02 -6.964671e-05
1.076406e+01 3.503514e-02 -1.520029e-04
1.076406e+01 5.263151e-02 -3.058948e-04
1.076406e+01 7.314235e-02 -6.107652e-04
1.076406e+01 1.025928e-01 -9.592552e-04
1.076406e+01 1.448116e-01 -1.567659e-03
1.076406e+01 2.023460e-01 -2.343035e-03
1.076406e+01 2.834245e-01 -3.358612e-03
1.076406e+01 3.967448e-01 -4.547315e-03
1.076406e+01 5.552783e-01 -5.754519e-03
1.076406e+01 7.774819e-01 -6.751712e-03
1.076406e+01 1.088445e+00 -7.360413e-03
1.076406e+01 1.523711e+00 -7.935634e-03
1.076406e+01 2.088426e+00 -8.476446e-03
1.076406e+01 2.685505e+00 -7.483642e-03
1.099934e+01 1.570796e-02 -2.356280e-05
1.099934e+01 2.346256e-02 -5.643940e-05
1.099934e+01 3.503514e-02 -1.255386e-04
1.099934e+01 5.263151e-02 -2.552209e-04
1.099934e+01 7.314235e-02 -5.096386e-04
1.099934e+01 1.025928e-01 -7.998591e-04
1.099934e+01 1.448116e-01 -1.302294e-03
1.099934e+01 2.023460e-01 -1.950892e-03
1.099934e+01 2.834245e-01 -2.805213e-03
1.099934e+01 3.967448e-01 -3.811478e-03
1.099934e+01 5.552783e-01 -4.852758e-03
1.099934e+01 7.774819e-01 -5.765970e-03
1.099934e+01 1.088445e+00 -6.385492e-03
1.099934e+01 1.523711e+00 -7.002540e-03
1.099934e+01 2.088426e+00 -7.562301e-03
1.099934e+01 2.685505e+00 -6.705544e-03
1.123932e+01 1.570796e-02 -1.953375e-05
1.123932e+01 2.346256e-02 -4.635208e-05
1.123932e+01 3.503514e-02 -1.044809e-04
1.123932e+01 5.263151e-02 -2.110029e-04
1.123932e+01 7.314235e-02 -4.197694e-04
1.123932e+01 1.025928e-01 -6.619636e-04
1.123932e+01 1.448116e-01 -1.076485e-03
1.123932e+01 2.023460e-01 -1.619650e-03
1.123932e+01 2.834245e-01 -2.325660e-03
1.123932e+01 3.967448e-01 -3.165521e-03
1.123932e+01 5.552783e-01 -4.062782e-03
1.123932e+01 7.774819e-01 -4.887720e-03
1.123932e+01 1.088445e+00 -5.497806e-03
1.123932e+01 1.523711e+00 -6.136446e-03
1.123932e+01 2.088426e+00 -6.695533e-03
1.123932e+01 2.685505e+00 -5.979548e-03
1.148411e+01 1.570796e-02 -1.629372e-05
1.148411e+01 2.346256e-02 -3.785580e-05
1.148411e+01 3.503514e-02 -8.513928e-05
1.148411e+01 5.263151e-02 -1.735124e-04
1.148411e+01 7.314235e-02 -3.443117e-04
1.148411e+01 1.025928e-01 -5.427249e-04
1.148411e+01 1.448116e-01 -8.821445e-04
1.148411e+01 2.023460e-01 -1.332547e-03
1.148411e+01 2.834245e-01 -1.914291e-03
1.148411e+01 3.967448e-01 -2.608281e-03
1.148411e+01 5.552783e-01 -3.378509e-03
1.148411e+01 7.774819e-01 -4.114900e-03
1.148411e+01 1.088445e+00 -4.710822e-03
1.148411e+01 1.523711e+00 -5.343951e-03
1.148411e+01 2.088426e+00 -5.911707e-03
1.148411e+01 2.685505e+00 -5.273810e-03
1.173379e+01 1.570796e-02 -1.343359e-05
1.173379e+01 2.346256e-02 -3.068955e-05
1.173379e+01 3.503514e-02 -6.998882e-05
1.173379e+01 5.263151e-02 -1.425801e-04
1.173379e+01 7.314235e-02 -2.815656e-04
1.173379e+01 1.025928e-01 -4.437653e-04
1.173379e+01 1.448116e-01 -7.236800e-04
1.173379e+01 2.023460e-01 -1.090789e-03
1.173379e+01 2.834245e-01 -1.570246e-03
1.173379e+01 3.967448e-01 -2.144235e-03
1.173379e+01 5.552783e-01 -2.790755e-03
1.173379e+01 7.774819e-01 -3.447494e-03
1.173379e+01 1.088445e+00 -4.003128e-03
1.173379e+01 1.523711e+00 -4.612195e-03
1.173379e+01 2.088426e+00 -5.165351e-03
1.173379e+01 2.685505e+00 -4.637406e-03
1.198847e+01 1.570796e-02 -1.104269e-05
1.198847e+01 2.346256e-02 -2.507139e-05
1.198847e+01 3.503514e-02 -5.666728e-05
1.198847e+01 5.263151e-02 -1.167695e-04
1.198847e+01 7.314235e-02 -2.289647e-04
1.198847e+01 1.025928e-01 -3.609892e-04
1.198847e+01 1.448116e-01 -5.897859e-04
1.198847e+01 2.023460e-01 -8.901098e-04
1.198847e+01 2.834245e-01 -1.279409e-03
1.198847e+01 3.967448e-01 -1.752733e-03
1.198847e+01 5.552783e-01 -2.299167e-03
1.198847e+01 7.774819e-01 -2.868288e-03
1.198847e+01 1.088445e+00 -3.377956e-03
1.198847e+01 1.523711e+00 -3.973301e-03
1.198847e+01 2.088426e+00 -4.493562e-03
1.198847e+01 2.685505e+00 -4.052016e-03
1.224824e+01 1.570796e-02 -9.113232e-06
1.224824e+01 2.346256e-02 -2.010099e-05
1.224824e+01 3.503514e-02 -4.508548e-05
1.224824e+01 5.263151e-02 -9.407207e-05
1.224824e+01 7.314235e-02 -1.848489e-04
1.224824e+01 1.025928e-01 -2.909035e-04
1.224824e+01 1.448116e-01 -4.767921e-04
1.224824e+01 2.023460e-01 -7.207597e-04
1.224824e+01 2.834245e-01 -1.034380e-03
1.224824e+01 3.967448e-01 -1.423251e-03
1.224824e+01 5.552783e-01 -1.881274e-03
1.224824e+01 7.774819e-01 -2.368254e-03
1.224824e+01 1.088445e+00 -2.834564e-03
1.224824e+01 1.523711e+00 -3.397128e-03
1.224824e+01 2.088426e+00 -3.884678e-03
1.224824e+01 2.685505e+00 -3.518458e-03
1.251320e+01 1.570796e-02 -7.334166e-06
1.251320e+01 2.346256e-02 -1.580258e-05
1.251320e+01 3.503514e-02 -3.595379e-05
1.251320e+01 5.263151e-02 -7.581284e-05
1.251320e+01 7.314235e-02 -1.475591e-04
1.251320e+01 1.025928e-01 -2.328391e-04
1.251320e+01 1.448116e-01 -3.818336e-04
1.251320e+01 2.023460e-01 -5.807743e-04
1.251320e+01 2.834245e-01 -8.333581e-04
1.251320e+01 3.967448e-01 -1.145682e-03
1.251320e+01 5.552783e-01 -1.522712e-03
1.251320e+01 7.774819e-01 -1.942772e-03
1.251320e+01 1.088445e+00 -2.363088e-03
1.251320e+01 1.523711e+00 -2.885731e-03
1.251320e+01 2.088426e+00 -3.329351e-03
1.251320e+01 2.685505e+00 -3.022128e-03
1.278347e+01 1.570796e-02 -5.863320e-06
1.278347e+01 2.346256e-02 -1.261511e-05
1.278347e+01 3.503514e-02 -2.885153e-05
1.278347e+01 5.263151e-02 -6.001481e-05
1.278347e+01 7.314235e-02 -1.174459e-04
1.278347e+01 1.025928e-01 -1.859741e-04
1.278347e+01 1.448116e-01 -3.042535e-04
1.278347e+01 2.023460e-01 -4.662204e-04
1.278347e+01 2.834245e-01 -6.665250e-04
1.278347e+01 3.967448e-01 -9.200037e-04
1.278347e+01 5.552783e-01 -1.230574e-03
1.278347e+01 7.774819e-01 -1.586903e-03
1.278347e+01 1.088445e+00 -1.961484e-03
1.278347e+01 1.523711e+00 -2.430365e-03
1.278347e+01 2.088426e+00 -2.822510e-03
1.278347e+01 2.685505e+00 -2.575543e-03
1.305914e+01 1.570796e-02 -4.692897e-06
1.305914e+01 2.346256e-02 -9.865985e-06
1.305914e+01 3.503514e-02 -2.312798e-05
1.305914e+01 5.263151e-02 -4.847348e-05
1.305914e+01 7.314235e-02 -9.356830e-05
1.305914e+01 1.025928e-01 -1.466258e-04
1.305914e+01 1.448116e-01 -2.416819e-04
1.305914e+01 2.023460e-01 -3.694333e-04
1.305914e+01 2.834245e-01 -5.277648e-04
1.305914e+01 3.967448e-01 -7.325827e-04
1.305914e+01 5.552783e-01 -9.848000e-04
1.305914e+01 7.774819e-01 -1.278500e-03
1.305914e+01 1.088445e+00 -1.605498e-03
1.305914e+01 1.523711e+00 -2.021585e-03
1.305914e+01 2.088426e+00 -2.372316e-03
1.305914e+01 2.685505e+00 -2.160922e-03
1.334032e+01 1.570796e-02 -3.758315e-06
1.334032e+01 2.346256e-02 -7.517717e-06
1.334032e+01 3.503514e-02 -1.829556e-05
1.334032e+01 5.263151e-02 -3.780930e-05
1.334032e+01 7.314235e-02 -7.319716e-05
1.334032e+01 1.025928e-01 -1.145840e-04
1.334032e+01 1.448116e-01 -1.900583e-04
1.334032e+01 2.023460e-01 -2.919813e-04
1.334032e+01 2.834245e-01 -4.156847e-04
1.334032e+01 3.967448e-01 -5.799326e-04
1.334032e+01 5.552783e-01 -7.812433e-04
1.334032e+01 7.774819e-01 -1.023200e-03
1.334032e+01 1.088445e+00 -1.312036e-03
1.334032e+01 1.523711e+00 -1.672978e-03
1.334032e+01 2.088426e+00 -1.979903e-03
1.334032e+01 2.685505e+00 -1.809334e-03
1.362713e+01 1.570796e-02 -3.066260e-06
1.362713e+01 2.346256e-02 -5.712060e-06
1.362713e+01 3.503514e-02 -1.424336e-05
1.362713e+01 5.263151e-02 -2.913200e-05
1.362713e+01 7.314235e-02 -5.745402e-05
1.362713e+01 1.025928e-01 -8.961754e-05
1.362713e+01 1.448116e-01 -1.489857e-04
1.362713e+01 2.023460e-01 -2.275335e-04
1.362713e+01 2.834245e-01 -3.256607e-04
1.362713e+01 3.967448e-01 -4.552054e-04
1.362713e+01 5.552783e-01 -6.163935e-04
1.362713e+01 7.774819e-01 -8.126384e-04
1.362713e+01 1.088445e+00 -1.057875e-03
1.362713e+01 1.523711e+00 -1.367357e-03
1.362713e+01 2.088426e+00 -1.631348e-03
1.362713e+01 2.685505e+00 -1.500091e-03
1.391967e+01 1.570796e-02 -2.431366e-06
1.391967e+01 2.346256e-02 -4.354115e-06
1.391967e+01 3.503514e-02 -1.092291e-05
1.391967e+01 5.263151e-02 -2.222586e-05
1.391967e+01 7.314235e-02 -4.481634e-05
1.391967e+01 1.025928e-01 -6.934815e-05
1.391967e+01 1.448116e-01 -1.153267e-04
1.391967e+01 2.023460e-01 -1.769458e-04
1.391967e+01 2.834245e-01 -2.523287e-04
1.391967e+01 3.967448e-01 -3.553567e-04
1.391967e+01 5.552783e-01 -4.812586e-04
1.391967e+01 7.774819e-01 -6.407546e-04
1.391967e+01 1.088445e+00 -8.425990e-04
1.391967e+01 1.523711e+00 -1.104332e-03
1.391967e+01 2.088426e+00 -1.325268e-03
1.391967e+01 2.685505e+00 -1.221054e-03
1.421806e+01 1.570796e-02 -1.954589e-06
1.421806e+01 2.346256e-02 -3.287397e-06
1.421806e+01 3.503514e-02 -8.486400e-06
1.421806e+01 5.263151e-02 -1.716250e-05
1.421806e+01 7.314235e-02 -3.388191e-05
1.421806e+01 1.025928e-01 -5.276867e-05
1.421806e+01 1.448116e-01 -8.843035e-05
1.421806e+01 2.023460e-01 -1.357151e-04
1.421806e+01 2.834245e-01 -1.933015e-04
1.421806e+01 3.967448e-01 -2.711887e-04
1.421806e+01 5.552783e-01 -3.713858e-04
1.421806e+01 7.774819e-01 -4.973150e-04
1.421806e+01 1.088445e+00 -6.614949e-04
1.421806e+01 1.523711e+00 -8.795962e-04
1.421806e+01 2.088426e+00 -1.066365e-03
1.421806e+01 2.685505e+00 -9.729608e-04
1.452242e+01 1.570796e-02 -1.527538e-06
1.452242e+01 2.346256e-02 -2.422657e-06
1.452242e+01 3.503514e-02 -6.594214e-06
1.452242e+01 5.263151e-02 -1.294800e-05
1.452242e+01 7.314235e-02 -2.550488e-05
1.452242e+01 1.025928e-01 -3.941747e-05
1.452242e+01 1.448116e-01 -6.713983e-05
1.452242e+01 2.023460e-01 -1.036624e-04
1.452242e+01 2.834245e-01 -1.462516e-04
1.452242e+01 3.967448e-01 -2.058496e-04
1.452242e+01 5.552783e-01 -2.827352e-04
1.452242e+01 7.774819e-01 -3.799197e-04
1.452242e+01 1.088445e+00 -5.135687e-04
1.452242e+01 1.523711e+00 -6.930024e-04
1.452242e+01 2.088426e+00 -8.463984e-04
1.452242e+01 2.685505e+00 -7.579464e-04
1.483287e+01 1.570796e-02 -1.142492e-06
1.483287e+01 2.346256e-02 -1.785443e-06
1.483287e+01 3.503514e-02 -5.047311e-06
1.483287e+01 5.263151e-02 -9.561103e-06
1.483287e+01 7.314235e-02 -1.906144e-05
1.483287e+01 1.025928e-01 -2.938505e-05
1.483287e+01 1.448116e-01 -5.024161e-05
1.483287e+01 2.023460e-01 -7.821772e-05
1.483287e+01 2.834245e-01 -1.102372e-04
1.483287e+01 3.967448e-01 -1.555835e-04
1.483287e+01 5.552783e-01 -2.147868e-04
1.483287e+01 7.774819e-01 -2.893831e-04
1.483287e+01 1.088445e+00 -3.950983e-04
1.483287e+01 1.523711e+00 -5.379636e-04
1.483287e+01 2.088426e+00 -6.607456e-04
1.483287e+01 2.685505e+00 -6.029773e-04
1.514953e+01 1.570796e-02 -8.465335e-07
1.514953e+01 2.346256e-02 -1.322599e-06
1.514953e+01 3.503514e-02 -3.777870e-06
1.514953e+01 5.263151e-02 -7.120634e-06
1.514953e+01 7.314235e-02 -1.368235e-05
1.514953e+01 1.025928e-01 -2.117177e-05
1.514953e+01 1.448116e-01 -3.714342e-05
1.514953e+01 2.023460e-01 -5.768836e-05
1.514953e+01 2.834245e-01 -8.098207e-05
1.514953e+01 3.967448e-01 -1.150272e-04
1.514953e+01 5.552783e-01 -1.582226e-04
1.514953e+01 7.774819e-01 -2.163689e-04
1.514953e+01 1.088445e+00 -2.954970e-04
1.514953e+01 1.523711e+00 -4.081237e-04
1.514953e+01 2.088426e+00 -5.079862e-04
1.514953e+01 2.685505e+00 -4.662069e-04
1.547252e+01 1.570796e-02 -6.413812e-07
1.547252e+01 2.346256e-02 -9.033269e-07
1.547252e+01 3.503514e-02 -2.764246e-06
1.547252e+01 5.263151e-02 -5.275879e-06
1.547252e+01 7.314235e-02 -1.006582e-05
1.547252e+01 1.025928e-01 -1.541387e-05
1.547252e+01 1.448116e-01 -2.711917e-05
1.547252e+01 2.023460e-01 -4.214523e-05
1.547252e+01 2.834245e-01 -5.958515e-05
1.547252e+01 3.967448e-01 -8.495860e-05
1.547252e+01 5.552783e-01 -1.171779e-04
1.547252e+01 7.774819e-01 -1.613737e-04
1.547252e+01 1.088445e+00 -2.215482e-04
1.547252e+01 1.523711e+00 -3.071463e-04
1.547252e+01 2.088426e+00 -3.850948e-04
1.547252e+01 2.685505e+00 -3.571071e-04
1.580197e+01 1.570796e-02 -4.937477e-07
1.580197e+01 2.346256e-02 -6.076048e-07
1.580197e+01 3.503514e-02 -2.007965e-06
1.580197e+01 5.263151e-02 -3.758957e-06
1.580197e+01 7.314235e-02 -7.213676e-06
1.580197e+01 1.025928e-01 -1.091265e-05
1.580197e+01 1.448116e-01 -1.943356e-05
1.580197e+01 2.023460e-01 -3.024390e-05
1.580197e+01 2.834245e-01 -4.266693e-05
1.580197e+01 3.967448e-01 -6.125187e-05
1.580197e+01 5.552783e-01 -8.515914e-05
1.580197e+01 7.774819e-01 -1.182574e-04
1.580197e+01 1.088445e+00 -1.626601e-04
1.580197e+01 1.523711e+00 -2.281440e-04
1.580197e+01 2.088426e+00 -2.893782e-04
1.580197e+01 2.685505e+00 -2.745327e-04
1.613801e+01 1.570796e-02 -3.464208e-07
1.613801e+01 2.346256e-02 -3.652512e-07
1.613801e+01 3.503514e-02 -1.470503e-06
1.613801e+01 5.263151e-02 -2.634409e-06
1.613801e+01 7.314235e-02 -5.041852e-06
1.613801e+01 1.025928e-01 -7.873431e-06
1.613801e+01 1.448116e-01 -1.403373e-05
1.613801e+01 2.023460e-01 -2.151368e-05
1.613801e+01 2.834245e-01 -3.050459e-05
1.613801e+01 3.967448e-01 -4.400981e-05
1.613801e+01 5.552783e-01 -6.146610e-05
1.613801e+01 7.774819e-01 -8.640290e-05
1.613801e+01 1.088445e+00 -1.189380e-04
1.613801e+01 1.523711e+00 -1.667842e-04
1.613801e+01 2.088426e+00 -2.141299e-04
1.613801e+01 2.685505e+00 -2.060626e-04
1.648077e+01 1.570796e-02 -2.533897e-07
1.648077e+01 2.346256e-02 -2.341589e-07
1.648077e+01 3.503514e-02 -1.041822e-06
1.648077e+01 5.263151e-02 -1.910954e-06
1.648077e+01 7.314235e-02 -3.527169e-06
1.648077e+01 1.025928e-01 -5.525828e-06
1.648077e+01 1.448116e-01 -9.809694e-06
1.648077e+01 2.023460e-01 -1.509716e-05
1.648077e+01 2.834245e-01 -2.151303e-05
1.648077e+01 3.967448e-01 -3.111332e-05
1.648077e+01 5.552783e-01 -4.349718e-05
1.648077e+01 7.774819e-01 -6.173507e-05
1.648077e+01 1.088445e+00 -8.531247e-05
1.648077e+01 1.523711e+00 -1.204149e-04
1.648077e+01 2.088426e+00 -1.552553e-04
1.648077e+01 2.685505e+00 -1.511646e-04
1.683038e+01 1.570796e-02 -1.817600e-07
1.683038e+01 2.346256e-02 -1.511332e-07
1.683038e+01 3.503514e-02 -7.170887e-07
1.683038e+01 5.263151e-02 -1.364675e-06
1.683038e+01 7.314235e-02 -2.394288e-06
1.683038e+01 1.025928e-01 -3.607928e-06
1.683038e+01 1.448116e-01 -6.750100e-06
1.683038e+01 2.023460e-01 -1.054509e-05
1.683038e+01 2.834245e-01 -1.479992e-05
1.683038e+01 3.967448e-01 -2.155701e-05
1.683038e+01 5.552783e-01 -3.020555e-05
1.683038e+01 7.774819e-01 -4.369990e-05
1.683038e+01 1.088445e+00 -6.021674e-05
1.683038e+01 1.523711e+00 -8.506404e-05
1.683038e+01 2.088426e+00 -1.103085e-04
1.683038e+01 2.685505e+00 -1.064486e-04
1.718699e+01 1.570796e-02 -1.307602e-07
1.718699e+01 2.346256e-02 -1.000685e-07
1.718699e+01 3.503514e-02 -4.916686e-07
1.718699e+01 5.263151e-02 -8.480414e-07
1.718699e+01 7.314235e-02 -1.576456e-06
1.718699e+01 1.025928e-01 -2.368286e-06
1.718699e+01 1.448116e-01 -4.575875e-06
1.718699e+01 2.023460e-01 -7.178180e-06
1.718699e+01 2.834245e-01 -9.868478e-06
1.718699e+01 3.967448e-01 -1.460903e-05
1.718699e+01 5.552783e-01 -2.068755e-05
1.718699e+01 7.774819e-01 -3.007341e-05
1.718699e+01 1.088445e+00 -4.120461e-05
1.718699e+01 1.523711e+00 -5.826373e-05
1.718699e+01 2.088426e+00 -7.508590e-05
1.718699e+01 2.685505e+00 -7.239683e-05
1.755073e+01 1.570796e-02 -9.298702e-08
1.755073e+01 2.346256e-02 -6.552756e-08
1.755073e+01 3.503514e-02 -3.026983e-07
1.755073e+01 5.263151e-02 -5.844910e-07
1.755073e+01 7.314235e-02 -1.065578e-06
1.755073e+01 1.025928e-01 -1.516653e-06
1.755073e+01 1.448116e-01 -2.990760e-06
1.755073e+01 2.023460e-01 -4.863238e-06
1.755073e+01 2.834245e-01 -6.434318e-06
1.755073e+01 3.967448e-01 -9.781759e-06
1.755073e+01 5.552783e-01 -1.376495e-05
1.755073e+01 7.774819e-01 -2.009044e-05
1.755073e+01 1.088445e+00 -2.751308e-05
1.755073e+01 1.523711e+00 -3.910865e-05
1.755073e+01 2.088426e+00 -5.107218e-05
1.755073e+01 2.685505e+00 -4.929636e-05
1.792175e+01 1.570796e-02 -6.696792e-08
1.792175e+01 2.346256e-02 -3.251174e-08
1.792175e+01 3.503514e-02 -1.945412e-07
1.792175e+01 5.263151e-02 -3.624411e-07
1.792175e+01 7.314235e-02 -6.512449e-07
1.792175e+01 1.025928e-01 -9.332792e-07
1.792175e+01 1.448116e-01 -1.946913e-06
1.792175e+01 2.023460e-01 -3.147063e-06
1.792175e+01 2.834245e-01 -4.075954e-06
1.792175e+01 3.967448e-01 -6.250039e-06
1.792175e+01 5.552783e-01 -9.018033e-06
1.792175e+01 7.774819e-01 -1.321125e-05
1.792175e+01 1.088445e+00 -1.767098e-05
1.792175e+01 1.523711e+00 -2.541041e-05
1.792175e+01 2.088426e+00 -3.347696e-05
1.792175e+01 2.685505e+00 -3.247059e-05
1.830018e+01 1.570796e-02 -4.087830e-08
1.830018e+01 2.346256e-02 -2.047015e-08
1.830018e+01 3.503514e-02 -1.254145e-07
1.830018e+01 5.263151e-02 -2.299302e-07
1.830018e+01 7.314235e-02 -3.765816e-07
1.830018e+01 1.025928e-01 -5.920922e-07
1.830018e+01 1.448116e-01 -1.237865e-06
1.830018e+01 2.023460e-01 -2.009152e-06
1.830018e+01 2.834245e-01 -2.623710e-06
1.830018e+01 3.967448e-01 -3.999454e-06
1.830018e+01 5.552783e-01 -5.818325e-06
1.830018e+01 7.774819e-01 -8.634163e-06
1.830018e+01 1.088445e+00 -1.147706e-05
1.830018e+01 1.523711e+00 -1.652232e-05
1.830018e+01 2.088426e+00 -2.163881e-05
1.830018e+01 2.685505e+00 -2.120437e-05
1.868618e+01 1.570796e-02 -2.351895e-08
1.868618e+01 2.346256e-02 -1.743699e-08
1.868618e+01 3.503514e-02 -7.451359e-08
1.868618e+01 5.263151e-02 -1.404028e-07
1.868618e+01 7.314235e-02 -2.012648e-07
1.868618e+01 1.025928e-01 -3.436927e-07
1.868618e+01 1.448116e-01 -7.081542e-07
1.868618e+01 2.023460e-01 -1.177232e-06
1.868618e+01 2.834245e-01 -1.545036e-06
1.868618e+01 3.967448e-01 -2.340050e-06
1.868618e+01 5.552783e-01 -3.458974e-06
1.868618e+01 7.774819e-01 -5.209885e-06
1.868618e+01 1.088445e+00 -7.065666e-06
1.868618e+01 1.523711e+00 -1.019139e-05
1.868618e+01 2.088426e+00 -1.343344e-05
1.868618e+01 2.685505e+00 -1.306252e-05
1.907991e+01 1.570796e-02 6.432303e-10
1.907991e+01 2.346256e-02 1.640401e-09
1.907991e+01 3.503514e-02 3.305176e-09
1.907991e+01 5.263151e-02 6.811657e-09
1.907991e+01 7.314235e-02 1.419710e-08
1.907991e+01 1.025928e-01 2.117098e-08
1.907991e+01 1.448116e-01 3.574730e-08
1.907991e+01 2.023460e-01 5.163370e-08
1.907991e+01 2.834245e-01 7.325081e-08
1.907991e+01 3.967448e-01 9.920342e-08
1.907991e+01 5.552783e-01 1.305848e-07
1.907991e+01 7.774819e-01 1.593169e-07
1.907991e+01 1.088445e+00 1.651280e-07
1.907991e+01 1.523711e+00 1.325628e-07
1.907991e+01 2.088426e+00 8.166868e-08
1.907991e+01 2.685505e+00 3.857749e-08
1.948151e+01 1.570796e-02 6.138816e-10
1.948151e+01 2.346256e-02 1.562872e-09
1.948151e+01 3.503514e-02 3.150190e-09
1.948151e+01 5.263151e-02 6.488137e-09
1.948151e+01 7.314235e-02 1.352606e-08
1.948151e+01 1.025928e-01 2.015894e-08
1.948151e+01 1.448116e-01 3.405146e-08
1.948151e+01 2.023460e-01 4.924364e-08
1.948151e+01 2.834245e-01 7.007577e-08
1.948151e+01 3.967448e-01 9.543193e-08
1.948151e+01 5.552783e-01 1.264448e-07
1.948151e+01 7.774819e-01 1.553820e-07
1.948151e+01 1.088445e+00 1.621430e-07
1.948151e+01 1.523711e+00 1.307787e-07
1.948151e+01 2.088426e+00 8.079401e-08
1.948151e+01 2.685505e+00 3.834731e-08
1.989114e+01 1.570796e-02 5.840985e-10
1.989114e+01 2.346256e-02 1.485487e-09
1.989114e+01 3.503514e-02 2.997138e-09
1.989114e+01 5.263151e-02 6.166706e-09
1.989114e+01 7.314235e-02 1.285905e-08
1.989114e+01 1.025928e-01 1.916271e-08
1.989114e+01 1.448116e-01 3.237933e-08
1.989114e+01 2.023460e-01 4.689781e-08
1.989114e+01 2.834245e-01 6.697658e-08
1.989114e+01 3.967448e-01 9.170511e-08
1.989114e+01 5.552783e-01 1.223470e-07
1.989114e+01 7.774819e-01 1.514156e-07
1.989114e+01 1.088445e+00 1.590344e-07
1.989114e+01 1.523711e+00 1.289130e-07
1.989114e+01 2.088426e+00 7.980439e-08
1.989114e+01 2.685505e+00 3.812114e-08
2.030896e+01 1.570796e-02 5.547162e-10
2.030896e+01 2.346256e-02 1.409511e-09
2.030896e+01 3.503514e-02 2.846315e-09
2.030896e+01 5.263151e-02 5.849135e-09
2.030896e+01 7.314235e-02 1.220558e-08
2.030896e+01 1.025928e-01 1.818890e-08
2.030896e+01 1.448116e-01 3.074742e-08
2.030896e+01 2.023460e-01 4.461308e-08
2.030896e+01 2.834245e-01 6.395193e-08
2.030896e+01 3.967448e-01 8.809641e-08
2.030896e+01 5.552783e-01 1.184078e-07
2.030896e+01 7.774819e-01 1.474792e-07
2.030896e+01 1.088445e+00 1.558220e-07
2.030896e+01 1.523711e+00 1.269028e-07
2.030896e+01 2.088426e+00 7.876822e-08
2.030896e+01 2.685505e+00 3.776802e-08
2.073514e+01 1.570796e-02 5.257615e-10
2.073514e+01 2.346256e-02 1.335472e-09
2.073514e+01 3.503514e-02 2.698400e-09
2.073514e+01 5.263151e-02 5.539961e-09
2.073514e+01 7.314235e-02 1.156808e-08
2.073514e+01 1.025928e-01 1.723398e-08
2.073514e+01 1.448116e-01 2.915427e-08
2.073514e+01 2.023460e-01 4.238012e-08
2.073514e+01 2.834245e-01 6.102352e-08
2.073514e+01 3.967448e-01 8.458101e-08
2.073514e+01 5.552783e-01 1.145244e-07
2.073514e+01 7.774819e-01 1.435484e-07
2.073514e+01 1.088445e+00 1.524903e-07
2.073514e+01 1.523711e+00 1.248353e-07
2.073514e+01 2.088426e+00 7.785866e-08
2.073514e+01 2.685505e+00 3.741583e-08
2.116984e+01 1.570796e-02 4.974760e-10
2.116984e+01 2.346256e-02 1.263532e-09
2.116984e+01 3.503514e-02 2.553706e-09
2.116984e+01 5.263151e-02 5.237706e-09
2.116984e+01 7.314235e-02 1.094649e-08
2.116984e+01 1.025928e-01 1.630522e-08
2.116984e+01 1.448116e-01 2.760516e-08
2.116984e+01 2.023460e-01 4.021705e-08
2.116984e+01 2.834245e-01 5.817860e-08
2.116984e+01 3.967448e-01 8.113576e-08
2.116984e+01 5.552783e-01 1.106693e-07
2.116984e+01 7.774819e-01 1.395412e-07
2.116984e+01 1.088445e+00 1.490993e-07
2.116984e+01 1.523711e+00 1.226960e-07
2.116984e+01 2.088426e+00 7.685477e-08
2.116984e+01 2.685505e+00 3.703461e-08
2.161324e+01 1.570796e-02 4.697975e-10
2.161324e+01 2.346256e-02 1.192845e-09
2.161324e+01 3.503514e-02 2.412701e-09
2.161324e+01 5.263151e-02 4.943323e-09
2.161324e+01 7.314235e-02 1.034107e-08
2.161324e+01 1.025928e-01 1.539920e-08
2.161324e+01 1.448116e-01 2.610152e-08
2.161324e+01 2.023460e-01 3.812209e-08
2.161324e+01 2.834245e-01 5.542537e-08
2.161324e+01 3.967448e-01 7.778453e-08
2.161324e+01 5.552783e-01 1.068602e-07
2.161324e+01 7.774819e-01 1.355256e-07
2.161324e+01 1.088445e+00 1.455666e-07
2.161324e+01 1.523711e+00 1.205651e-07
2.161324e+01 2.088426e+00 7.591719e-08
2.161324e+01 2.685505e+00 3.663152e-08
2.206550e+01 1.570796e-02 4.428694e-10
2.206550e+01 2.346256e-02 1.124411e-09
2.206550e+01 3.503514e-02 2.275344e-09
2.206550e+01 5.263151e-02 4.658586e-09
2.206550e+01 7.314235e-02 9.754563e-09
2.206550e+01 1.025928e-01 1.452254e-08
2.206550e+01 1.448116e-01 2.464050e-08
2.206550e+01 2.023460e-01 3.609606e-08
2.206550e+01 2.834245e-01 5.275417e-08
2.206550e+01 3.967448e-01 7.452209e-08
2.206550e+01 5.552783e-01 1.030713e-07
2.206550e+01 7.774819e-01 1.314303e-07
2.206550e+01 1.088445e+00 1.419814e-07
2.206550e+01 1.523711e+00 1.184349e-07
2.206550e+01 2.088426e+00 7.519875e-08
2.206550e+01 2.685505e+00 3.632123e-08
2.252681e+01 1.570796e-02 4.166507e-10
2.252681e+01 2.346256e-02 1.058045e-09
2.252681e+01 3.503514e-02 2.142392e-09
2.252681e+01 5.263151e-02 4.381703e-09
2.252681e+01 7.314235e-02 9.183468e-09
2.252681e+01 1.025928e-01 1.367068e-08
2.252681e+01 1.448116e-01 2.322705e-08
2.252681e+01 2.023460e-01 3.412383e-08
2.252681e+01 2.834245e-01 5.014149e-08
2.252681e+01 3.967448e-01 7.132311e-08
2.252681e+01 5.552783e-01 9.929192e-08
2.252681e+01 7.774819e-01 1.272629e-07
2.252681e+01 1.088445e+00 1.382897e-07
2.252681e+01 1.523711e+00 1.164851e-07
2.252681e+01 2.088426e+00 7.469607e-08
2.252681e+01 2.685505e+00 3.607878e-08
2.299735e+01 1.570796e-02 3.912264e-10
2.299735e+01 2.346256e-02 9.936356e-10
2.299735e+01 3.503514e-02 2.012688e-09
2.299735e+01 5.263151e-02 4.112567e-09
2.299735e+01 7.314235e-02 8.629403e-09
2.299735e+01 1.025928e-01 1.284177e-08
2.299735e+01 1.448116e-01 2.185408e-08
2.299735e+01 2.023460e-01 3.220776e-08
2.299735e+01 2.834245e-01 4.760063e-08
2.299735e+01 3.967448e-01 6.816421e-08
2.299735e+01 5.552783e-01 9.546845e-08
2.299735e+01 7.774819e-01 1.229920e-07
2.299735e+01 1.088445e+00 1.344505e-07
2.299735e+01 1.523711e+00 1.145167e-07
2.299735e+01 2.088426e+00 7.433449e-08
2.299735e+01 2.685505e+00 3.576887e-08
2.347730e+01 1.570796e-02 3.664941e-10
2.347730e+01 2.346256e-02 9.316413e-10
2.347730e+01 3.503514e-02 1.886451e-09
2.347730e+01 5.263151e-02 3.852048e-09
2.347730e+01 7.314235e-02 8.090274e-09
2.347730e+01 1.025928e-01 1.203559e-08
2.347730e+01 1.448116e-01 2.051836e-08
2.347730e+01 2.023460e-01 3.034954e-08
2.347730e+01 2.834245e-01 4.511553e-08
2.347730e+01 3.967448e-01 6.503259e-08
2.347730e+01 5.552783e-01 9.160816e-08
2.347730e+01 7.774819e-01 1.186040e-07
2.347730e+01 1.088445e+00 1.305720e-07
2.347730e+01 1.523711e+00 1.125364e-07
2.347730e+01 2.088426e+00 7.408138e-08
2.347730e+01 2.685505e+00 3.553923e-08
2.396684e+01 1.570796e-02 3.425292e-10
2.396684e+01 2.346256e-02 8.718957e-10
2.396684e+01 3.503514e-02 1.763615e-09
2.396684e+01 5.263151e-02 3.599796e-09
2.396684e+01 7.314235e-02 7.566018e-09
2.396684e+01 1.025928e-01 1.125575e-08
2.396684e+01 1.448116e-01 1.921876e-08
2.396684e+01 2.023460e-01 2.854611e-08
2.396684e+01 2.834245e-01 4.267908e-08
2.396684e+01 3.967448e-01 6.191250e-08
2.396684e+01 5.552783e-01 8.771292e-08
2.396684e+01 7.774819e-01 1.141262e-07
2.396684e+01 1.088445e+00 1.265495e-07
2.396684e+01 1.523711e+00 1.106435e-07
2.396684e+01 2.088426e+00 7.386461e-08
2.396684e+01 2.685505e+00 3.542934e-08
2.446618e+01 1.570796e-02 3.193106e-10
2.446618e+01 2.346256e-02 8.129953e-10
2.446618e+01 3.503514e-02 1.644142e-09
2.446618e+01 5.263151e-02 3.354669e-09
2.446618e+01 7.314235e-02 7.057530e-09
2.446618e+01 1.025928e-01 1.049943e-08
2.446618e+01 1.448116e-01 1.795857e-08
2.446618e+01 2.023460e-01 2.678685e-08
2.446618e+01 2.834245e-01 4.029119e-08
2.446618e+01 3.967448e-01 5.880421e-08
2.446618e+01 5.552783e-01 8.374310e-08
2.446618e+01 7.774819e-01 1.095006e-07
2.446618e+01 1.088445e+00 1.224305e-07
2.446618e+01 1.523711e+00 1.086828e-07
2.446618e+01 2.088426e+00 7.385136e-08
2.446618e+01 2.685505e+00 3.536366e-08
2.497550e+01 1.570796e-02 2.966913e-10
2.497550e+01 2.346256e-02 7.561448e-10
2.497550e+01 3.503514e-02 1.528173e-09
2.497550e+01 5.263151e-02 3.116340e-09
2.497550e+01 7.314235e-02 6.563623e-09
2.497550e+01 1.025928e-01 9.763770e-09
2.497550e+01 1.448116e-01 1.673086e-08
2.497550e+01 2.023460e-01 2.507741e-08
2.497550e+01 2.834245e-01 3.793856e-08
2.497550e+01 3.967448e-01 5.568667e-08
2.497550e+01 5.552783e-01 7.970412e-08
2.497550e+01 7.774819e-01 1.047573e-07
2.497550e+01 1.088445e+00 1.181459e-07
2.497550e+01 1.523711e+00 1.066700e-07
2.497550e+01 2.088426e+00 7.382507e-08
2.497550e+01 2.685505e+00 3.564582e-08
2.549501e+01 1.570796e-02 2.747624e-10
2.549501e+01 2.346256e-02 7.012168e-10
2.549501e+01 3.503514e-02 1.415234e-09
2.549501e+01 5.263151e-02 2.885610e-09
2.549501e+01 7.314235e-02 6.081763e-09
2.549501e+01 1.025928e-01 9.054194e-09
2.549501e+01 1.448116e-01 1.553538e-08
2.549501e+01 2.023460e-01 2.340333e-08
2.549501e+01 2.834245e-01 3.560626e-08
2.549501e+01 3.967448e-01 5.254560e-08
2.549501e+01 5.552783e-01 7.558252e-08
2.549501e+01 7.774819e-01 9.989190e-08
2.549501e+01 1.088445e+00 1.137264e-07
2.549501e+01 1.523711e+00 1.045163e-07
2.549501e+01 2.088426e+00 7.389117e-08
2.549501e+01 2.685505e+00 3.608428e-08
2.602491e+01 1.570796e-02 2.533544e-10
2.602491e+01 2.346256e-02 6.475915e-10
2.602491e+01 3.503514e-02 1.304771e-09
2.602491e+01 5.263151e-02 2.661128e-09
2.602491e+01 7.314235e-02 5.613332e-09
2.602491e+01 1.025928e-01 8.361858e-09
2.602491e+01 1.448116e-01 1.436983e-08
2.602491e+01 2.023460e-01 2.175842e-08
2.602491e+01 2.834245e-01 3.328681e-08
2.602491e+01 3.967448e-01 4.937716e-08
2.602491e+01 5.552783e-01 7.138615e-08
2.602491e+01 7.774819e-01 9.488845e-08
2.602491e+01 1.088445e+00 1.091062e-07
2.602491e+01 1.523711e+00 1.022548e-07
2.602491e+01 2.088426e+00 7.404449e-08
2.602491e+01 2.685505e+00 3.675104e-08
2.656541e+01 1.570796e-02 2.325060e-10
2.656541e+01 2.346256e-02 5.953529e-10
2.656541e+01 3.503514e-02 1.197265e-09
2.656541e+01 5.263151e-02 2.442867e-09
2.656541e+01 7.314235e-02 5.157652e-09
2.656541e+01 1.025928e-01 7.687399e-09
2.656541e+01 1.448116e-01 1.323149e-08
2.656541e+01 2.023460e-01 2.014286e-08
2.656541e+01 2.834245e-01 3.097792e-08
2.656541e+01 3.967448e-01 4.618039e-08
2.656541e+01 5.552783e-01 6.708301e-08
2.656541e+01 7.774819e-01 8.967852e-08
2.656541e+01 1.088445e+00 1.042973e-07
2.656541e+01 1.523711e+00 9.973921e-08
2.656541e+01 2.088426e+00 7.425066e-08
2.656541e+01 2.685505e+00 3.773970e-08
2.711672e+01 1.570796e-02 2.122141e-10
2.711672e+01 2.346256e-02 5.441873e-10
2.711672e+01 3.503514e-02 1.092737e-09
2.711672e+01 5.263151e-02 2.230311e-09
2.711672e+01 7.314235e-02 4.713657e-09
2.711672e+01 1.025928e-01 7.030701e-09
2.711672e+01 1.448116e-01 1.212170e-08
2.711672e+01 2.023460e-01 1.855362e-08
2.711672e+01 2.834245e-01 2.868760e-08
2.711672e+01 3.967448e-01 4.295273e-08
2.711672e+01 5.552783e-01 6.269438e-08
2.711672e+01 7.774819e-01 8.431025e-08
2.711672e+01 1.088445e+00 9.917911e-08
2.711672e+01 1.523711e+00 9.694774e-08
2.711672e+01 2.088426e+00 7.429068e-08
2.711672e+01 2.685505e+00 3.899723e-08
2.767905e+01 1.570796e-02 1.924190e-10
2.767905e+01 2.346256e-02 4.948197e-10
2.767905e+01 3.503514e-02 9.908286e-10
2.767905e+01 5.263151e-02 2.023726e-09
2.767905e+01 7.314235e-02 4.281576e-09
2.767905e+01 1.025928e-01 6.393111e-09
2.767905e+01 1.448116e-01 1.103438e-08
2.767905e+01 2.023460e-01 1.698339e-08
2.767905e+01 2.834245e-01 2.638967e-08
2.767905e+01 3.967448e-01 3.967947e-08
2.767905e+01 5.552783e-01 5.819683e-08
2.767905e+01 7.774819e-01 7.871199e-08
2.767905e+01 1.088445e+00 9.377825e-08
2.767905e+01 1.523711e+00 9.371979e-08
2.767905e+01 2.088426e+00 7.424872e-08
2.767905e+01 2.685505e+00 4.056239e-08
2.825263e+01 1.570796e-02 1.731950e-10
2.825263e+01 2.346256e-02 4.463170e-10
2.825263e+01 3.503514e-02 8.913196e-10
2.825263e+01 5.263151e-02 1.822316e-09
2.825263e+01 7.314235e-02 3.859867e-09
2.825263e+01 1.025928e-01 5.769304e-09
2.825263e+01 1.448116e-01 9.976053e-09
2.825263e+01 2.023460e-01 1.543030e-08
2.825263e+01 2.834245e-01 2.409593e-08
2.825263e+01 3.967448e-01 3.637879e-08
2.825263e+01 5.552783e-01 5.358255e-08
2.825263e+01 7.774819e-01 7.296256e-08
2.825263e+01 1.088445e+00 8.799304e-08
2.825263e+01 1.523711e+00 9.011526e-08
2.825263e+01 2.088426e+00 7.398872e-08
2.825263e+01 2.685505e+00 4.257792e-08
2.883769e+01 1.570796e-02 1.544313e-10
2.883769e+01 2.346256e-02 3.989092e-10
2.883769e+01 3.503514e-02 7.946083e-10
2.883769e+01 5.263151e-02 1.626493e-09
2.883769e+01 7.314235e-02 3.448584e-09
2.883769e+01 1.025928e-01 5.162130e-09
2.883769e+01 1.448116e-01 8.937875e-09
2.883769e+01 2.023460e-01 1.389503e-08
2.883769e+01 2.834245e-01 2.179629e-08
2.883769e+01 3.967448e-01 3.301769e-08
2.883769e+01 5.552783e-01 4.886567e-08
2.883769e+01 7.774819e-01 6.696450e-08
2.883769e+01 1.088445e+00 8.185358e-08
2.883769e+01 1.523711e+00 8.587166e-08
2.883769e+01 2.088426e+00 7.331757e-08
2.883769e+01 2.685505e+00 4.484362e-08
2.943444e+01 1.570796e-02 1.361309e-10
2.943444e+01 2.346256e-02 3.524844e-10
2.943444e+01 3.503514e-02 7.001261e-10
2.943444e+01 5.263151e-02 1.434932e-09
2.943444e+01 7.314235e-02 3.047550e-09
2.943444e+01 1.025928e-01 4.568568e-09
2.943444e+01 1.448116e-01 7.920331e-09
2.943444e+01 2.023460e-01 1.237405e-08
2.943444e+01 2.834245e-01 1.949135e-08
2.943444e+01 3.967448e-01 2.962133e-08
2.943444e+01 5.552783e-01 4.403658e-08
2.943444e+01 7.774819e-01 6.075024e-08
2.943444e+01 1.088445e+00 7.528856e-08
2.943444e+01 1.523711e+00 8.105433e-08
2.943444e+01 2.088426e+00 7.216100e-08
2.943444e+01 2.685505e+00 4.738521e-08
3.004313e+01 1.570796e-02 1.182339e-10
3.004313e+01 2.346256e-02 3.071595e-10
3.004313e+01 3.503514e-02 6.084015e-10
3.004313e+01 5.263151e-02 1.248429e-09
3.004313e+01 7.314235e-02 2.655672e-09
3.004313e+01 1.025928e-01 3.986961e-09
3.004313e+01 1.448116e-01 6.921000e-09
3.004313e+01 2.023460e-01 1.086547e-08
3.004313e+01 2.834245e-01 1.718675e-08
3.004313e+01 3.967448e-01 2.618568e-08
3.004313e+01 5.552783e-01 3.910593e-08
3.004313e+01 7.774819e-01 5.427957e-08
3.004313e+01 1.088445e+00 6.822646e-08
3.004313e+01 1.523711e+00 7.538703e-08
3.004313e+01 2.088426e+00 7.027546e-08
3.004313e+01 2.685505e+00 4.979494e-08
3.066399e+01 1.570796e-02 1.009812e-10
3.066399e+01 2.346256e-02 2.630254e-10
3.066399e+01 3.503514e-02 5.188734e-10
3.066399e+01 5.263151e-02 1.066626e-09
3.066399e+01 7.314235e-02 2.272560e-09
3.066399e+01 1.025928e-01 3.416659e-09
3.066399e+01 1.448116e-01 5.940223e-09
3.066399e+01 2.023460e-01 9.371203e-09
3.066399e+01 2.834245e-01 1.487757e-08
3.066399e+01 3.967448e-01 2.271636e-08
3.066399e+01 5.552783e-01 3.407221e-08
3.066399e+01 7.774819e-01 4.759878e-08
3.066399e+01 1.088445e+00 6.069548e-08
3.066399e+01 1.523711e+00 6.895903e-08
3.066399e+01 2.088426e+00 6.745010e-08
3.066399e+01 2.685505e+00 5.186139e-08
3.129727e+01 1.570796e-02 8.406036e-11
3.129727e+01 2.346256e-02 2.199483e-10
3.129727e+01 3.503514e-02 4.318817e-10
3.129727e+01 5.263151e-02 8.895068e-10
3.129727e+01 7.314235e-02 1.898450e-09
3.129727e+01 1.025928e-01 2.858893e-09
3.129727e+01 1.448116e-01 4.977821e-09
3.129727e+01 2.023460e-01 7.886299e-09
3.129727e+01 2.834245e-01 1.256389e-08
3.129727e+01 3.967448e-01 1.922505e-08
3.129727e+01 5.552783e-01 2.895099e-08
3.129727e+01 7.774819e-01 4.068183e-08
3.129727e+01 1.088445e+00 5.264116e-08
3.129727e+01 1.523711e+00 6.156341e-08
3.129727e+01 2.088426e+00 6.337961e-08
3.129727e+01 2.685505e+00 5.304457e-08
3.194322e+01 1.570796e-02 6.767376e-11
3.194322e+01 2.346256e-02 1.774554e-10
3.194322e+01 3.503514e-02 3.471137e-10
3.194322e+01 5.263151e-02 7.166366e-10
3.194322e+01 7.314235e-02 1.532603e-09
3.194322e+01 1.025928e-01 2.311293e-09
3.194322e+01 1.448116e-01 4.030382e-09
3.194322e+01 2.023460e-01 6.412947e-09
3.194322e+01 2.834245e-01 1.024693e-08
3.194322e+01 3.967448e-01 1.570655e-08
3.194322e+01 5.552783e-01 2.374513e-08
3.194322e+01 7.774819e-01 3.358603e-08
3.194322e+01 1.088445e+00 4.406722e-08
3.194322e+01 1.523711e+00 5.311133e-08
3.194322e+01 2.088426e+00 5.768367e-08
3.194322e+01 2.685505e+00 5.287166e-08
3.260208e+01 1.570796e-02 5.174979e-11
3.260208e+01 2.346256e-02 1.362003e-10
3.260208e+01 3.503514e-02 2.649675e-10
3.260208e+01 5.263151e-02 5.485044e-10
3.260208e+01 7.314235e-02 1.175649e-09
3.260208e+01 1.025928e-01 1.775726e-09
3.260208e+01 1.448116e-01 3.100706e-09
3.260208e+01 2.023460e-01 4.952432e-09
3.260208e+01 2.834245e-01 7.935425e-09
3.260208e+01 3.967448e-01 1.218342e-08
3.260208e+01 5.552783e-01 1.847002e-08
3.260208e+01 7.774819e-01 2.629761e-08
3.260208e+01 1.088445e+00 3.496146e-08
3.260208e+01 1.523711e+00 4.343133e-08
3.260208e+01 2.088426e+00 4.994201e-08
3.260208e+01 2.685505e+00 5.014836e-08
3.327412e+01 1.570796e-02 3.618109e-11
3.327412e+01 2.346256e-02 9.566842e-11
3.327412e+01 3.503514e-02 1.853047e-10
3.327412e+01 5.263151e-02 3.842718e-10
3.327412e+01 7.314235e-02 8.253598e-10
3.327412e+01 1.025928e-01 1.248828e-09
3.327412e+01 1.448116e-01 2.184369e-09
3.327412e+01 2.023460e-01 3.502965e-09
3.327412e+01 2.834245e-01 5.628739e-09
3.327412e+01 3.967448e-01 8.650873e-09
3.327412e+01 5.552783e-01 1.316481e-08
3.327412e+01 7.774819e-01 1.885659e-08
3.327412e+01 1.088445e+00 2.538946e-08
3.327412e+01 1.523711e+00 3.252046e-08
3.327412e+01 2.088426e+00 3.970051e-08
3.327412e+01 2.685505e+00 4.363534e-08
3.395961e+01 1.570796e-02 2.206181e-11
3.395961e+01 2.346256e-02 5.848882e-11
3.395961e+01 3.503514e-02 1.127342e-10
3.395961e+01 5.263151e-02 2.345291e-10
3.395961e+01 7.314235e-02 5.047816e-10
3.395961e+01 1.025928e-01 7.637925e-10
3.395961e+01 1.448116e-01 1.333752e-09
3.395961e+01 2.023460e-01 2.134588e-09
3.395961e+01 2.834245e-01 3.418439e-09
3.395961e+01 3.967448e-01 5.224016e-09
3.395961e+01 5.552783e-01 7.914615e-09
3.395961e+01 7.774819e-01 1.134412e-08
3.395961e+01 1.088445e+00 1.539925e-08
3.395961e+01 1.523711e+00 2.026759e-08
3.395961e+01 2.088426e+00 2.614030e-08
3.395961e+01 2.685505e+00 3.095027e-08
3.465880e+01 1.570796e-02 7.086046e-12
3.465880e+01 2.346256e-02 1.632274e-11
3.465880e+01 3.503514e-02 3.720106e-11
3.465880e+01 5.263151e-02 7.112459e-11
3.465880e+01 7.314235e-02 1.565235e-10
3.465880e+01 1.025928e-01 2.358539e-10
3.465880e+01 1.448116e-01 4.133933e-10
3.465880e+01 2.023460e-01 6.729363e-10
3.465880e+01 2.834245e-01 1.090485e-09
3.465880e+01 3.967448e-01 1.684433e-09
3.465880e+01 5.552783e-01 2.569326e-09
3.465880e+01 7.774819e-01 3.718910e-09
3.465880e+01 1.088445e+00 5.123133e-09
3.465880e+01 1.523711e+00 6.929152e-09
3.465880e+01 2.088426e+00 9.436854e-09
3.465880e+01 2.685505e+00 1.210669e-08
3.537197e+01 1.570796e-02 0.000000e+00
3.537197e+01 2.346256e-02 0.000000e+00
3.537197e+01 3.503514e-02 0.000000e+00
3.537197e+01 5.263151e-02 0.000000e+00
3.537197e+01 7.314235e-02 0.000000e+00
3.537197e+01 1.025928e-01 0.000000e+00
3.537197e+01 1.448116e-01 0.000000e+00
3.537197e+01 2.023460e-01 0.000000e+00
3.537197e+01 2.834245e-01 0.000000e+00
3.537197e+01 3.967448e-01 0.000000e+00
3.537197e+01 5.552783e-01 0.000000e+00
3.537197e+01 7.774819e-01 0.000000e+00
3.537197e+01 1.088445e+00 0.000000e+00
3.537197e+01 1.523711e+00 0.000000e+00
3.537197e+01 2.088426e+00 0.000000e+00
3.537197e+01 2.685505e+00 0.000000e+00
