5.000000e+00 1.570796e-02 -1.227751e-04
5.000000e+00 2.346256e-02 -8.789313e-05
5.000000e+00 3.503514e-02 -1.595754e-04
5.000000e+00 5.263151e-02 -2.273497e-04
5.000000e+00 7.314235e-02 -2.699168e-04
5.000000e+00 1.025928e-01 -7.634555e-05
5.000000e+00 1.448116e-01 -2.113573e-04
5.000000e+00 2.023460e-01 -1.412655e-04
5.000000e+00 2.834245e-01 -2.475425e-04
5.000000e+00 3.967448e-01 -1.261078e-04
5.000000e+00 5.552783e-01 -1.086324e-04
5.000000e+00 7.774819e-01 -1.083619e-04
5.000000e+00 1.088445e+00 -9.915989e-05
5.000000e+00 1.523711e+00 -9.078482e-05
5.000000e+00 2.088426e+00 -1.028365e-04
5.000000e+00 2.685505e+00 -1.112882e-04
5.120000e+00 1.570796e-02 -2.746335e-04
5.120000e+00 2.346256e-02 -2.583045e-04
5.120000e+00 3.503514e-02 -3.189791e-04
5.120000e+00 5.263151e-02 -5.709416e-04
5.120000e+00 7.314235e-02 -7.339070e-04
5.120000e+00 1.025928e-01 -5.272977e-04
5.120000e+00 1.448116e-01 -6.525943e-04
5.120000e+00 2.023460e-01 -6.119007e-04
5.120000e+00 2.834245e-01 -7.359749e-04
5.120000e+00 3.967448e-01 -5.148943e-04
5.120000e+00 5.552783e-01 -4.455012e-04
5.120000e+00 7.774819e-01 -3.935579e-04
5.120000e+00 1.088445e+00 -3.379613e-04
5.120000e+00 1.523711e+00 -3.316279e-04
5.120000e+00 2.088426e+00 -3.588759e-04
5.120000e+00 2.685505e+00 -3.860275e-04
5.242400e+00 1.570796e-02 -5.676640e-04
5.242400e+00 2.346256e-02 -6.531874e-04
5.242400e+00 3.503514e-02 -1.065115e-03
5.242400e+00 5.263151e-02 -1.797272e-03
5.242400e+00 7.314235e-02 -2.533930e-03
5.242400e+00 1.025928e-01 -1.942615e-03
5.242400e+00 1.448116e-01 -2.476672e-03
5.242400e+00 2.023460e-01 -2.174867e-03
5.242400e+00 2.834245e-01 -2.250816e-03
5.242400e+00 3.967448e-01 -1.677119e-03
5.242400e+00 5.552783e-01 -1.516093e-03
5.242400e+00 7.774819e-01 -1.334538e-03
5.242400e+00 1.088445e+00 -1.160617e-03
5.242400e+00 1.523711e+00 -1.097053e-03
5.242400e+00 2.088426e+00 -1.177250e-03
5.242400e+00 2.685505e+00 -1.269394e-03
5.367248e+00 1.570796e-02 -7.766128e-04
5.367248e+00 2.346256e-02 -1.349991e-03
5.367248e+00 3.503514e-02 -2.149170e-03
5.367248e+00 5.263151e-02 -3.323098e-03
5.367248e+00 7.314235e-02 -5.418144e-03
5.367248e+00 1.025928e-01 -3.965504e-03
5.367248e+00 1.448116e-01 -4.827688e-03
5.367248e+00 2.023460e-01 -4.832588e-03
5.367248e+00 2.834245e-01 -4.639948e-03
5.367248e+00 3.967448e-01 -3.823350e-03
5.367248e+00 5.552783e-01 -3.436292e-03
5.367248e+00 7.774819e-01 -2.926163e-03
5.367248e+00 1.088445e+00 -2.536304e-03
5.367248e+00 1.523711e+00 -2.359492e-03
5.367248e+00 2.088426e+00 -2.519789e-03
5.367248e+00 2.685505e+00 -2.636352e-03
5.494593e+00 1.570796e-02 -8.443939e-04
5.494593e+00 2.346256e-02 -1.932871e-03
5.494593e+00 3.503514e-02 -3.494281e-03
5.494593e+00 5.263151e-02 -5.158679e-03
5.494593e+00 7.314235e-02 -8.573229e-03
5.494593e+00 1.025928e-01 -7.241984e-03
5.494593e+00 1.448116e-01 -8.312008e-03
5.494593e+00 2.023460e-01 -8.646789e-03
5.494593e+00 2.834245e-01 -8.075414e-03
5.494593e+00 3.967448e-01 -6.939566e-03
5.494593e+00 5.552783e-01 -6.185430e-03
5.494593e+00 7.774819e-01 -5.292789e-03
5.494593e+00 1.088445e+00 -4.489938e-03
5.494593e+00 1.523711e+00 -4.115712e-03
5.494593e+00 2.088426e+00 -4.336250e-03
5.494593e+00 2.685505e+00 -4.543641e-03
5.624485e+00 1.570796e-02 -9.097325e-04
5.624485e+00 2.346256e-02 -2.328262e-03
5.624485e+00 3.503514e-02 -4.454013e-03
5.624485e+00 5.263151e-02 -6.856229e-03
5.624485e+00 7.314235e-02 -1.157399e-02
5.624485e+00 1.025928e-01 -1.098911e-02
5.624485e+00 1.448116e-01 -1.305601e-02
5.624485e+00 2.023460e-01 -1.327279e-02
5.624485e+00 2.834245e-01 -1.290708e-02
5.624485e+00 3.967448e-01 -1.090375e-02
5.624485e+00 5.552783e-01 -9.794791e-03
5.624485e+00 7.774819e-01 -8.343854e-03
5.624485e+00 1.088445e+00 -7.002200e-03
5.624485e+00 1.523711e+00 -6.335106e-03
5.624485e+00 2.088426e+00 -6.612450e-03
5.624485e+00 2.685505e+00 -6.872921e-03
5.756975e+00 1.570796e-02 -9.283371e-04
5.756975e+00 2.346256e-02 -2.393820e-03
5.756975e+00 3.503514e-02 -4.988672e-03
5.756975e+00 5.263151e-02 -8.251310e-03
5.756975e+00 7.314235e-02 -1.416827e-02
5.756975e+00 1.025928e-01 -1.498659e-02
5.756975e+00 1.448116e-01 -1.791819e-02
5.756975e+00 2.023460e-01 -1.829891e-02
5.756975e+00 2.834245e-01 -1.797627e-02
5.756975e+00 3.967448e-01 -1.555741e-02
5.756975e+00 5.552783e-01 -1.403025e-02
5.756975e+00 7.774819e-01 -1.192081e-02
5.756975e+00 1.088445e+00 -1.000491e-02
5.756975e+00 1.523711e+00 -8.886033e-03
5.756975e+00 2.088426e+00 -9.227608e-03
5.756975e+00 2.685505e+00 -9.421872e-03
5.892114e+00 1.570796e-02 -9.596514e-04
5.892114e+00 2.346256e-02 -2.322912e-03
5.892114e+00 3.503514e-02 -5.175116e-03
5.892114e+00 5.263151e-02 -9.031520e-03
5.892114e+00 7.314235e-02 -1.575625e-02
5.892114e+00 1.025928e-01 -1.804165e-02
5.892114e+00 1.448116e-01 -2.246162e-02
5.892114e+00 2.023460e-01 -2.326832e-02
5.892114e+00 2.834245e-01 -2.295467e-02
5.892114e+00 3.967448e-01 -2.044215e-02
5.892114e+00 5.552783e-01 -1.844912e-02
5.892114e+00 7.774819e-01 -1.568530e-02
5.892114e+00 1.088445e+00 -1.311519e-02
5.892114e+00 1.523711e+00 -1.153112e-02
5.892114e+00 2.088426e+00 -1.180906e-02
5.892114e+00 2.685505e+00 -1.194603e-02
6.029956e+00 1.570796e-02 -9.358958e-04
6.029956e+00 2.346256e-02 -2.189840e-03
6.029956e+00 3.503514e-02 -5.024412e-03
6.029956e+00 5.263151e-02 -9.095920e-03
6.029956e+00 7.314235e-02 -1.658419e-02
6.029956e+00 1.025928e-01 -2.034830e-02
6.029956e+00 1.448116e-01 -2.661096e-02
6.029956e+00 2.023460e-01 -2.780236e-02
6.029956e+00 2.834245e-01 -2.764834e-02
6.029956e+00 3.967448e-01 -2.526867e-02
6.029956e+00 5.552783e-01 -2.283348e-02
6.029956e+00 7.774819e-01 -1.947385e-02
6.029956e+00 1.088445e+00 -1.622216e-02
6.029956e+00 1.523711e+00 -1.421091e-02
6.029956e+00 2.088426e+00 -1.431713e-02
6.029956e+00 2.685505e+00 -1.436998e-02
6.170555e+00 1.570796e-02 -8.683249e-04
6.170555e+00 2.346256e-02 -2.081884e-03
6.170555e+00 3.503514e-02 -4.727954e-03
6.170555e+00 5.263151e-02 -8.871670e-03
6.170555e+00 7.314235e-02 -1.666708e-02
6.170555e+00 1.025928e-01 -2.161579e-02
6.170555e+00 1.448116e-01 -2.909364e-02
6.170555e+00 2.023460e-01 -3.139827e-02
6.170555e+00 2.834245e-01 -3.180623e-02
6.170555e+00 3.967448e-01 -2.960822e-02
6.170555e+00 5.552783e-01 -2.688260e-02
6.170555e+00 7.774819e-01 -2.299363e-02
6.170555e+00 1.088445e+00 -1.917907e-02
6.170555e+00 1.523711e+00 -1.664327e-02
6.170555e+00 2.088426e+00 -1.658387e-02
6.170555e+00 2.685505e+00 -1.638704e-02
6.313967e+00 1.570796e-02 -7.917686e-04
6.313967e+00 2.346256e-02 -1.913370e-03
6.313967e+00 3.503514e-02 -4.451386e-03
6.313967e+00 5.263151e-02 -8.498716e-03
6.313967e+00 7.314235e-02 -1.619075e-02
6.313967e+00 1.025928e-01 -2.198448e-02
6.313967e+00 1.448116e-01 -3.051588e-02
6.313967e+00 2.023460e-01 -3.393395e-02
6.313967e+00 2.834245e-01 -3.499267e-02
6.313967e+00 3.967448e-01 -3.308533e-02
6.313967e+00 5.552783e-01 -3.041834e-02
6.313967e+00 7.774819e-01 -2.616245e-02
6.313967e+00 1.088445e+00 -2.178435e-02
6.313967e+00 1.523711e+00 -1.878458e-02
6.313967e+00 2.088426e+00 -1.849938e-02
6.313967e+00 2.685505e+00 -1.814089e-02
6.460246e+00 1.570796e-02 -7.153628e-04
6.460246e+00 2.346256e-02 -1.764899e-03
6.460246e+00 3.503514e-02 -4.063655e-03
6.460246e+00 5.263151e-02 -7.919553e-03
6.460246e+00 7.314235e-02 -1.529284e-02
6.460246e+00 1.025928e-01 -2.159951e-02
6.460246e+00 1.448116e-01 -3.091918e-02
6.460246e+00 2.023460e-01 -3.537393e-02
6.460246e+00 2.834245e-01 -3.717421e-02
6.460246e+00 3.967448e-01 -3.599586e-02
6.460246e+00 5.552783e-01 -3.340602e-02
6.460246e+00 7.774819e-01 -2.892988e-02
6.460246e+00 1.088445e+00 -2.409256e-02
6.460246e+00 1.523711e+00 -2.067408e-02
6.460246e+00 2.088426e+00 -2.019550e-02
6.460246e+00 2.685505e+00 -1.955517e-02
6.609451e+00 1.570796e-02 -6.582502e-04
6.609451e+00 2.346256e-02 -1.641759e-03
6.609451e+00 3.503514e-02 -3.649844e-03
6.609451e+00 5.263151e-02 -7.259858e-03
6.609451e+00 7.314235e-02 -1.424599e-02
6.609451e+00 1.025928e-01 -2.060871e-02
6.609451e+00 1.448116e-01 -3.049087e-02
6.609451e+00 2.023460e-01 -3.582477e-02
6.609451e+00 2.834245e-01 -3.855394e-02
6.609451e+00 3.967448e-01 -3.811994e-02
6.609451e+00 5.552783e-01 -3.579484e-02
6.609451e+00 7.774819e-01 -3.122644e-02
6.609451e+00 1.088445e+00 -2.605175e-02
6.609451e+00 1.523711e+00 -2.226694e-02
6.609451e+00 2.088426e+00 -2.166675e-02
6.609451e+00 2.685505e+00 -2.083139e-02
6.761640e+00 1.570796e-02 -6.002614e-04
6.761640e+00 2.346256e-02 -1.499949e-03
6.761640e+00 3.503514e-02 -3.229431e-03
6.761640e+00 5.263151e-02 -6.612408e-03
6.761640e+00 7.314235e-02 -1.310655e-02
6.761640e+00 1.025928e-01 -1.935628e-02
6.761640e+00 1.448116e-01 -2.940928e-02
6.761640e+00 2.023460e-01 -3.544435e-02
6.761640e+00 2.834245e-01 -3.916333e-02
6.761640e+00 3.967448e-01 -3.939715e-02
6.761640e+00 5.552783e-01 -3.741757e-02
6.761640e+00 7.774819e-01 -3.303083e-02
6.761640e+00 1.088445e+00 -2.760538e-02
6.761640e+00 1.523711e+00 -2.360716e-02
6.761640e+00 2.088426e+00 -2.279431e-02
6.761640e+00 2.685505e+00 -2.178831e-02
6.916873e+00 1.570796e-02 -5.483312e-04
6.916873e+00 2.346256e-02 -1.367053e-03
6.916873e+00 3.503514e-02 -2.872975e-03
6.916873e+00 5.263151e-02 -5.985035e-03
6.916873e+00 7.314235e-02 -1.193489e-02
6.916873e+00 1.025928e-01 -1.795784e-02
6.916873e+00 1.448116e-01 -2.779672e-02
6.916873e+00 2.023460e-01 -3.444220e-02
6.916873e+00 2.834245e-01 -3.900272e-02
6.916873e+00 3.967448e-01 -3.998262e-02
6.916873e+00 5.552783e-01 -3.854812e-02
6.916873e+00 7.774819e-01 -3.427858e-02
6.916873e+00 1.088445e+00 -2.883790e-02
6.916873e+00 1.523711e+00 -2.468874e-02
6.916873e+00 2.088426e+00 -2.371723e-02
6.916873e+00 2.685505e+00 -2.250808e-02
7.075210e+00 1.570796e-02 -4.947396e-04
7.075210e+00 2.346256e-02 -1.250656e-03
7.075210e+00 3.503514e-02 -2.580386e-03
7.075210e+00 5.263151e-02 -5.399438e-03
7.075210e+00 7.314235e-02 -1.080290e-02
7.075210e+00 1.025928e-01 -1.639009e-02
7.075210e+00 1.448116e-01 -2.581955e-02
7.075210e+00 2.023460e-01 -3.285133e-02
7.075210e+00 2.834245e-01 -3.821459e-02
7.075210e+00 3.967448e-01 -3.995868e-02
7.075210e+00 5.552783e-01 -3.904748e-02
7.075210e+00 7.774819e-01 -3.511659e-02
7.075210e+00 1.088445e+00 -2.968949e-02
7.075210e+00 1.523711e+00 -2.544951e-02
7.075210e+00 2.088426e+00 -2.448420e-02
7.075210e+00 2.685505e+00 -2.302984e-02
7.236714e+00 1.570796e-02 -4.381931e-04
7.236714e+00 2.346256e-02 -1.133523e-03
7.236714e+00 3.503514e-02 -2.319845e-03
7.236714e+00 5.263151e-02 -4.863481e-03
7.236714e+00 7.314235e-02 -9.718243e-03
7.236714e+00 1.025928e-01 -1.481038e-02
7.236714e+00 1.448116e-01 -2.369831e-02
7.236714e+00 2.023460e-01 -3.091775e-02
7.236714e+00 2.834245e-01 -3.689512e-02
7.236714e+00 3.967448e-01 -3.940437e-02
7.236714e+00 5.552783e-01 -3.905993e-02
7.236714e+00 7.774819e-01 -3.551438e-02
7.236714e+00 1.088445e+00 -3.014617e-02
7.236714e+00 1.523711e+00 -2.595166e-02
7.236714e+00 2.088426e+00 -2.488944e-02
7.236714e+00 2.685505e+00 -2.319024e-02
7.401449e+00 1.570796e-02 -3.872632e-04
7.401449e+00 2.346256e-02 -1.027898e-03
7.401449e+00 3.503514e-02 -2.074633e-03
7.401449e+00 5.263151e-02 -4.366279e-03
7.401449e+00 7.314235e-02 -8.711039e-03
7.401449e+00 1.025928e-01 -1.330414e-02
7.401449e+00 1.448116e-01 -2.157930e-02
7.401449e+00 2.023460e-01 -2.875464e-02
7.401449e+00 2.834245e-01 -3.517614e-02
7.401449e+00 3.967448e-01 -3.833989e-02
7.401449e+00 5.552783e-01 -3.854380e-02
7.401449e+00 7.774819e-01 -3.546016e-02
7.401449e+00 1.088445e+00 -3.035835e-02
7.401449e+00 1.523711e+00 -2.617091e-02
7.401449e+00 2.088426e+00 -2.511940e-02
7.401449e+00 2.685505e+00 -2.333646e-02
7.569477e+00 1.570796e-02 -3.398024e-04
7.569477e+00 2.346256e-02 -9.344121e-04
7.569477e+00 3.503514e-02 -1.854629e-03
7.569477e+00 5.263151e-02 -3.897467e-03
7.569477e+00 7.314235e-02 -7.802007e-03
7.569477e+00 1.025928e-01 -1.189942e-02
7.569477e+00 1.448116e-01 -1.953036e-02
7.569477e+00 2.023460e-01 -2.650808e-02
7.569477e+00 2.834245e-01 -3.318881e-02
7.569477e+00 3.967448e-01 -3.691722e-02
7.569477e+00 5.552783e-01 -3.760728e-02
7.569477e+00 7.774819e-01 -3.508075e-02
7.569477e+00 1.088445e+00 -3.026930e-02
7.569477e+00 1.523711e+00 -2.629362e-02
7.569477e+00 2.088426e+00 -2.518360e-02
7.569477e+00 2.685505e+00 -2.324842e-02
7.740867e+00 1.570796e-02 -2.976507e-04
7.740867e+00 2.346256e-02 -8.441101e-04
7.740867e+00 3.503514e-02 -1.657314e-03
7.740867e+00 5.263151e-02 -3.474038e-03
7.740867e+00 7.314235e-02 -6.949553e-03
7.740867e+00 1.025928e-01 -1.059814e-02
7.740867e+00 1.448116e-01 -1.753029e-02
7.740867e+00 2.023460e-01 -2.420560e-02
7.740867e+00 2.834245e-01 -3.092983e-02
7.740867e+00 3.967448e-01 -3.509508e-02
7.740867e+00 5.552783e-01 -3.634143e-02
7.740867e+00 7.774819e-01 -3.425228e-02
7.740867e+00 1.088445e+00 -2.986570e-02
7.740867e+00 1.523711e+00 -2.612991e-02
7.740867e+00 2.088426e+00 -2.509902e-02
7.740867e+00 2.685505e+00 -2.306186e-02
7.915684e+00 1.570796e-02 -2.632788e-04
7.915684e+00 2.346256e-02 -7.567682e-04
7.915684e+00 3.503514e-02 -1.476875e-03
7.915684e+00 5.263151e-02 -3.086377e-03
7.915684e+00 7.314235e-02 -6.178354e-03
7.915684e+00 1.025928e-01 -9.426311e-03
7.915684e+00 1.448116e-01 -1.567216e-02
7.915684e+00 2.023460e-01 -2.193746e-02
7.915684e+00 2.834245e-01 -2.852488e-02
7.915684e+00 3.967448e-01 -3.299008e-02
7.915684e+00 5.552783e-01 -3.468840e-02
7.915684e+00 7.774819e-01 -3.314012e-02
7.915684e+00 1.088445e+00 -2.924098e-02
7.915684e+00 1.523711e+00 -2.571807e-02
7.915684e+00 2.088426e+00 -2.474589e-02
7.915684e+00 2.685505e+00 -2.266629e-02
8.093998e+00 1.570796e-02 -2.325635e-04
8.093998e+00 2.346256e-02 -6.736272e-04
8.093998e+00 3.503514e-02 -1.314827e-03
8.093998e+00 5.263151e-02 -2.737785e-03
8.093998e+00 7.314235e-02 -5.475700e-03
8.093998e+00 1.025928e-01 -8.380276e-03
8.093998e+00 1.448116e-01 -1.396004e-02
8.093998e+00 2.023460e-01 -1.974531e-02
8.093998e+00 2.834245e-01 -2.607737e-02
8.093998e+00 3.967448e-01 -3.072317e-02
8.093998e+00 5.552783e-01 -3.280045e-02
8.093998e+00 7.774819e-01 -3.174630e-02
8.093998e+00 1.088445e+00 -2.831948e-02
8.093998e+00 1.523711e+00 -2.520919e-02
8.093998e+00 2.088426e+00 -2.421131e-02
8.093998e+00 2.685505e+00 -2.209277e-02
8.275878e+00 1.570796e-02 -2.060297e-04
8.275878e+00 2.346256e-02 -5.966941e-04
8.275878e+00 3.503514e-02 -1.170319e-03
8.275878e+00 5.263151e-02 -2.423220e-03
8.275878e+00 7.314235e-02 -4.846900e-03
8.275878e+00 1.025928e-01 -7.439997e-03
8.275878e+00 1.448116e-01 -1.240795e-02
8.275878e+00 2.023460e-01 -1.766765e-02
8.275878e+00 2.834245e-01 -2.363655e-02
8.275878e+00 3.967448e-01 -2.831744e-02
8.275878e+00 5.552783e-01 -3.073837e-02
8.275878e+00 7.774819e-01 -3.017417e-02
8.275878e+00 1.088445e+00 -2.722318e-02
8.275878e+00 1.523711e+00 -2.446807e-02
8.275878e+00 2.088426e+00 -2.364079e-02
8.275878e+00 2.685505e+00 -2.142299e-02
8.461396e+00 1.570796e-02 -1.820938e-04
8.461396e+00 2.346256e-02 -5.318565e-04
8.461396e+00 3.503514e-02 -1.042493e-03
8.461396e+00 5.263151e-02 -2.138292e-03
8.461396e+00 7.314235e-02 -4.281831e-03
8.461396e+00 1.025928e-01 -6.589052e-03
8.461396e+00 1.448116e-01 -1.097955e-02
8.461396e+00 2.023460e-01 -1.571475e-02
8.461396e+00 2.834245e-01 -2.126789e-02
8.461396e+00 3.967448e-01 -2.586909e-02
8.461396e+00 5.552783e-01 -2.857229e-02
8.461396e+00 7.774819e-01 -2.843637e-02
8.461396e+00 1.088445e+00 -2.597129e-02
8.461396e+00 1.523711e+00 -2.364275e-02
8.461396e+00 2.088426e+00 -2.295231e-02
8.461396e+00 2.685505e+00 -2.067516e-02
8.650623e+00 1.570796e-02 -1.618065e-04
8.650623e+00 2.346256e-02 -4.686914e-04
8.650623e+00 3.503514e-02 -9.241953e-04
8.650623e+00 5.263151e-02 -1.882770e-03
8.650623e+00 7.314235e-02 -3.770301e-03
8.650623e+00 1.025928e-01 -5.810789e-03
8.650623e+00 1.448116e-01 -9.673404e-03
8.650623e+00 2.023460e-01 -1.389622e-02
8.650623e+00 2.834245e-01 -1.901413e-02
8.650623e+00 3.967448e-01 -2.345920e-02
8.650623e+00 5.552783e-01 -2.633928e-02
8.650623e+00 7.774819e-01 -2.659014e-02
8.650623e+00 1.088445e+00 -2.465404e-02
8.650623e+00 1.523711e+00 -2.267314e-02
8.650623e+00 2.088426e+00 -2.209328e-02
8.650623e+00 2.685505e+00 -1.974446e-02
8.843636e+00 1.570796e-02 -1.424500e-04
8.843636e+00 2.346256e-02 -4.087438e-04
8.843636e+00 3.503514e-02 -8.143699e-04
8.843636e+00 5.263151e-02 -1.648018e-03
8.843636e+00 7.314235e-02 -3.309373e-03
8.843636e+00 1.025928e-01 -5.096895e-03
8.843636e+00 1.448116e-01 -8.483095e-03
8.843636e+00 2.023460e-01 -1.222937e-02
8.843636e+00 2.834245e-01 -1.689877e-02
8.843636e+00 3.967448e-01 -2.112791e-02
8.843636e+00 5.552783e-01 -2.408324e-02
8.843636e+00 7.774819e-01 -2.465617e-02
8.843636e+00 1.088445e+00 -2.319555e-02
8.843636e+00 1.523711e+00 -2.161395e-02
8.843636e+00 2.088426e+00 -2.114049e-02
8.843636e+00 2.685505e+00 -1.882197e-02
9.040509e+00 1.570796e-02 -1.263158e-04
9.040509e+00 2.346256e-02 -3.527918e-04
9.040509e+00 3.503514e-02 -7.134924e-04
9.040509e+00 5.263151e-02 -1.443665e-03
9.040509e+00 7.314235e-02 -2.894900e-03
9.040509e+00 1.025928e-01 -4.446763e-03
9.040509e+00 1.448116e-01 -7.416221e-03
9.040509e+00 2.023460e-01 -1.071486e-02
9.040509e+00 2.834245e-01 -1.492634e-02
9.040509e+00 3.967448e-01 -1.891134e-02
9.040509e+00 5.552783e-01 -2.187566e-02
9.040509e+00 7.774819e-01 -2.270739e-02
9.040509e+00 1.088445e+00 -2.165059e-02
9.040509e+00 1.523711e+00 -2.043781e-02
9.040509e+00 2.088426e+00 -2.008860e-02
9.040509e+00 2.685505e+00 -1.778434e-02
9.241319e+00 1.570796e-02 -1.099735e-04
9.241319e+00 2.346256e-02 -3.046684e-04
9.241319e+00 3.503514e-02 -6.212288e-04
9.241319e+00 5.263151e-02 -1.257876e-03
9.241319e+00 7.314235e-02 -2.522939e-03
9.241319e+00 1.025928e-01 -3.871439e-03
9.241319e+00 1.448116e-01 -6.456727e-03
9.241319e+00 2.023460e-01 -9.371383e-03
9.241319e+00 2.834245e-01 -1.311662e-02
9.241319e+00 3.967448e-01 -1.680237e-02
9.241319e+00 5.552783e-01 -1.969528e-02
9.241319e+00 7.774819e-01 -2.074198e-02
9.241319e+00 1.088445e+00 -2.007525e-02
9.241319e+00 1.523711e+00 -1.916806e-02
9.241319e+00 2.088426e+00 -1.895452e-02
9.241319e+00 2.685505e+00 -1.668798e-02
9.446145e+00 1.570796e-02 -9.618559e-05
9.446145e+00 2.346256e-02 -2.618832e-04
9.446145e+00 3.503514e-02 -5.391335e-04
9.446145e+00 5.263151e-02 -1.092915e-03
9.446145e+00 7.314235e-02 -2.188418e-03
9.446145e+00 1.025928e-01 -3.362865e-03
9.446145e+00 1.448116e-01 -5.601931e-03
9.446145e+00 2.023460e-01 -8.149231e-03
9.446145e+00 2.834245e-01 -1.147724e-02
9.446145e+00 3.967448e-01 -1.485435e-02
9.446145e+00 5.552783e-01 -1.762496e-02
9.446145e+00 7.774819e-01 -1.882655e-02
9.446145e+00 1.088445e+00 -1.846997e-02
9.446145e+00 1.523711e+00 -1.788162e-02
9.446145e+00 2.088426e+00 -1.776575e-02
9.446145e+00 2.685505e+00 -1.555106e-02
9.655068e+00 1.570796e-02 -8.265904e-05
9.655068e+00 2.346256e-02 -2.247455e-04
9.655068e+00 3.503514e-02 -4.644171e-04
9.655068e+00 5.263151e-02 -9.406408e-04
9.655068e+00 7.314235e-02 -1.885704e-03
9.655068e+00 1.025928e-01 -2.906623e-03
9.655068e+00 1.448116e-01 -4.825097e-03
9.655068e+00 2.023460e-01 -7.047938e-03
9.655068e+00 2.834245e-01 -9.963243e-03
9.655068e+00 3.967448e-01 -1.302133e-02
9.655068e+00 5.552783e-01 -1.563358e-02
9.655068e+00 7.774819e-01 -1.694138e-02
9.655068e+00 1.088445e+00 -1.687365e-02
9.655068e+00 1.523711e+00 -1.662533e-02
9.655068e+00 2.088426e+00 -1.667254e-02
9.655068e+00 2.685505e+00 -1.461332e-02
9.868170e+00 1.570796e-02 -7.164292e-05
9.868170e+00 2.346256e-02 -1.938161e-04
9.868170e+00 3.503514e-02 -3.986496e-04
9.868170e+00 5.263151e-02 -8.120069e-04
9.868170e+00 7.314235e-02 -1.622801e-03
9.868170e+00 1.025928e-01 -2.500866e-03
9.868170e+00 1.448116e-01 -4.147030e-03
9.868170e+00 2.023460e-01 -6.078134e-03
9.868170e+00 2.834245e-01 -8.617448e-03
9.868170e+00 3.967448e-01 -1.135056e-02
9.868170e+00 5.552783e-01 -1.377221e-02
9.868170e+00 7.774819e-01 -1.515028e-02
9.868170e+00 1.088445e+00 -1.532290e-02
9.868170e+00 1.523711e+00 -1.531741e-02
9.868170e+00 2.088426e+00 -1.548236e-02
9.868170e+00 2.685505e+00 -1.359326e-02
1.008553e+01 1.570796e-02 -6.130763e-05
1.008553e+01 2.346256e-02 -1.659107e-04
1.008553e+01 3.503514e-02 -3.424463e-04
1.008553e+01 5.263151e-02 -6.959187e-04
1.008553e+01 7.314235e-02 -1.387350e-03
1.008553e+01 1.025928e-01 -2.143301e-03
1.008553e+01 1.448116e-01 -3.547016e-03
1.008553e+01 2.023460e-01 -5.216644e-03
1.008553e+01 2.834245e-01 -7.425544e-03
1.008553e+01 3.967448e-01 -9.832560e-03
1.008553e+01 5.552783e-01 -1.205415e-02
1.008553e+01 7.774819e-01 -1.343010e-02
1.008553e+01 1.088445e+00 -1.380194e-02
1.008553e+01 1.523711e+00 -1.400109e-02
1.008553e+01 2.088426e+00 -1.427312e-02
1.008553e+01 2.685505e+00 -1.253055e-02
1.030724e+01 1.570796e-02 -5.227341e-05
1.030724e+01 2.346256e-02 -1.408094e-04
1.030724e+01 3.503514e-02 -2.907156e-04
1.030724e+01 5.263151e-02 -5.937914e-04
1.030724e+01 7.314235e-02 -1.182300e-03
1.030724e+01 1.025928e-01 -1.826916e-03
1.030724e+01 1.448116e-01 -3.022525e-03
1.030724e+01 2.023460e-01 -4.456891e-03
1.030724e+01 2.834245e-01 -6.353377e-03
1.030724e+01 3.967448e-01 -8.465278e-03
1.030724e+01 5.552783e-01 -1.047163e-02
1.030724e+01 7.774819e-01 -1.182779e-02
1.030724e+01 1.088445e+00 -1.234361e-02
1.030724e+01 1.523711e+00 -1.269731e-02
1.030724e+01 2.088426e+00 -1.312284e-02
1.030724e+01 2.685505e+00 -1.152622e-02
1.053339e+01 1.570796e-02 -4.473600e-05
1.053339e+01 2.346256e-02 -1.162552e-04
1.053339e+01 3.503514e-02 -2.472733e-04
1.053339e+01 5.263151e-02 -5.038557e-04
1.053339e+01 7.314235e-02 -1.003011e-03
1.053339e+01 1.025928e-01 -1.554885e-03
1.053339e+01 1.448116e-01 -2.562403e-03
1.053339e+01 2.023460e-01 -3.789767e-03
1.053339e+01 2.834245e-01 -5.411070e-03
1.053339e+01 3.967448e-01 -7.249700e-03
1.053339e+01 5.552783e-01 -9.033595e-03
1.053339e+01 7.774819e-01 -1.034535e-02
1.053339e+01 1.088445e+00 -1.098219e-02
1.053339e+01 1.523711e+00 -1.149704e-02
1.053339e+01 2.088426e+00 -1.199255e-02
1.053339e+01 2.685505e+00 -1.052020e-02
1.076406e+01 1.570796e-02 -3.835219e-05
1.076406e+01 2.346256e-02 -9.610853e-05
1.076406e+01 3.503514e-02 -2.089128e-04
1.076406e+01 5.263151e-02 -4.256069e-04
1.076406e+01 7.314235e-02 -8.444701e-04
1.076406e+01 1.025928e-01 -1.314960e-03
1.076406e+01 1.448116e-01 -2.164956e-03
1.076406e+01 2.023460e-01 -3.208063e-03
1.076406e+01 2.834245e-01 -4.583718e-03
1.076406e+01 3.967448e-01 -6.166608e-03
1.076406e+01 5.552783e-01 -7.745371e-03
1.076406e+01 7.774819e-01 -8.984700e-03
1.076406e+01 1.088445e+00 -9.690816e-03
1.076406e+01 1.523711e+00 -1.032894e-02
1.076406e+01 2.088426e+00 -1.089724e-02
1.076406e+01 2.685505e+00 -9.570628e-03
1.099934e+01 1.570796e-02 -3.223975e-05
1.099934e+01 2.346256e-02 -8.041748e-05
1.099934e+01 3.503514e-02 -1.751338e-04
1.099934e+01 5.263151e-02 -3.559160e-04
1.099934e+01 7.314235e-02 -7.091338e-04
1.099934e+01 1.025928e-01 -1.108154e-03
1.099934e+01 1.448116e-01 -1.818050e-03
1.099934e+01 2.023460e-01 -2.696280e-03
1.099934e+01 2.834245e-01 -3.859567e-03
1.099934e+01 3.967448e-01 -5.214094e-03
1.099934e+01 5.552783e-01 -6.590982e-03
1.099934e+01 7.774819e-01 -7.750648e-03
1.099934e+01 1.088445e+00 -8.499698e-03
1.099934e+01 1.523711e+00 -9.218341e-03
1.099934e+01 2.088426e+00 -9.824283e-03
1.099934e+01 2.685505e+00 -8.650894e-03
1.123932e+01 1.570796e-02 -2.718909e-05
1.123932e+01 2.346256e-02 -6.627477e-05
1.123932e+01 3.503514e-02 -1.467805e-04
1.123932e+01 5.263151e-02 -2.969407e-04
1.123932e+01 7.314235e-02 -5.916441e-04
1.123932e+01 1.025928e-01 -9.259179e-04
1.123932e+01 1.448116e-01 -1.515859e-03
1.123932e+01 2.023460e-01 -2.256506e-03
1.123932e+01 2.834245e-01 -3.236216e-03
1.123932e+01 3.967448e-01 -4.379669e-03
1.123932e+01 5.552783e-01 -5.576519e-03
1.123932e+01 7.774819e-01 -6.646721e-03
1.123932e+01 1.088445e+00 -7.404706e-03
1.123932e+01 1.523711e+00 -8.170262e-03
1.123932e+01 2.088426e+00 -8.804401e-03
1.123932e+01 2.685505e+00 -7.803783e-03
1.148411e+01 1.570796e-02 -2.271713e-05
1.148411e+01 2.346256e-02 -5.409129e-05
1.148411e+01 3.503514e-02 -1.214394e-04
1.148411e+01 5.263151e-02 -2.471515e-04
1.148411e+01 7.314235e-02 -4.912228e-04
1.148411e+01 1.025928e-01 -7.691667e-04
1.148411e+01 1.448116e-01 -1.256432e-03
1.148411e+01 2.023460e-01 -1.881018e-03
1.148411e+01 2.834245e-01 -2.696868e-03
1.148411e+01 3.967448e-01 -3.654814e-03
1.148411e+01 5.552783e-01 -4.692790e-03
1.148411e+01 7.774819e-01 -5.662712e-03
1.148411e+01 1.088445e+00 -6.413172e-03
1.148411e+01 1.523711e+00 -7.192549e-03
1.148411e+01 2.088426e+00 -7.844582e-03
1.148411e+01 2.685505e+00 -6.965675e-03
1.173379e+01 1.570796e-02 -1.886359e-05
1.173379e+01 2.346256e-02 -4.432984e-05
1.173379e+01 3.503514e-02 -1.005288e-04
1.173379e+01 5.263151e-02 -2.036952e-04
1.173379e+01 7.314235e-02 -4.057597e-04
1.173379e+01 1.025928e-01 -6.339301e-04
1.173379e+01 1.448116e-01 -1.037412e-03
1.173379e+01 2.023460e-01 -1.555230e-03
1.173379e+01 2.834245e-01 -2.234665e-03
1.173379e+01 3.967448e-01 -3.033200e-03
1.173379e+01 5.552783e-01 -3.917938e-03
1.173379e+01 7.774819e-01 -4.798402e-03
1.173379e+01 1.088445e+00 -5.513642e-03
1.173379e+01 1.523711e+00 -6.276984e-03
1.173379e+01 2.088426e+00 -6.924573e-03
1.173379e+01 2.685505e+00 -6.196184e-03
1.198847e+01 1.570796e-02 -1.559552e-05
1.198847e+01 2.346256e-02 -3.662031e-05
1.198847e+01 3.503514e-02 -8.223881e-05
1.198847e+01 5.263151e-02 -1.673743e-04
1.198847e+01 7.314235e-02 -3.323601e-04
1.198847e+01 1.025928e-01 -5.212563e-04
1.198847e+01 1.448116e-01 -8.529424e-04
1.198847e+01 2.023460e-01 -1.278233e-03
1.198847e+01 2.834245e-01 -1.835314e-03
1.198847e+01 3.967448e-01 -2.501183e-03
1.198847e+01 5.552783e-01 -3.255694e-03
1.198847e+01 7.774819e-01 -4.033923e-03
1.198847e+01 1.088445e+00 -4.707319e-03
1.198847e+01 1.523711e+00 -5.447769e-03
1.198847e+01 2.088426e+00 -6.082747e-03
1.198847e+01 2.685505e+00 -5.481546e-03
1.224824e+01 1.570796e-02 -1.285675e-05
1.224824e+01 2.346256e-02 -2.928974e-05
1.224824e+01 3.503514e-02 -6.645518e-05
1.224824e+01 5.263151e-02 -1.365491e-04
1.224824e+01 7.314235e-02 -2.707334e-04
1.224824e+01 1.025928e-01 -4.231850e-04
1.224824e+01 1.448116e-01 -6.960284e-04
1.224824e+01 2.023460e-01 -1.043609e-03
1.224824e+01 2.834245e-01 -1.499992e-03
1.224824e+01 3.967448e-01 -2.048944e-03
1.224824e+01 5.552783e-01 -2.688890e-03
1.224824e+01 7.774819e-01 -3.363425e-03
1.224824e+01 1.088445e+00 -3.995663e-03
1.224824e+01 1.523711e+00 -4.705472e-03
1.224824e+01 2.088426e+00 -5.323778e-03
1.224824e+01 2.685505e+00 -4.812973e-03
1.251320e+01 1.570796e-02 -1.043805e-05
1.251320e+01 2.346256e-02 -2.369726e-05
1.251320e+01 3.503514e-02 -5.406211e-05
1.251320e+01 5.263151e-02 -1.110183e-04
1.251320e+01 7.314235e-02 -2.192503e-04
1.251320e+01 1.025928e-01 -3.426368e-04
1.251320e+01 1.448116e-01 -5.634856e-04
1.251320e+01 2.023460e-01 -8.502413e-04
1.251320e+01 2.834245e-01 -1.220691e-03
1.251320e+01 3.967448e-01 -1.670594e-03
1.251320e+01 5.552783e-01 -2.204735e-03
1.251320e+01 7.774819e-01 -2.793517e-03
1.251320e+01 1.088445e+00 -3.365985e-03
1.251320e+01 1.523711e+00 -4.043589e-03
1.251320e+01 2.088426e+00 -4.607988e-03
1.251320e+01 2.685505e+00 -4.187984e-03
1.278347e+01 1.570796e-02 -8.419373e-06
1.278347e+01 2.346256e-02 -1.927528e-05
1.278347e+01 3.503514e-02 -4.358353e-05
1.278347e+01 5.263151e-02 -8.950337e-05
1.278347e+01 7.314235e-02 -1.762434e-04
1.278347e+01 1.025928e-01 -2.757203e-04
1.278347e+01 1.448116e-01 -4.534562e-04
1.278347e+01 2.023460e-01 -6.867182e-04
1.278347e+01 2.834245e-01 -9.851985e-04
1.278347e+01 3.967448e-01 -1.352353e-03
1.278347e+01 5.552783e-01 -1.793223e-03
1.278347e+01 7.774819e-01 -2.301433e-03
1.278347e+01 1.088445e+00 -2.818625e-03
1.278347e+01 1.523711e+00 -3.447954e-03
1.278347e+01 2.088426e+00 -3.974574e-03
1.278347e+01 2.685505e+00 -3.632704e-03
1.305914e+01 1.570796e-02 -6.855355e-06
1.305914e+01 2.346256e-02 -1.528545e-05
1.305914e+01 3.503514e-02 -3.502276e-05
1.305914e+01 5.263151e-02 -7.247533e-05
1.305914e+01 7.314235e-02 -1.414471e-04
1.305914e+01 1.025928e-01 -2.211527e-04
1.305914e+01 1.448116e-01 -3.629968e-04
1.305914e+01 2.023460e-01 -5.523553e-04
1.305914e+01 2.834245e-01 -7.906327e-04
1.305914e+01 3.967448e-01 -1.089744e-03
1.305914e+01 5.552783e-01 -1.456017e-03
1.305914e+01 7.774819e-01 -1.885709e-03
1.305914e+01 1.088445e+00 -2.346725e-03
1.305914e+01 1.523711e+00 -2.917030e-03
1.305914e+01 2.088426e+00 -3.394677e-03
1.305914e+01 2.685505e+00 -3.119005e-03
1.334032e+01 1.570796e-02 -5.489575e-06
1.334032e+01 2.346256e-02 -1.182967e-05
1.334032e+01 3.503514e-02 -2.788346e-05
1.334032e+01 5.263151e-02 -5.744842e-05
1.334032e+01 7.314235e-02 -1.127938e-04
1.334032e+01 1.025928e-01 -1.761433e-04
1.334032e+01 1.448116e-01 -2.904768e-04
1.334032e+01 2.023460e-01 -4.416791e-04
1.334032e+01 2.834245e-01 -6.309539e-04
1.334032e+01 3.967448e-01 -8.748374e-04
1.334032e+01 5.552783e-01 -1.173431e-03
1.334032e+01 7.774819e-01 -1.533703e-03
1.334032e+01 1.088445e+00 -1.944257e-03
1.334032e+01 1.523711e+00 -2.450981e-03
1.334032e+01 2.088426e+00 -2.887113e-03
1.334032e+01 2.685505e+00 -2.673655e-03
1.362713e+01 1.570796e-02 -4.476926e-06
1.362713e+01 2.346256e-02 -9.194790e-06
1.362713e+01 3.503514e-02 -2.199742e-05
1.362713e+01 5.263151e-02 -4.516607e-05
1.362713e+01 7.314235e-02 -8.882558e-05
1.362713e+01 1.025928e-01 -1.388267e-04
1.362713e+01 1.448116e-01 -2.302328e-04
1.362713e+01 2.023460e-01 -3.508271e-04
1.362713e+01 2.834245e-01 -5.003882e-04
1.362713e+01 3.967448e-01 -6.956951e-04
1.362713e+01 5.552783e-01 -9.391859e-04
1.362713e+01 7.774819e-01 -1.233488e-03
1.362713e+01 1.088445e+00 -1.594746e-03
1.362713e+01 1.523711e+00 -2.036194e-03
1.362713e+01 2.088426e+00 -2.421783e-03
1.362713e+01 2.685505e+00 -2.255468e-03
1.391967e+01 1.570796e-02 -3.570112e-06
1.391967e+01 2.346256e-02 -6.956634e-06
1.391967e+01 3.503514e-02 -1.707691e-05
1.391967e+01 5.263151e-02 -3.492221e-05
1.391967e+01 7.314235e-02 -6.950648e-05
1.391967e+01 1.025928e-01 -1.091726e-04
1.391967e+01 1.448116e-01 -1.806460e-04
1.391967e+01 2.023460e-01 -2.745819e-04
1.391967e+01 2.834245e-01 -3.913534e-04
1.391967e+01 3.967448e-01 -5.483404e-04
1.391967e+01 5.552783e-01 -7.415600e-04
1.391967e+01 7.774819e-01 -9.825530e-04
1.391967e+01 1.088445e+00 -1.287793e-03
1.391967e+01 1.523711e+00 -1.671227e-03
1.391967e+01 2.088426e+00 -2.000553e-03
1.391967e+01 2.685505e+00 -1.871922e-03
1.421806e+01 1.570796e-02 -2.859160e-06
1.421806e+01 2.346256e-02 -5.389638e-06
1.421806e+01 3.503514e-02 -1.353992e-05
1.421806e+01 5.263151e-02 -2.688604e-05
1.421806e+01 7.314235e-02 -5.397331e-05
1.421806e+01 1.025928e-01 -8.452229e-05
1.421806e+01 1.448116e-01 -1.405498e-04
1.421806e+01 2.023460e-01 -2.136020e-04
1.421806e+01 2.834245e-01 -3.051771e-04
1.421806e+01 3.967448e-01 -4.269206e-04
1.421806e+01 5.552783e-01 -5.822589e-04
1.421806e+01 7.774819e-01 -7.788964e-04
1.421806e+01 1.088445e+00 -1.031046e-03
1.421806e+01 1.523711e+00 -1.361665e-03
1.421806e+01 2.088426e+00 -1.648157e-03
1.421806e+01 2.685505e+00 -1.539152e-03
1.452242e+01 1.570796e-02 -2.317994e-06
1.452242e+01 2.346256e-02 -4.262940e-06
1.452242e+01 3.503514e-02 -1.058353e-05
1.452242e+01 5.263151e-02 -2.090361e-05
1.452242e+01 7.314235e-02 -4.179417e-05
1.452242e+01 1.025928e-01 -6.506366e-05
1.452242e+01 1.448116e-01 -1.089341e-04
1.452242e+01 2.023460e-01 -1.663614e-04
1.452242e+01 2.834245e-01 -2.367851e-04
1.452242e+01 3.967448e-01 -3.316672e-04
1.452242e+01 5.552783e-01 -4.556043e-04
1.452242e+01 7.774819e-01 -6.121013e-04
1.452242e+01 1.088445e+00 -8.220821e-04
1.452242e+01 1.523711e+00 -1.100523e-03
1.452242e+01 2.088426e+00 -1.341116e-03
1.452242e+01 2.685505e+00 -1.229389e-03
1.483287e+01 1.570796e-02 -1.743793e-06
1.483287e+01 2.346256e-02 -3.154333e-06
1.483287e+01 3.503514e-02 -8.195252e-06
1.483287e+01 5.263151e-02 -1.590574e-05
1.483287e+01 7.314235e-02 -3.206597e-05
1.483287e+01 1.025928e-01 -4.974440e-05
1.483287e+01 1.448116e-01 -8.347339e-05
1.483287e+01 2.023460e-01 -1.284898e-04
1.483287e+01 2.834245e-01 -1.823717e-04
1.483287e+01 3.967448e-01 -2.558904e-04
1.483287e+01 5.552783e-01 -3.536293e-04
1.483287e+01 7.774819e-01 -4.776631e-04
1.483287e+01 1.088445e+00 -6.487818e-04
1.483287e+01 1.523711e+00 -8.769026e-04
1.483287e+01 2.088426e+00 -1.076383e-03
1.483287e+01 2.685505e+00 -9.914667e-04
1.514953e+01 1.570796e-02 -1.366818e-06
1.514953e+01 2.346256e-02 -2.430814e-06
1.514953e+01 3.503514e-02 -6.326426e-06
1.514953e+01 5.263151e-02 -1.206828e-05
1.514953e+01 7.314235e-02 -2.363932e-05
1.514953e+01 1.025928e-01 -3.683789e-05
1.514953e+01 1.448116e-01 -6.308984e-05
1.514953e+01 2.023460e-01 -9.683589e-05
1.514953e+01 2.834245e-01 -1.371169e-04
1.514953e+01 3.967448e-01 -1.940459e-04
1.514953e+01 5.552783e-01 -2.679836e-04
1.514953e+01 7.774819e-01 -3.663627e-04
1.514953e+01 1.088445e+00 -5.012269e-04
1.514953e+01 1.523711e+00 -6.859439e-04
1.514953e+01 2.088426e+00 -8.505471e-04
1.514953e+01 2.685505e+00 -7.864630e-04
1.547252e+01 1.570796e-02 -1.023013e-06
1.547252e+01 2.346256e-02 -1.726208e-06
1.547252e+01 3.503514e-02 -4.735290e-06
1.547252e+01 5.263151e-02 -9.018979e-06
1.547252e+01 7.314235e-02 -1.758754e-05
1.547252e+01 1.025928e-01 -2.693359e-05
1.547252e+01 1.448116e-01 -4.709999e-05
1.547252e+01 2.023460e-01 -7.201494e-05
1.547252e+01 2.834245e-01 -1.027201e-04
1.547252e+01 3.967448e-01 -1.452680e-04
1.547252e+01 5.552783e-01 -2.003146e-04
1.547252e+01 7.774819e-01 -2.768083e-04
1.547252e+01 1.088445e+00 -3.819384e-04
1.547252e+01 1.523711e+00 -5.281223e-04
1.547252e+01 2.088426e+00 -6.595494e-04
1.547252e+01 2.685505e+00 -6.125101e-04
1.580197e+01 1.570796e-02 -7.900047e-07
1.580197e+01 2.346256e-02 -1.216863e-06
1.580197e+01 3.503514e-02 -3.593090e-06
1.580197e+01 5.263151e-02 -6.569110e-06
1.580197e+01 7.314235e-02 -1.297601e-05
1.580197e+01 1.025928e-01 -1.988415e-05
1.580197e+01 1.448116e-01 -3.456988e-05
1.580197e+01 2.023460e-01 -5.336743e-05
1.580197e+01 2.834245e-01 -7.551224e-05
1.580197e+01 3.967448e-01 -1.072961e-04
1.580197e+01 5.552783e-01 -1.493176e-04
1.580197e+01 7.774819e-01 -2.077598e-04
1.580197e+01 1.088445e+00 -2.876781e-04
1.580197e+01 1.523711e+00 -4.002087e-04
1.580197e+01 2.088426e+00 -5.026448e-04
1.580197e+01 2.685505e+00 -4.714091e-04
1.613801e+01 1.570796e-02 -5.962027e-07
1.613801e+01 2.346256e-02 -7.776761e-07
1.613801e+01 3.503514e-02 -2.627636e-06
1.613801e+01 5.263151e-02 -4.675312e-06
1.613801e+01 7.314235e-02 -9.130987e-06
1.613801e+01 1.025928e-01 -1.438173e-05
1.613801e+01 1.448116e-01 -2.490766e-05
1.613801e+01 2.023460e-01 -3.809160e-05
1.613801e+01 2.834245e-01 -5.444540e-05
1.613801e+01 3.967448e-01 -7.774907e-05
1.613801e+01 5.552783e-01 -1.084763e-04
1.613801e+01 7.774819e-01 -1.526818e-04
1.613801e+01 1.088445e+00 -2.112529e-04
1.613801e+01 1.523711e+00 -2.952597e-04
1.613801e+01 2.088426e+00 -3.750741e-04
1.613801e+01 2.685505e+00 -3.568544e-04
1.648077e+01 1.570796e-02 -4.177440e-07
1.648077e+01 2.346256e-02 -4.925968e-07
1.648077e+01 3.503514e-02 -1.816224e-06
1.648077e+01 5.263151e-02 -3.470207e-06
1.648077e+01 7.314235e-02 -6.510849e-06
1.648077e+01 1.025928e-01 -1.018238e-05
1.648077e+01 1.448116e-01 -1.758404e-05
1.648077e+01 2.023460e-01 -2.682582e-05
1.648077e+01 2.834245e-01 -3.846884e-05
1.648077e+01 3.967448e-01 -5.541759e-05
1.648077e+01 5.552783e-01 -7.751852e-05
1.648077e+01 7.774819e-01 -1.105226e-04
1.648077e+01 1.088445e+00 -1.538046e-04
1.648077e+01 1.523711e+00 -2.172050e-04
1.648077e+01 2.088426e+00 -2.773427e-04
1.648077e+01 2.685505e+00 -2.669969e-04
1.683038e+01 1.570796e-02 -3.159966e-07
1.683038e+01 2.346256e-02 -3.439455e-07
1.683038e+01 3.503514e-02 -1.263820e-06
1.683038e+01 5.263151e-02 -2.532508e-06
1.683038e+01 7.314235e-02 -4.647831e-06
1.683038e+01 1.025928e-01 -7.018528e-06
1.683038e+01 1.448116e-01 -1.245309e-05
1.683038e+01 2.023460e-01 -1.931135e-05
1.683038e+01 2.834245e-01 -2.731773e-05
1.683038e+01 3.967448e-01 -3.930738e-05
1.683038e+01 5.552783e-01 -5.558387e-05
1.683038e+01 7.774819e-01 -8.028993e-05
1.683038e+01 1.088445e+00 -1.119365e-04
1.683038e+01 1.523711e+00 -1.577892e-04
1.683038e+01 2.088426e+00 -2.032811e-04
1.683038e+01 2.685505e+00 -1.962360e-04
1.718699e+01 1.570796e-02 -2.260739e-07
1.718699e+01 2.346256e-02 -2.332495e-07
1.718699e+01 3.503514e-02 -8.925184e-07
1.718699e+01 5.263151e-02 -1.765201e-06
1.718699e+01 7.314235e-02 -3.200130e-06
1.718699e+01 1.025928e-01 -4.752771e-06
1.718699e+01 1.448116e-01 -8.668487e-06
1.718699e+01 2.023460e-01 -1.351920e-05
1.718699e+01 2.834245e-01 -1.894713e-05
1.718699e+01 3.967448e-01 -2.767449e-05
1.718699e+01 5.552783e-01 -3.892945e-05
1.718699e+01 7.774819e-01 -5.724425e-05
1.718699e+01 1.088445e+00 -7.975766e-05
1.718699e+01 1.523711e+00 -1.129583e-04
1.718699e+01 2.088426e+00 -1.450873e-04
1.718699e+01 2.685505e+00 -1.405742e-04
1.755073e+01 1.570796e-02 -1.637768e-07
1.755073e+01 2.346256e-02 -1.468320e-07
1.755073e+01 3.503514e-02 -5.929250e-07
1.755073e+01 5.263151e-02 -1.185065e-06
1.755073e+01 7.314235e-02 -2.173842e-06
1.755073e+01 1.025928e-01 -3.132771e-06
1.755073e+01 1.448116e-01 -5.878830e-06
1.755073e+01 2.023460e-01 -9.408164e-06
1.755073e+01 2.834245e-01 -1.276708e-05
1.755073e+01 3.967448e-01 -1.887776e-05
1.755073e+01 5.552783e-01 -2.705037e-05
1.755073e+01 7.774819e-01 -3.940053e-05
1.755073e+01 1.088445e+00 -5.491908e-05
1.755073e+01 1.523711e+00 -7.836452e-05
1.755073e+01 2.088426e+00 -1.021563e-04
1.755073e+01 2.685505e+00 -1.003016e-04
1.792175e+01 1.570796e-02 -1.202734e-07
1.792175e+01 2.346256e-02 -9.011727e-08
1.792175e+01 3.503514e-02 -4.100804e-07
1.792175e+01 5.263151e-02 -7.523831e-07
1.792175e+01 7.314235e-02 -1.394632e-06
1.792175e+01 1.025928e-01 -2.012700e-06
1.792175e+01 1.448116e-01 -3.957145e-06
1.792175e+01 2.023460e-01 -6.316727e-06
1.792175e+01 2.834245e-01 -8.516741e-06
1.792175e+01 3.967448e-01 -1.258238e-05
1.792175e+01 5.552783e-01 -1.817089e-05
1.792175e+01 7.774819e-01 -2.676063e-05
1.792175e+01 1.088445e+00 -3.685287e-05
1.792175e+01 1.523711e+00 -5.274357e-05
1.792175e+01 2.088426e+00 -6.942859e-05
1.792175e+01 2.685505e+00 -6.773569e-05
1.830018e+01 1.570796e-02 -7.400034e-08
1.830018e+01 2.346256e-02 -6.009871e-08
1.830018e+01 3.503514e-02 -2.594344e-07
1.830018e+01 5.263151e-02 -4.971605e-07
1.830018e+01 7.314235e-02 -8.733573e-07
1.830018e+01 1.025928e-01 -1.298730e-06
1.830018e+01 1.448116e-01 -2.580530e-06
1.830018e+01 2.023460e-01 -4.169532e-06
1.830018e+01 2.834245e-01 -5.508411e-06
1.830018e+01 3.967448e-01 -8.268786e-06
1.830018e+01 5.552783e-01 -1.211661e-05
1.830018e+01 7.774819e-01 -1.798365e-05
1.830018e+01 1.088445e+00 -2.454673e-05
1.830018e+01 1.523711e+00 -3.491426e-05
1.830018e+01 2.088426e+00 -4.575273e-05
1.830018e+01 2.685505e+00 -4.458284e-05
1.868618e+01 1.570796e-02 -5.113062e-08
1.868618e+01 2.346256e-02 -3.152611e-08
1.868618e+01 3.503514e-02 -1.656900e-07
1.868618e+01 5.263151e-02 -3.002471e-07
1.868618e+01 7.314235e-02 -5.156509e-07
1.868618e+01 1.025928e-01 -8.113931e-07
1.868618e+01 1.448116e-01 -1.655054e-06
1.868618e+01 2.023460e-01 -2.651682e-06
1.868618e+01 2.834245e-01 -3.542848e-06
1.868618e+01 3.967448e-01 -5.268205e-06
1.868618e+01 5.552783e-01 -7.835567e-06
1.868618e+01 7.774819e-01 -1.172176e-05
1.868618e+01 1.088445e+00 -1.590630e-05
1.868618e+01 1.523711e+00 -2.279300e-05
1.868618e+01 2.088426e+00 -2.980774e-05
1.868618e+01 2.685505e+00 -2.869821e-05
1.907991e+01 1.570796e-02 -3.055465e-08
1.907991e+01 2.346256e-02 -3.047411e-08
1.907991e+01 3.503514e-02 -9.725840e-08
1.907991e+01 5.263151e-02 -1.826768e-07
1.907991e+01 7.314235e-02 -3.060647e-07
1.907991e+01 1.025928e-01 -5.020880e-07
1.907991e+01 1.448116e-01 -9.985025e-07
1.907991e+01 2.023460e-01 -1.625938e-06
1.907991e+01 2.834245e-01 -2.144187e-06
1.907991e+01 3.967448e-01 -3.316548e-06
1.907991e+01 5.552783e-01 -4.921036e-06
1.907991e+01 7.774819e-01 -7.426857e-06
1.907991e+01 1.088445e+00 -1.010619e-05
1.907991e+01 1.523711e+00 -1.430303e-05
1.907991e+01 2.088426e+00 -1.895180e-05
1.907991e+01 2.685505e+00 -1.876436e-05
1.948151e+01 1.570796e-02 -1.588705e-08
1.948151e+01 2.346256e-02 -1.279140e-08
1.948151e+01 3.503514e-02 -5.924699e-08
1.948151e+01 5.263151e-02 -1.028140e-07
1.948151e+01 7.314235e-02 -1.765210e-07
1.948151e+01 1.025928e-01 -2.924657e-07
1.948151e+01 1.448116e-01 -5.824782e-07
1.948151e+01 2.023460e-01 -8.968308e-07
1.948151e+01 2.834245e-01 -1.247638e-06
1.948151e+01 3.967448e-01 -1.892634e-06
1.948151e+01 5.552783e-01 -2.854459e-06
1.948151e+01 7.774819e-01 -4.283667e-06
1.948151e+01 1.088445e+00 -5.961554e-06
1.948151e+01 1.523711e+00 -8.611561e-06
1.948151e+01 2.088426e+00 -1.150275e-05
1.948151e+01 2.685505e+00 -1.107181e-05
1.989114e+01 1.570796e-02 5.815468e-10
1.989114e+01 2.346256e-02 1.481854e-09
1.989114e+01 3.503514e-02 2.987583e-09
1.989114e+01 5.263151e-02 6.148610e-09
1.989114e+01 7.314235e-02 1.282591e-08
1.989114e+01 1.025928e-01 1.911744e-08
1.989114e+01 1.448116e-01 3.230896e-08
1.989114e+01 2.023460e-01 4.679948e-08
1.989114e+01 2.834245e-01 6.686663e-08
1.989114e+01 3.967448e-01 9.156387e-08
1.989114e+01 5.552783e-01 1.221791e-07
1.989114e+01 7.774819e-01 1.512078e-07
1.989114e+01 1.088445e+00 1.587935e-07
1.989114e+01 1.523711e+00 1.286160e-07
1.989114e+01 2.088426e+00 7.948223e-08
1.989114e+01 2.685505e+00 3.785628e-08
2.030896e+01 1.570796e-02 5.532197e-10
2.030896e+01 2.346256e-02 1.407395e-09
2.030896e+01 3.503514e-02 2.840589e-09
2.030896e+01 5.263151e-02 5.838294e-09
2.030896e+01 7.314235e-02 1.218589e-08
2.030896e+01 1.025928e-01 1.816133e-08
2.030896e+01 1.448116e-01 3.070447e-08
2.030896e+01 2.023460e-01 4.455277e-08
2.030896e+01 2.834245e-01 6.388533e-08
2.030896e+01 3.967448e-01 8.800882e-08
2.030896e+01 5.552783e-01 1.183027e-07
2.030896e+01 7.774819e-01 1.473498e-07
2.030896e+01 1.088445e+00 1.556774e-07
2.030896e+01 1.523711e+00 1.267175e-07
2.030896e+01 2.088426e+00 7.856695e-08
2.030896e+01 2.685505e+00 3.760379e-08
2.073514e+01 1.570796e-02 5.248432e-10
2.073514e+01 2.346256e-02 1.334324e-09
2.073514e+01 3.503514e-02 2.694972e-09
2.073514e+01 5.263151e-02 5.533640e-09
2.073514e+01 7.314235e-02 1.155642e-08
2.073514e+01 1.025928e-01 1.721782e-08
2.073514e+01 1.448116e-01 2.912819e-08
2.073514e+01 2.023460e-01 4.234377e-08
2.073514e+01 2.834245e-01 6.098305e-08
2.073514e+01 3.967448e-01 8.452781e-08
2.073514e+01 5.552783e-01 1.144598e-07
2.073514e+01 7.774819e-01 1.434682e-07
2.073514e+01 1.088445e+00 1.524048e-07
2.073514e+01 1.523711e+00 1.247218e-07
2.073514e+01 2.088426e+00 7.773363e-08
2.073514e+01 2.685505e+00 3.732266e-08
2.116984e+01 1.570796e-02 4.969192e-10
2.116984e+01 2.346256e-02 1.262940e-09
2.116984e+01 3.503514e-02 2.551791e-09
2.116984e+01 5.263151e-02 5.234139e-09
2.116984e+01 7.314235e-02 1.093986e-08
2.116984e+01 1.025928e-01 1.629581e-08
2.116984e+01 1.448116e-01 2.759005e-08
2.116984e+01 2.023460e-01 4.019591e-08
2.116984e+01 2.834245e-01 5.815483e-08
2.116984e+01 3.967448e-01 8.110425e-08
2.116984e+01 5.552783e-01 1.106310e-07
2.116984e+01 7.774819e-01 1.394937e-07
2.116984e+01 1.088445e+00 1.490494e-07
2.116984e+01 1.523711e+00 1.226285e-07
2.116984e+01 2.088426e+00 7.678111e-08
2.116984e+01 2.685505e+00 3.698160e-08
2.161324e+01 1.570796e-02 4.694719e-10
2.161324e+01 2.346256e-02 1.192545e-09
2.161324e+01 3.503514e-02 2.411545e-09
2.161324e+01 5.263151e-02 4.941273e-09
2.161324e+01 7.314235e-02 1.033721e-08
2.161324e+01 1.025928e-01 1.539396e-08
2.161324e+01 1.448116e-01 2.609259e-08
2.161324e+01 2.023460e-01 3.810992e-08
2.161324e+01 2.834245e-01 5.541155e-08
2.161324e+01 3.967448e-01 7.776635e-08
2.161324e+01 5.552783e-01 1.068377e-07
2.161324e+01 7.774819e-01 1.354975e-07
2.161324e+01 1.088445e+00 1.455378e-07
2.161324e+01 1.523711e+00 1.205266e-07
2.161324e+01 2.088426e+00 7.587476e-08
2.161324e+01 2.685505e+00 3.660671e-08
2.206550e+01 1.570796e-02 4.426887e-10
2.206550e+01 2.346256e-02 1.124285e-09
2.206550e+01 3.503514e-02 2.274671e-09
2.206550e+01 5.263151e-02 4.657503e-09
2.206550e+01 7.314235e-02 9.752512e-09
2.206550e+01 1.025928e-01 1.451965e-08
2.206550e+01 1.448116e-01 2.463540e-08
2.206550e+01 2.023460e-01 3.608934e-08
2.206550e+01 2.834245e-01 5.274646e-08
2.206550e+01 3.967448e-01 7.451152e-08
2.206550e+01 5.552783e-01 1.030585e-07
2.206550e+01 7.774819e-01 1.314145e-07
2.206550e+01 1.088445e+00 1.419652e-07
2.206550e+01 1.523711e+00 1.184131e-07
2.206550e+01 2.088426e+00 7.517484e-08
2.206550e+01 2.685505e+00 3.630601e-08
2.252681e+01 1.570796e-02 4.165527e-10
2.252681e+01 2.346256e-02 1.057974e-09
2.252681e+01 3.503514e-02 2.142064e-09
2.252681e+01 5.263151e-02 4.381093e-09
2.252681e+01 7.314235e-02 9.182305e-09
2.252681e+01 1.025928e-01 1.366910e-08
2.252681e+01 1.448116e-01 2.322431e-08
2.252681e+01 2.023460e-01 3.412018e-08
2.252681e+01 2.834245e-01 5.013710e-08
2.252681e+01 3.967448e-01 7.131712e-08
2.252681e+01 5.552783e-01 9.928464e-08
2.252681e+01 7.774819e-01 1.272541e-07
2.252681e+01 1.088445e+00 1.382807e-07
2.252681e+01 1.523711e+00 1.164726e-07
2.252681e+01 2.088426e+00 7.468236e-08
2.252681e+01 2.685505e+00 3.606993e-08
2.299735e+01 1.570796e-02 3.911666e-10
2.299735e+01 2.346256e-02 9.935925e-10
2.299735e+01 3.503514e-02 2.012509e-09
2.299735e+01 5.263151e-02 4.112263e-09
2.299735e+01 7.314235e-02 8.628762e-09
2.299735e+01 1.025928e-01 1.284098e-08
2.299735e+01 1.448116e-01 2.185251e-08
2.299735e+01 2.023460e-01 3.220573e-08
2.299735e+01 2.834245e-01 4.759827e-08
2.299735e+01 3.967448e-01 6.816092e-08
2.299735e+01 5.552783e-01 9.546437e-08
2.299735e+01 7.774819e-01 1.229869e-07
2.299735e+01 1.088445e+00 1.344453e-07
2.299735e+01 1.523711e+00 1.145098e-07
2.299735e+01 2.088426e+00 7.432721e-08
2.299735e+01 2.685505e+00 3.576459e-08
2.347730e+01 1.570796e-02 3.664659e-10
2.347730e+01 2.346256e-02 9.316175e-10
2.347730e+01 3.503514e-02 1.886354e-09
2.347730e+01 5.263151e-02 3.851887e-09
2.347730e+01 7.314235e-02 8.089946e-09
2.347730e+01 1.025928e-01 1.203512e-08
2.347730e+01 1.448116e-01 2.051756e-08
2.347730e+01 2.023460e-01 3.034845e-08
2.347730e+01 2.834245e-01 4.511430e-08
2.347730e+01 3.967448e-01 6.503086e-08
2.347730e+01 5.552783e-01 9.160601e-08
2.347730e+01 7.774819e-01 1.186014e-07
2.347730e+01 1.088445e+00 1.305694e-07
2.347730e+01 1.523711e+00 1.125328e-07
2.347730e+01 2.088426e+00 7.407759e-08
2.347730e+01 2.685505e+00 3.553768e-08
2.396684e+01 1.570796e-02 3.425165e-10
2.396684e+01 2.346256e-02 8.718878e-10
2.396684e+01 3.503514e-02 1.763559e-09
2.396684e+01 5.263151e-02 3.599704e-09
2.396684e+01 7.314235e-02 7.565841e-09
2.396684e+01 1.025928e-01 1.125553e-08
2.396684e+01 1.448116e-01 1.921833e-08
2.396684e+01 2.023460e-01 2.854557e-08
2.396684e+01 2.834245e-01 4.267845e-08
2.396684e+01 3.967448e-01 6.191159e-08
2.396684e+01 5.552783e-01 8.771179e-08
2.396684e+01 7.774819e-01 1.141249e-07
2.396684e+01 1.088445e+00 1.265481e-07
2.396684e+01 1.523711e+00 1.106415e-07
2.396684e+01 2.088426e+00 7.386248e-08
2.396684e+01 2.685505e+00 3.542806e-08
2.446618e+01 1.570796e-02 3.193029e-10
2.446618e+01 2.346256e-02 8.129863e-10
2.446618e+01 3.503514e-02 1.644119e-09
2.446618e+01 5.263151e-02 3.354623e-09
2.446618e+01 7.314235e-02 7.057451e-09
2.446618e+01 1.025928e-01 1.049932e-08
2.446618e+01 1.448116e-01 1.795835e-08
2.446618e+01 2.023460e-01 2.678656e-08
2.446618e+01 2.834245e-01 4.029085e-08
2.446618e+01 3.967448e-01 5.880372e-08
2.446618e+01 5.552783e-01 8.374254e-08
2.446618e+01 7.774819e-01 1.094998e-07
2.446618e+01 1.088445e+00 1.224298e-07
2.446618e+01 1.523711e+00 1.086817e-07
2.446618e+01 2.088426e+00 7.385026e-08
2.446618e+01 2.685505e+00 3.536292e-08
2.497550e+01 1.570796e-02 2.966880e-10
2.497550e+01 2.346256e-02 7.561383e-10
2.497550e+01 3.503514e-02 1.528162e-09
2.497550e+01 5.263151e-02 3.116319e-09
2.497550e+01 7.314235e-02 6.563587e-09
2.497550e+01 1.025928e-01 9.763719e-09
2.497550e+01 1.448116e-01 1.673076e-08
2.497550e+01 2.023460e-01 2.507729e-08
2.497550e+01 2.834245e-01 3.793841e-08
2.497550e+01 3.967448e-01 5.568643e-08
2.497550e+01 5.552783e-01 7.970385e-08
2.497550e+01 7.774819e-01 1.047570e-07
2.497550e+01 1.088445e+00 1.181455e-07
2.497550e+01 1.523711e+00 1.066694e-07
2.497550e+01 2.088426e+00 7.382457e-08
2.497550e+01 2.685505e+00 3.564552e-08
2.549501e+01 1.570796e-02 2.747602e-10
2.549501e+01 2.346256e-02 7.012156e-10
2.549501e+01 3.503514e-02 1.415229e-09
2.549501e+01 5.263151e-02 2.885599e-09
2.549501e+01 7.314235e-02 6.081741e-09
2.549501e+01 1.025928e-01 9.054164e-09
2.549501e+01 1.448116e-01 1.553533e-08
2.549501e+01 2.023460e-01 2.340327e-08
2.549501e+01 2.834245e-01 3.560618e-08
2.549501e+01 3.967448e-01 5.254547e-08
2.549501e+01 5.552783e-01 7.558237e-08
2.549501e+01 7.774819e-01 9.989172e-08
2.549501e+01 1.088445e+00 1.137262e-07
2.549501e+01 1.523711e+00 1.045160e-07
2.549501e+01 2.088426e+00 7.389088e-08
2.549501e+01 2.685505e+00 3.608412e-08
2.602491e+01 1.570796e-02 2.533531e-10
2.602491e+01 2.346256e-02 6.475919e-10
2.602491e+01 3.503514e-02 1.304767e-09
2.602491e+01 5.263151e-02 2.661124e-09
2.602491e+01 7.314235e-02 5.613321e-09
2.602491e+01 1.025928e-01 8.361840e-09
2.602491e+01 1.448116e-01 1.436981e-08
2.602491e+01 2.023460e-01 2.175839e-08
2.602491e+01 2.834245e-01 3.328676e-08
2.602491e+01 3.967448e-01 4.937711e-08
2.602491e+01 5.552783e-01 7.138608e-08
2.602491e+01 7.774819e-01 9.488838e-08
2.602491e+01 1.088445e+00 1.091061e-07
2.602491e+01 1.523711e+00 1.022547e-07
2.602491e+01 2.088426e+00 7.404439e-08
2.602491e+01 2.685505e+00 3.675098e-08
2.656541e+01 1.570796e-02 2.325061e-10
2.656541e+01 2.346256e-02 5.953529e-10
2.656541e+01 3.503514e-02 1.197264e-09
2.656541e+01 5.263151e-02 2.442867e-09
2.656541e+01 7.314235e-02 5.157649e-09
2.656541e+01 1.025928e-01 7.687395e-09
2.656541e+01 1.448116e-01 1.323149e-08
2.656541e+01 2.023460e-01 2.014284e-08
2.656541e+01 2.834245e-01 3.097791e-08
2.656541e+01 3.967448e-01 4.618037e-08
2.656541e+01 5.552783e-01 6.708297e-08
2.656541e+01 7.774819e-01 8.967848e-08
2.656541e+01 1.088445e+00 1.042973e-07
2.656541e+01 1.523711e+00 9.973916e-08
2.656541e+01 2.088426e+00 7.425064e-08
2.656541e+01 2.685505e+00 3.773965e-08
2.711672e+01 1.570796e-02 2.122138e-10
2.711672e+01 2.346256e-02 5.441875e-10
2.711672e+01 3.503514e-02 1.092736e-09
2.711672e+01 5.263151e-02 2.230309e-09
2.711672e+01 7.314235e-02 4.713656e-09
2.711672e+01 1.025928e-01 7.030698e-09
2.711672e+01 1.448116e-01 1.212170e-08
2.711672e+01 2.023460e-01 1.855361e-08
2.711672e+01 2.834245e-01 2.868759e-08
2.711672e+01 3.967448e-01 4.295272e-08
2.711672e+01 5.552783e-01 6.269436e-08
2.711672e+01 7.774819e-01 8.431024e-08
2.711672e+01 1.088445e+00 9.917910e-08
2.711672e+01 1.523711e+00 9.694771e-08
2.711672e+01 2.088426e+00 7.429065e-08
2.711672e+01 2.685505e+00 3.899720e-08
2.767905e+01 1.570796e-02 1.924189e-10
2.767905e+01 2.346256e-02 4.948200e-10
2.767905e+01 3.503514e-02 9.908284e-10
2.767905e+01 5.263151e-02 2.023726e-09
2.767905e+01 7.314235e-02 4.281576e-09
2.767905e+01 1.025928e-01 6.393110e-09
2.767905e+01 1.448116e-01 1.103438e-08
2.767905e+01 2.023460e-01 1.698338e-08
2.767905e+01 2.834245e-01 2.638966e-08
2.767905e+01 3.967448e-01 3.967946e-08
2.767905e+01 5.552783e-01 5.819682e-08
2.767905e+01 7.774819e-01 7.871198e-08
2.767905e+01 1.088445e+00 9.377824e-08
2.767905e+01 1.523711e+00 9.371978e-08
2.767905e+01 2.088426e+00 7.424872e-08
2.767905e+01 2.685505e+00 4.056239e-08
2.825263e+01 1.570796e-02 1.731949e-10
2.825263e+01 2.346256e-02 4.463168e-10
2.825263e+01 3.503514e-02 8.913194e-10
2.825263e+01 5.263151e-02 1.822316e-09
2.825263e+01 7.314235e-02 3.859867e-09
2.825263e+01 1.025928e-01 5.769304e-09
2.825263e+01 1.448116e-01 9.976053e-09
2.825263e+01 2.023460e-01 1.543030e-08
2.825263e+01 2.834245e-01 2.409592e-08
2.825263e+01 3.967448e-01 3.637879e-08
2.825263e+01 5.552783e-01 5.358255e-08
2.825263e+01 7.774819e-01 7.296256e-08
2.825263e+01 1.088445e+00 8.799305e-08
2.825263e+01 1.523711e+00 9.011526e-08
2.825263e+01 2.088426e+00 7.398872e-08
2.825263e+01 2.685505e+00 4.257792e-08
2.883769e+01 1.570796e-02 1.544312e-10
2.883769e+01 2.346256e-02 3.989093e-10
2.883769e+01 3.503514e-02 7.946084e-10
2.883769e+01 5.263151e-02 1.626493e-09
2.883769e+01 7.314235e-02 3.448583e-09
2.883769e+01 1.025928e-01 5.162129e-09
2.883769e+01 1.448116e-01 8.937874e-09
2.883769e+01 2.023460e-01 1.389503e-08
2.883769e+01 2.834245e-01 2.179629e-08
2.883769e+01 3.967448e-01 3.301769e-08
2.883769e+01 5.552783e-01 4.886567e-08
2.883769e+01 7.774819e-01 6.696451e-08
2.883769e+01 1.088445e+00 8.185358e-08
2.883769e+01 1.523711e+00 8.587166e-08
2.883769e+01 2.088426e+00 7.331757e-08
2.883769e+01 2.685505e+00 4.484363e-08
2.943444e+01 1.570796e-02 1.361309e-10
2.943444e+01 2.346256e-02 3.524844e-10
2.943444e+01 3.503514e-02 7.001261e-10
2.943444e+01 5.263151e-02 1.434932e-09
2.943444e+01 7.314235e-02 3.047550e-09
2.943444e+01 1.025928e-01 4.568568e-09
2.943444e+01 1.448116e-01 7.920331e-09
2.943444e+01 2.023460e-01 1.237405e-08
2.943444e+01 2.834245e-01 1.949135e-08
2.943444e+01 3.967448e-01 2.962133e-08
2.943444e+01 5.552783e-01 4.403658e-08
2.943444e+01 7.774819e-01 6.075024e-08
2.943444e+01 1.088445e+00 7.528856e-08
2.943444e+01 1.523711e+00 8.105433e-08
2.943444e+01 2.088426e+00 7.216100e-08
2.943444e+01 2.685505e+00 4.738521e-08
3.004313e+01 1.570796e-02 1.182339e-10
3.004313e+01 2.346256e-02 3.071595e-10
3.004313e+01 3.503514e-02 6.084015e-10
3.004313e+01 5.263151e-02 1.248429e-09
3.004313e+01 7.314235e-02 2.655672e-09
3.004313e+01 1.025928e-01 3.986961e-09
3.004313e+01 1.448116e-01 6.921000e-09
3.004313e+01 2.023460e-01 1.086547e-08
3.004313e+01 2.834245e-01 1.718675e-08
3.004313e+01 3.967448e-01 2.618568e-08
3.004313e+01 5.552783e-01 3.910593e-08
3.004313e+01 7.774819e-01 5.427957e-08
3.004313e+01 1.088445e+00 6.822646e-08
3.004313e+01 1.523711e+00 7.538703e-08
3.004313e+01 2.088426e+00 7.027546e-08
3.004313e+01 2.685505e+00 4.979494e-08
3.066399e+01 1.570796e-02 1.009812e-10
3.066399e+01 2.346256e-02 2.630254e-10
3.066399e+01 3.503514e-02 5.188734e-10
3.066399e+01 5.263151e-02 1.066626e-09
3.066399e+01 7.314235e-02 2.272560e-09
3.066399e+01 1.025928e-01 3.416659e-09
3.066399e+01 1.448116e-01 5.940223e-09
3.066399e+01 2.023460e-01 9.371203e-09
3.066399e+01 2.834245e-01 1.487757e-08
3.066399e+01 3.967448e-01 2.271636e-08
3.066399e+01 5.552783e-01 3.407221e-08
3.066399e+01 7.774819e-01 4.759878e-08
3.066399e+01 1.088445e+00 6.069548e-08
3.066399e+01 1.523711e+00 6.895903e-08
3.066399e+01 2.088426e+00 6.745010e-08
3.066399e+01 2.685505e+00 5.186139e-08
3.129727e+01 1.570796e-02 8.406036e-11
3.129727e+01 2.346256e-02 2.199483e-10
3.129727e+01 3.503514e-02 4.318817e-10
3.129727e+01 5.263151e-02 8.895068e-10
3.129727e+01 7.314235e-02 1.898450e-09
3.129727e+01 1.025928e-01 2.858893e-09
3.129727e+01 1.448116e-01 4.977821e-09
3.129727e+01 2.023460e-01 7.886299e-09
3.129727e+01 2.834245e-01 1.256389e-08
3.129727e+01 3.967448e-01 1.922505e-08
3.129727e+01 5.552783e-01 2.895099e-08
3.129727e+01 7.774819e-01 4.068183e-08
3.129727e+01 1.088445e+00 5.264116e-08
3.129727e+01 1.523711e+00 6.156341e-08
3.129727e+01 2.088426e+00 6.337961e-08
3.129727e+01 2.685505e+00 5.304457e-08
3.194322e+01 1.570796e-02 6.767376e-11
3.194322e+01 2.346256e-02 1.774554e-10
3.194322e+01 3.503514e-02 3.471137e-10
3.194322e+01 5.263151e-02 7.166366e-10
3.194322e+01 7.314235e-02 1.532603e-09
3.194322e+01 1.025928e-01 2.311293e-09
3.194322e+01 1.448116e-01 4.030382e-09
3.194322e+01 2.023460e-01 6.412947e-09
3.194322e+01 2.834245e-01 1.024693e-08
3.194322e+01 3.967448e-01 1.570655e-08
3.194322e+01 5.552783e-01 2.374513e-08
3.194322e+01 7.774819e-01 3.358603e-08
3.194322e+01 1.088445e+00 4.406722e-08
3.194322e+01 1.523711e+00 5.311133e-08
3.194322e+01 2.088426e+00 5.768367e-08
3.194322e+01 2.685505e+00 5.287166e-08
3.260208e+01 1.570796e-02 5.174979e-11
3.260208e+01 2.346256e-02 1.362003e-10
3.260208e+01 3.503514e-02 2.649675e-10
3.260208e+01 5.263151e-02 5.485044e-10
3.260208e+01 7.314235e-02 1.175649e-09
3.260208e+01 1.025928e-01 1.775726e-09
3.260208e+01 1.448116e-01 3.100706e-09
3.260208e+01 2.023460e-01 4.952432e-09
3.260208e+01 2.834245e-01 7.935425e-09
3.260208e+01 3.967448e-01 1.218342e-08
3.260208e+01 5.552783e-01 1.847002e-08
3.260208e+01 7.774819e-01 2.629761e-08
3.260208e+01 1.088445e+00 3.496146e-08
3.260208e+01 1.523711e+00 4.343133e-08
3.260208e+01 2.088426e+00 4.994201e-08
3.260208e+01 2.685505e+00 5.014836e-08
3.327412e+01 1.570796e-02 3.618109e-11
3.327412e+01 2.346256e-02 9.566842e-11
3.327412e+01 3.503514e-02 1.853047e-10
3.327412e+01 5.263151e-02 3.842718e-10
3.327412e+01 7.314235e-02 8.253598e-10
3.327412e+01 1.025928e-01 1.248828e-09
3.327412e+01 1.448116e-01 2.184369e-09
3.327412e+01 2.023460e-01 3.502965e-09
3.327412e+01 2.834245e-01 5.628739e-09
3.327412e+01 3.967448e-01 8.650873e-09
3.327412e+01 5.552783e-01 1.316481e-08
3.327412e+01 7.774819e-01 1.885659e-08
3.327412e+01 1.088445e+00 2.538946e-08
3.327412e+01 1.523711e+00 3.252046e-08
3.327412e+01 2.088426e+00 3.970051e-08
3.327412e+01 2.685505e+00 4.363534e-08
3.395961e+01 1.570796e-02 2.206181e-11
3.395961e+01 2.346256e-02 5.848882e-11
3.395961e+01 3.503514e-02 1.127342e-10
3.395961e+01 5.263151e-02 2.345291e-10
3.395961e+01 7.314235e-02 5.047816e-10
3.395961e+01 1.025928e-01 7.637925e-10
3.395961e+01 1.448116e-01 1.333752e-09
3.395961e+01 2.023460e-01 2.134588e-09
3.395961e+01 2.834245e-01 3.418439e-09
3.395961e+01 3.967448e-01 5.224016e-09
3.395961e+01 5.552783e-01 7.914615e-09
3.395961e+01 7.774819e-01 1.134412e-08
3.395961e+01 1.088445e+00 1.539925e-08
3.395961e+01 1.523711e+00 2.026759e-08
3.395961e+01 2.088426e+00 2.614030e-08
3.395961e+01 2.685505e+00 3.095027e-08
3.465880e+01 1.570796e-02 7.086046e-12
3.465880e+01 2.346256e-02 1.632274e-11
3.465880e+01 3.503514e-02 3.720106e-11
3.465880e+01 5.263151e-02 7.112459e-11
3.465880e+01 7.314235e-02 1.565235e-10
3.465880e+01 1.025928e-01 2.358539e-10
3.465880e+01 1.448116e-01 4.133933e-10
3.465880e+01 2.023460e-01 6.729363e-10
3.465880e+01 2.834245e-01 1.090485e-09
3.465880e+01 3.967448e-01 1.684433e-09
3.465880e+01 5.552783e-01 2.569326e-09
3.465880e+01 7.774819e-01 3.718910e-09
3.465880e+01 1.088445e+00 5.123133e-09
3.465880e+01 1.523711e+00 6.929152e-09
3.465880e+01 2.088426e+00 9.436854e-09
3.465880e+01 2.685505e+00 1.210669e-08
3.537197e+01 1.570796e-02 0.000000e+00
3.537197e+01 2.346256e-02 0.000000e+00
3.537197e+01 3.503514e-02 0.000000e+00
3.537197e+01 5.263151e-02 0.000000e+00
3.537197e+01 7.314235e-02 0.000000e+00
3.537197e+01 1.025928e-01 0.000000e+00
3.537197e+01 1.448116e-01 0.000000e+00
3.537197e+01 2.023460e-01 0.000000e+00
3.537197e+01 2.834245e-01 0.000000e+00
3.537197e+01 3.967448e-01 0.000000e+00
3.537197e+01 5.552783e-01 0.000000e+00
3.537197e+01 7.774819e-01 0.000000e+00
3.537197e+01 1.088445e+00 0.000000e+00
3.537197e+01 1.523711e+00 0.000000e+00
3.537197e+01 2.088426e+00 0.000000e+00
3.537197e+01 2.685505e+00 0.000000e+00
