5.000000e+00 1.570796e-02 0.000000e+00
5.000000e+00 2.346256e-02 0.000000e+00
5.000000e+00 3.503514e-02 0.000000e+00
5.000000e+00 5.263151e-02 0.000000e+00
5.000000e+00 7.314235e-02 0.000000e+00
5.000000e+00 1.025928e-01 0.000000e+00
5.000000e+00 1.448116e-01 0.000000e+00
5.000000e+00 2.023460e-01 0.000000e+00
5.000000e+00 2.834245e-01 0.000000e+00
5.000000e+00 3.967448e-01 0.000000e+00
5.000000e+00 5.552783e-01 0.000000e+00
5.000000e+00 7.774819e-01 0.000000e+00
5.000000e+00 1.088445e+00 0.000000e+00
5.000000e+00 1.523711e+00 0.000000e+00
5.000000e+00 2.088426e+00 0.000000e+00
5.000000e+00 2.685505e+00 0.000000e+00
5.120000e+00 1.570796e-02 0.000000e+00
5.120000e+00 2.346256e-02 0.000000e+00
5.120000e+00 3.503514e-02 0.000000e+00
5.120000e+00 5.263151e-02 0.000000e+00
5.120000e+00 7.314235e-02 0.000000e+00
5.120000e+00 1.025928e-01 0.000000e+00
5.120000e+00 1.448116e-01 0.000000e+00
5.120000e+00 2.023460e-01 0.000000e+00
5.120000e+00 2.834245e-01 0.000000e+00
5.120000e+00 3.967448e-01 0.000000e+00
5.120000e+00 5.552783e-01 0.000000e+00
5.120000e+00 7.774819e-01 0.000000e+00
5.120000e+00 1.088445e+00 0.000000e+00
5.120000e+00 1.523711e+00 0.000000e+00
5.120000e+00 2.088426e+00 0.000000e+00
5.120000e+00 2.685505e+00 0.000000e+00
5.242400e+00 1.570796e-02 0.000000e+00
5.242400e+00 2.346256e-02 0.000000e+00
5.242400e+00 3.503514e-02 0.000000e+00
5.242400e+00 5.263151e-02 0.000000e+00
5.242400e+00 7.314235e-02 0.000000e+00
5.242400e+00 1.025928e-01 0.000000e+00
5.242400e+00 1.448116e-01 0.000000e+00
5.242400e+00 2.023460e-01 0.000000e+00
5.242400e+00 2.834245e-01 0.000000e+00
5.242400e+00 3.967448e-01 0.000000e+00
5.242400e+00 5.552783e-01 0.000000e+00
5.242400e+00 7.774819e-01 0.000000e+00
5.242400e+00 1.088445e+00 0.000000e+00
5.242400e+00 1.523711e+00 0.000000e+00
5.242400e+00 2.088426e+00 0.000000e+00
5.242400e+00 2.685505e+00 0.000000e+00
5.367248e+00 1.570796e-02 0.000000e+00
5.367248e+00 2.346256e-02 0.000000e+00
5.367248e+00 3.503514e-02 0.000000e+00
5.367248e+00 5.263151e-02 0.000000e+00
5.367248e+00 7.314235e-02 0.000000e+00
5.367248e+00 1.025928e-01 0.000000e+00
5.367248e+00 1.448116e-01 0.000000e+00
5.367248e+00 2.023460e-01 0.000000e+00
5.367248e+00 2.834245e-01 0.000000e+00
5.367248e+00 3.967448e-01 0.000000e+00
5.367248e+00 5.552783e-01 0.000000e+00
5.367248e+00 7.774819e-01 0.000000e+00
5.367248e+00 1.088445e+00 0.000000e+00
5.367248e+00 1.523711e+00 0.000000e+00
5.367248e+00 2.088426e+00 0.000000e+00
5.367248e+00 2.685505e+00 0.000000e+00
5.494593e+00 1.570796e-02 0.000000e+00
5.494593e+00 2.346256e-02 0.000000e+00
5.494593e+00 3.503514e-02 0.000000e+00
5.494593e+00 5.263151e-02 0.000000e+00
5.494593e+00 7.314235e-02 0.000000e+00
5.494593e+00 1.025928e-01 0.000000e+00
5.494593e+00 1.448116e-01 0.000000e+00
5.494593e+00 2.023460e-01 0.000000e+00
5.494593e+00 2.834245e-01 0.000000e+00
5.494593e+00 3.967448e-01 0.000000e+00
5.494593e+00 5.552783e-01 0.000000e+00
5.494593e+00 7.774819e-01 0.000000e+00
5.494593e+00 1.088445e+00 0.000000e+00
5.494593e+00 1.523711e+00 0.000000e+00
5.494593e+00 2.088426e+00 0.000000e+00
5.494593e+00 2.685505e+00 0.000000e+00
5.624485e+00 1.570796e-02 0.000000e+00
5.624485e+00 2.346256e-02 0.000000e+00
5.624485e+00 3.503514e-02 0.000000e+00
5.624485e+00 5.263151e-02 0.000000e+00
5.624485e+00 7.314235e-02 0.000000e+00
5.624485e+00 1.025928e-01 0.000000e+00
5.624485e+00 1.448116e-01 0.000000e+00
5.624485e+00 2.023460e-01 0.000000e+00
5.624485e+00 2.834245e-01 0.000000e+00
5.624485e+00 3.967448e-01 0.000000e+00
5.624485e+00 5.552783e-01 0.000000e+00
5.624485e+00 7.774819e-01 0.000000e+00
5.624485e+00 1.088445e+00 0.000000e+00
5.624485e+00 1.523711e+00 0.000000e+00
5.624485e+00 2.088426e+00 0.000000e+00
5.624485e+00 2.685505e+00 0.000000e+00
5.756975e+00 1.570796e-02 0.000000e+00
5.756975e+00 2.346256e-02 0.000000e+00
5.756975e+00 3.503514e-02 0.000000e+00
5.756975e+00 5.263151e-02 0.000000e+00
5.756975e+00 7.314235e-02 0.000000e+00
5.756975e+00 1.025928e-01 0.000000e+00
5.756975e+00 1.448116e-01 0.000000e+00
5.756975e+00 2.023460e-01 0.000000e+00
5.756975e+00 2.834245e-01 0.000000e+00
5.756975e+00 3.967448e-01 0.000000e+00
5.756975e+00 5.552783e-01 0.000000e+00
5.756975e+00 7.774819e-01 0.000000e+00
5.756975e+00 1.088445e+00 0.000000e+00
5.756975e+00 1.523711e+00 0.000000e+00
5.756975e+00 2.088426e+00 0.000000e+00
5.756975e+00 2.685505e+00 0.000000e+00
5.892114e+00 1.570796e-02 0.000000e+00
5.892114e+00 2.346256e-02 0.000000e+00
5.892114e+00 3.503514e-02 0.000000e+00
5.892114e+00 5.263151e-02 0.000000e+00
5.892114e+00 7.314235e-02 0.000000e+00
5.892114e+00 1.025928e-01 0.000000e+00
5.892114e+00 1.448116e-01 0.000000e+00
5.892114e+00 2.023460e-01 0.000000e+00
5.892114e+00 2.834245e-01 0.000000e+00
5.892114e+00 3.967448e-01 0.000000e+00
5.892114e+00 5.552783e-01 0.000000e+00
5.892114e+00 7.774819e-01 0.000000e+00
5.892114e+00 1.088445e+00 0.000000e+00
5.892114e+00 1.523711e+00 0.000000e+00
5.892114e+00 2.088426e+00 0.000000e+00
5.892114e+00 2.685505e+00 0.000000e+00
6.029956e+00 1.570796e-02 0.000000e+00
6.029956e+00 2.346256e-02 0.000000e+00
6.029956e+00 3.503514e-02 0.000000e+00
6.029956e+00 5.263151e-02 0.000000e+00
6.029956e+00 7.314235e-02 0.000000e+00
6.029956e+00 1.025928e-01 0.000000e+00
6.029956e+00 1.448116e-01 0.000000e+00
6.029956e+00 2.023460e-01 0.000000e+00
6.029956e+00 2.834245e-01 0.000000e+00
6.029956e+00 3.967448e-01 0.000000e+00
6.029956e+00 5.552783e-01 0.000000e+00
6.029956e+00 7.774819e-01 0.000000e+00
6.029956e+00 1.088445e+00 0.000000e+00
6.029956e+00 1.523711e+00 0.000000e+00
6.029956e+00 2.088426e+00 0.000000e+00
6.029956e+00 2.685505e+00 0.000000e+00
6.170555e+00 1.570796e-02 0.000000e+00
6.170555e+00 2.346256e-02 0.000000e+00
6.170555e+00 3.503514e-02 0.000000e+00
6.170555e+00 5.263151e-02 0.000000e+00
6.170555e+00 7.314235e-02 0.000000e+00
6.170555e+00 1.025928e-01 0.000000e+00
6.170555e+00 1.448116e-01 0.000000e+00
6.170555e+00 2.023460e-01 0.000000e+00
6.170555e+00 2.834245e-01 0.000000e+00
6.170555e+00 3.967448e-01 0.000000e+00
6.170555e+00 5.552783e-01 0.000000e+00
6.170555e+00 7.774819e-01 0.000000e+00
6.170555e+00 1.088445e+00 0.000000e+00
6.170555e+00 1.523711e+00 0.000000e+00
6.170555e+00 2.088426e+00 0.000000e+00
6.170555e+00 2.685505e+00 0.000000e+00
6.313967e+00 1.570796e-02 0.000000e+00
6.313967e+00 2.346256e-02 0.000000e+00
6.313967e+00 3.503514e-02 0.000000e+00
6.313967e+00 5.263151e-02 0.000000e+00
6.313967e+00 7.314235e-02 0.000000e+00
6.313967e+00 1.025928e-01 0.000000e+00
6.313967e+00 1.448116e-01 0.000000e+00
6.313967e+00 2.023460e-01 0.000000e+00
6.313967e+00 2.834245e-01 0.000000e+00
6.313967e+00 3.967448e-01 0.000000e+00
6.313967e+00 5.552783e-01 0.000000e+00
6.313967e+00 7.774819e-01 0.000000e+00
6.313967e+00 1.088445e+00 0.000000e+00
6.313967e+00 1.523711e+00 0.000000e+00
6.313967e+00 2.088426e+00 0.000000e+00
6.313967e+00 2.685505e+00 0.000000e+00
6.460246e+00 1.570796e-02 0.000000e+00
6.460246e+00 2.346256e-02 0.000000e+00
6.460246e+00 3.503514e-02 0.000000e+00
6.460246e+00 5.263151e-02 0.000000e+00
6.460246e+00 7.314235e-02 0.000000e+00
6.460246e+00 1.025928e-01 0.000000e+00
6.460246e+00 1.448116e-01 0.000000e+00
6.460246e+00 2.023460e-01 0.000000e+00
6.460246e+00 2.834245e-01 0.000000e+00
6.460246e+00 3.967448e-01 0.000000e+00
6.460246e+00 5.552783e-01 0.000000e+00
6.460246e+00 7.774819e-01 0.000000e+00
6.460246e+00 1.088445e+00 0.000000e+00
6.460246e+00 1.523711e+00 0.000000e+00
6.460246e+00 2.088426e+00 0.000000e+00
6.460246e+00 2.685505e+00 0.000000e+00
6.609451e+00 1.570796e-02 0.000000e+00
6.609451e+00 2.346256e-02 0.000000e+00
6.609451e+00 3.503514e-02 0.000000e+00
6.609451e+00 5.263151e-02 0.000000e+00
6.609451e+00 7.314235e-02 0.000000e+00
6.609451e+00 1.025928e-01 0.000000e+00
6.609451e+00 1.448116e-01 0.000000e+00
6.609451e+00 2.023460e-01 0.000000e+00
6.609451e+00 2.834245e-01 0.000000e+00
6.609451e+00 3.967448e-01 0.000000e+00
6.609451e+00 5.552783e-01 0.000000e+00
6.609451e+00 7.774819e-01 0.000000e+00
6.609451e+00 1.088445e+00 0.000000e+00
6.609451e+00 1.523711e+00 0.000000e+00
6.609451e+00 2.088426e+00 0.000000e+00
6.609451e+00 2.685505e+00 0.000000e+00
6.761640e+00 1.570796e-02 0.000000e+00
6.761640e+00 2.346256e-02 0.000000e+00
6.761640e+00 3.503514e-02 0.000000e+00
6.761640e+00 5.263151e-02 0.000000e+00
6.761640e+00 7.314235e-02 0.000000e+00
6.761640e+00 1.025928e-01 0.000000e+00
6.761640e+00 1.448116e-01 0.000000e+00
6.761640e+00 2.023460e-01 0.000000e+00
6.761640e+00 2.834245e-01 0.000000e+00
6.761640e+00 3.967448e-01 0.000000e+00
6.761640e+00 5.552783e-01 0.000000e+00
6.761640e+00 7.774819e-01 0.000000e+00
6.761640e+00 1.088445e+00 0.000000e+00
6.761640e+00 1.523711e+00 0.000000e+00
6.761640e+00 2.088426e+00 0.000000e+00
6.761640e+00 2.685505e+00 0.000000e+00
6.916873e+00 1.570796e-02 0.000000e+00
6.916873e+00 2.346256e-02 0.000000e+00
6.916873e+00 3.503514e-02 0.000000e+00
6.916873e+00 5.263151e-02 0.000000e+00
6.916873e+00 7.314235e-02 0.000000e+00
6.916873e+00 1.025928e-01 0.000000e+00
6.916873e+00 1.448116e-01 0.000000e+00
6.916873e+00 2.023460e-01 0.000000e+00
6.916873e+00 2.834245e-01 0.000000e+00
6.916873e+00 3.967448e-01 0.000000e+00
6.916873e+00 5.552783e-01 0.000000e+00
6.916873e+00 7.774819e-01 0.000000e+00
6.916873e+00 1.088445e+00 0.000000e+00
6.916873e+00 1.523711e+00 0.000000e+00
6.916873e+00 2.088426e+00 0.000000e+00
6.916873e+00 2.685505e+00 0.000000e+00
7.075210e+00 1.570796e-02 0.000000e+00
7.075210e+00 2.346256e-02 0.000000e+00
7.075210e+00 3.503514e-02 0.000000e+00
7.075210e+00 5.263151e-02 0.000000e+00
7.075210e+00 7.314235e-02 0.000000e+00
7.075210e+00 1.025928e-01 0.000000e+00
7.075210e+00 1.448116e-01 0.000000e+00
7.075210e+00 2.023460e-01 0.000000e+00
7.075210e+00 2.834245e-01 0.000000e+00
7.075210e+00 3.967448e-01 0.000000e+00
7.075210e+00 5.552783e-01 0.000000e+00
7.075210e+00 7.774819e-01 0.000000e+00
7.075210e+00 1.088445e+00 0.000000e+00
7.075210e+00 1.523711e+00 0.000000e+00
7.075210e+00 2.088426e+00 0.000000e+00
7.075210e+00 2.685505e+00 0.000000e+00
7.236714e+00 1.570796e-02 -5.987203e-05
7.236714e+00 2.346256e-02 -4.292304e-05
7.236714e+00 3.503514e-02 -8.655675e-05
7.236714e+00 5.263151e-02 -1.100970e-04
7.236714e+00 7.314235e-02 -1.206689e-04
7.236714e+00 1.025928e-01 -3.640004e-05
7.236714e+00 1.448116e-01 -1.357834e-04
7.236714e+00 2.023460e-01 -5.871642e-05
7.236714e+00 2.834245e-01 -1.025726e-04
7.236714e+00 3.967448e-01 -6.469283e-05
7.236714e+00 5.552783e-01 -5.388354e-05
7.236714e+00 7.774819e-01 -4.761429e-05
7.236714e+00 1.088445e+00 -4.545287e-05
7.236714e+00 1.523711e+00 -4.611972e-05
7.236714e+00 2.088426e+00 -5.170922e-05
7.236714e+00 2.685505e+00 -5.114920e-05
7.401449e+00 1.570796e-02 -1.812695e-04
7.401449e+00 2.346256e-02 -1.569171e-04
7.401449e+00 3.503514e-02 -2.258801e-04
7.401449e+00 5.263151e-02 -3.510074e-04
7.401449e+00 7.314235e-02 -4.198374e-04
7.401449e+00 1.025928e-01 -2.560580e-04
7.401449e+00 1.448116e-01 -3.261053e-04
7.401449e+00 2.023460e-01 -3.505471e-04
7.401449e+00 2.834245e-01 -4.313566e-04
7.401449e+00 3.967448e-01 -2.739190e-04
7.401449e+00 5.552783e-01 -2.602350e-04
7.401449e+00 7.774819e-01 -2.361154e-04
7.401449e+00 1.088445e+00 -2.081119e-04
7.401449e+00 1.523711e+00 -2.053995e-04
7.401449e+00 2.088426e+00 -2.272948e-04
7.401449e+00 2.685505e+00 -2.287909e-04
7.569477e+00 1.570796e-02 -4.350255e-04
7.569477e+00 2.346256e-02 -4.757211e-04
7.569477e+00 3.503514e-02 -7.450417e-04
7.569477e+00 5.263151e-02 -1.286862e-03
7.569477e+00 7.314235e-02 -1.635828e-03
7.569477e+00 1.025928e-01 -1.344263e-03
7.569477e+00 1.448116e-01 -1.753416e-03
7.569477e+00 2.023460e-01 -1.565901e-03
7.569477e+00 2.834245e-01 -1.686412e-03
7.569477e+00 3.967448e-01 -1.244710e-03
7.569477e+00 5.552783e-01 -1.118206e-03
7.569477e+00 7.774819e-01 -1.009880e-03
7.569477e+00 1.088445e+00 -8.654310e-04
7.569477e+00 1.523711e+00 -8.656045e-04
7.569477e+00 2.088426e+00 -9.297104e-04
7.569477e+00 2.685505e+00 -9.458347e-04
7.740867e+00 1.570796e-02 -6.891955e-04
7.740867e+00 2.346256e-02 -1.185878e-03
7.740867e+00 3.503514e-02 -1.826940e-03
7.740867e+00 5.263151e-02 -2.887318e-03
7.740867e+00 7.314235e-02 -4.574556e-03
7.740867e+00 1.025928e-01 -3.374352e-03
7.740867e+00 1.448116e-01 -4.144487e-03
7.740867e+00 2.023460e-01 -4.220953e-03
7.740867e+00 2.834245e-01 -4.128229e-03
7.740867e+00 3.967448e-01 -3.435371e-03
7.740867e+00 5.552783e-01 -3.144476e-03
7.740867e+00 7.774819e-01 -2.697907e-03
7.740867e+00 1.088445e+00 -2.335043e-03
7.740867e+00 1.523711e+00 -2.308028e-03
7.740867e+00 2.088426e+00 -2.447942e-03
7.740867e+00 2.685505e+00 -2.443571e-03
7.915684e+00 1.570796e-02 -7.558380e-04
7.915684e+00 2.346256e-02 -1.771478e-03
7.915684e+00 3.503514e-02 -3.225624e-03
7.915684e+00 5.263151e-02 -4.795031e-03
7.915684e+00 7.314235e-02 -7.859026e-03
7.915684e+00 1.025928e-01 -6.740953e-03
7.915684e+00 1.448116e-01 -7.811903e-03
7.915684e+00 2.023460e-01 -8.170997e-03
7.915684e+00 2.834245e-01 -7.916023e-03
7.915684e+00 3.967448e-01 -6.871342e-03
7.915684e+00 5.552783e-01 -6.173960e-03
7.915684e+00 7.774819e-01 -5.338435e-03
7.915684e+00 1.088445e+00 -4.583577e-03
7.915684e+00 1.523711e+00 -4.397077e-03
7.915684e+00 2.088426e+00 -4.636627e-03
7.915684e+00 2.685505e+00 -4.645914e-03
8.093998e+00 1.570796e-02 -7.992488e-04
8.093998e+00 2.346256e-02 -2.101095e-03
8.093998e+00 3.503514e-02 -4.121577e-03
8.093998e+00 5.263151e-02 -6.457824e-03
8.093998e+00 7.314235e-02 -1.086059e-02
8.093998e+00 1.025928e-01 -1.073340e-02
8.093998e+00 1.448116e-01 -1.290268e-02
8.093998e+00 2.023460e-01 -1.330459e-02
8.093998e+00 2.834245e-01 -1.312519e-02
8.093998e+00 3.967448e-01 -1.133256e-02
8.093998e+00 5.552783e-01 -1.028020e-02
8.093998e+00 7.774819e-01 -8.857592e-03
8.093998e+00 1.088445e+00 -7.580072e-03
8.093998e+00 1.523711e+00 -7.142243e-03
8.093998e+00 2.088426e+00 -7.501361e-03
8.093998e+00 2.685505e+00 -7.449692e-03
8.275878e+00 1.570796e-02 -8.189996e-04
8.275878e+00 2.346256e-02 -2.065427e-03
8.275878e+00 3.503514e-02 -4.450944e-03
8.275878e+00 5.263151e-02 -7.644990e-03
8.275878e+00 7.314235e-02 -1.304501e-02
8.275878e+00 1.025928e-01 -1.447255e-02
8.275878e+00 1.448116e-01 -1.767834e-02
8.275878e+00 2.023460e-01 -1.846580e-02
8.275878e+00 2.834245e-01 -1.832982e-02
8.275878e+00 3.967448e-01 -1.637748e-02
8.275878e+00 5.552783e-01 -1.490720e-02
8.275878e+00 7.774819e-01 -1.278461e-02
8.275878e+00 1.088445e+00 -1.091864e-02
8.275878e+00 1.523711e+00 -1.014512e-02
8.275878e+00 2.088426e+00 -1.051060e-02
8.275878e+00 2.685505e+00 -1.027252e-02
8.461396e+00 1.570796e-02 -8.130810e-04
8.461396e+00 2.346256e-02 -1.926892e-03
8.461396e+00 3.503514e-02 -4.350384e-03
8.461396e+00 5.263151e-02 -7.841512e-03
8.461396e+00 7.314235e-02 -1.414111e-02
8.461396e+00 1.025928e-01 -1.706628e-02
8.461396e+00 1.448116e-01 -2.220764e-02
8.461396e+00 2.023460e-01 -2.325038e-02
8.461396e+00 2.834245e-01 -2.332805e-02
8.461396e+00 3.967448e-01 -2.142207e-02
8.461396e+00 5.552783e-01 -1.947611e-02
8.461396e+00 7.774819e-01 -1.684859e-02
8.461396e+00 1.088445e+00 -1.428443e-02
8.461396e+00 1.523711e+00 -1.320868e-02
8.461396e+00 2.088426e+00 -1.346480e-02
8.461396e+00 2.685505e+00 -1.303522e-02
8.650623e+00 1.570796e-02 -7.416638e-04
8.650623e+00 2.346256e-02 -1.799124e-03
8.650623e+00 3.503514e-02 -4.017490e-03
8.650623e+00 5.263151e-02 -7.585427e-03
8.650623e+00 7.314235e-02 -1.422684e-02
8.650623e+00 1.025928e-01 -1.843083e-02
8.650623e+00 1.448116e-01 -2.486036e-02
8.650623e+00 2.023460e-01 -2.696555e-02
8.650623e+00 2.834245e-01 -2.754114e-02
8.650623e+00 3.967448e-01 -2.585205e-02
8.650623e+00 5.552783e-01 -2.364702e-02
8.650623e+00 7.774819e-01 -2.044378e-02
8.650623e+00 1.088445e+00 -1.740315e-02
8.650623e+00 1.523711e+00 -1.595005e-02
8.650623e+00 2.088426e+00 -1.598777e-02
8.650623e+00 2.685505e+00 -1.527896e-02
8.843636e+00 1.570796e-02 -6.531896e-04
8.843636e+00 2.346256e-02 -1.615623e-03
8.843636e+00 3.503514e-02 -3.700079e-03
8.843636e+00 5.263151e-02 -7.130224e-03
8.843636e+00 7.314235e-02 -1.362586e-02
8.843636e+00 1.025928e-01 -1.867871e-02
8.843636e+00 1.448116e-01 -2.611714e-02
8.843636e+00 2.023460e-01 -2.930313e-02
8.843636e+00 2.834245e-01 -3.055479e-02
8.843636e+00 3.967448e-01 -2.928286e-02
8.843636e+00 5.552783e-01 -2.710492e-02
8.843636e+00 7.774819e-01 -2.351935e-02
8.843636e+00 1.088445e+00 -2.004136e-02
8.843636e+00 1.523711e+00 -1.820692e-02
8.843636e+00 2.088426e+00 -1.809521e-02
8.843636e+00 2.685505e+00 -1.709036e-02
9.040509e+00 1.570796e-02 -5.805550e-04
9.040509e+00 2.346256e-02 -1.468830e-03
9.040509e+00 3.503514e-02 -3.272368e-03
9.040509e+00 5.263151e-02 -6.467323e-03
9.040509e+00 7.314235e-02 -1.261084e-02
9.040509e+00 1.025928e-01 -1.801022e-02
9.040509e+00 1.448116e-01 -2.615611e-02
9.040509e+00 2.023460e-01 -3.030985e-02
9.040509e+00 2.834245e-01 -3.241746e-02
9.040509e+00 3.967448e-01 -3.182992e-02
9.040509e+00 5.552783e-01 -2.979042e-02
9.040509e+00 7.774819e-01 -2.611086e-02
9.040509e+00 1.088445e+00 -2.222428e-02
9.040509e+00 1.523711e+00 -2.006057e-02
9.040509e+00 2.088426e+00 -1.979296e-02
9.040509e+00 2.685505e+00 -1.859114e-02
9.241319e+00 1.570796e-02 -5.213256e-04
9.241319e+00 2.346256e-02 -1.323612e-03
9.241319e+00 3.503514e-02 -2.825453e-03
9.241319e+00 5.263151e-02 -5.787234e-03
9.241319e+00 7.314235e-02 -1.147803e-02
9.241319e+00 1.025928e-01 -1.679881e-02
9.241319e+00 1.448116e-01 -2.533248e-02
9.241319e+00 2.023460e-01 -3.025760e-02
9.241319e+00 2.834245e-01 -3.327610e-02
9.241319e+00 3.967448e-01 -3.341853e-02
9.241319e+00 5.552783e-01 -3.166527e-02
9.241319e+00 7.774819e-01 -2.807762e-02
9.241319e+00 1.088445e+00 -2.396132e-02
9.241319e+00 1.523711e+00 -2.156045e-02
9.241319e+00 2.088426e+00 -2.110584e-02
9.241319e+00 2.685505e+00 -1.964361e-02
9.446145e+00 1.570796e-02 -4.663111e-04
9.446145e+00 2.346256e-02 -1.184788e-03
9.446145e+00 3.503514e-02 -2.442032e-03
9.446145e+00 5.263151e-02 -5.146774e-03
9.446145e+00 7.314235e-02 -1.027335e-02
9.446145e+00 1.025928e-01 -1.540567e-02
9.446145e+00 1.448116e-01 -2.382212e-02
9.446145e+00 2.023460e-01 -2.936743e-02
9.446145e+00 2.834245e-01 -3.322240e-02
9.446145e+00 3.967448e-01 -3.410218e-02
9.446145e+00 5.552783e-01 -3.284633e-02
9.446145e+00 7.774819e-01 -2.939682e-02
9.446145e+00 1.088445e+00 -2.528723e-02
9.446145e+00 1.523711e+00 -2.265897e-02
9.446145e+00 2.088426e+00 -2.207240e-02
9.446145e+00 2.685505e+00 -2.037436e-02
9.655068e+00 1.570796e-02 -4.121164e-04
9.655068e+00 2.346256e-02 -1.067304e-03
9.655068e+00 3.503514e-02 -2.151802e-03
9.655068e+00 5.263151e-02 -4.551898e-03
9.655068e+00 7.314235e-02 -9.103317e-03
9.655068e+00 1.025928e-01 -1.381709e-02
9.655068e+00 1.448116e-01 -2.182553e-02
9.655068e+00 2.023460e-01 -2.775094e-02
9.655068e+00 2.834245e-01 -3.238180e-02
9.655068e+00 3.967448e-01 -3.406452e-02
9.655068e+00 5.552783e-01 -3.335634e-02
9.655068e+00 7.774819e-01 -3.021868e-02
9.655068e+00 1.088445e+00 -2.616159e-02
9.655068e+00 1.523711e+00 -2.348237e-02
9.655068e+00 2.088426e+00 -2.281652e-02
9.655068e+00 2.685505e+00 -2.086789e-02
9.868170e+00 1.570796e-02 -3.563716e-04
9.868170e+00 2.346256e-02 -9.486719e-04
9.868170e+00 3.503514e-02 -1.898239e-03
9.868170e+00 5.263151e-02 -4.012751e-03
9.868170e+00 7.314235e-02 -8.026793e-03
9.868170e+00 1.025928e-01 -1.222377e-02
9.868170e+00 1.448116e-01 -1.967174e-02
9.868170e+00 2.023460e-01 -2.578630e-02
9.868170e+00 2.834245e-01 -3.097272e-02
9.868170e+00 3.967448e-01 -3.337493e-02
9.868170e+00 5.552783e-01 -3.323379e-02
9.868170e+00 7.774819e-01 -3.053049e-02
9.868170e+00 1.088445e+00 -2.664298e-02
9.868170e+00 1.523711e+00 -2.400288e-02
9.868170e+00 2.088426e+00 -2.326125e-02
9.868170e+00 2.685505e+00 -2.117210e-02
1.008553e+01 1.570796e-02 -3.053800e-04
1.008553e+01 2.346256e-02 -8.498240e-04
1.008553e+01 3.503514e-02 -1.660291e-03
1.008553e+01 5.263151e-02 -3.521392e-03
1.008553e+01 7.314235e-02 -7.045411e-03
1.008553e+01 1.025928e-01 -1.075121e-02
1.008553e+01 1.448116e-01 -1.756537e-02
1.008553e+01 2.023460e-01 -2.358511e-02
1.008553e+01 2.834245e-01 -2.914277e-02
1.008553e+01 3.967448e-01 -3.213838e-02
1.008553e+01 5.552783e-01 -3.257501e-02
1.008553e+01 7.774819e-01 -3.032191e-02
1.008553e+01 1.088445e+00 -2.672492e-02
1.008553e+01 1.523711e+00 -2.421093e-02
1.008553e+01 2.088426e+00 -2.341872e-02
1.008553e+01 2.685505e+00 -2.120385e-02
1.030724e+01 1.570796e-02 -2.604475e-04
1.030724e+01 2.346256e-02 -7.532298e-04
1.030724e+01 3.503514e-02 -1.463570e-03
1.030724e+01 5.263151e-02 -3.074527e-03
1.030724e+01 7.314235e-02 -6.164618e-03
1.030724e+01 1.025928e-01 -9.388143e-03
1.030724e+01 1.448116e-01 -1.553191e-02
1.030724e+01 2.023460e-01 -2.132025e-02
1.030724e+01 2.834245e-01 -2.699860e-02
1.030724e+01 3.967448e-01 -3.045786e-02
1.030724e+01 5.552783e-01 -3.143911e-02
1.030724e+01 7.774819e-01 -2.971912e-02
1.030724e+01 1.088445e+00 -2.646702e-02
1.030724e+01 1.523711e+00 -2.411963e-02
1.030724e+01 2.088426e+00 -2.339234e-02
1.030724e+01 2.685505e+00 -2.110975e-02
1.053339e+01 1.570796e-02 -2.261926e-04
1.053339e+01 2.346256e-02 -6.627557e-04
1.053339e+01 3.503514e-02 -1.284447e-03
1.053339e+01 5.263151e-02 -2.682402e-03
1.053339e+01 7.314235e-02 -5.371119e-03
1.053339e+01 1.025928e-01 -8.196994e-03
1.053339e+01 1.448116e-01 -1.365392e-02
1.053339e+01 2.023460e-01 -1.908726e-02
1.053339e+01 2.834245e-01 -2.468135e-02
1.053339e+01 3.967448e-01 -2.846703e-02
1.053339e+01 5.552783e-01 -2.993318e-02
1.053339e+01 7.774819e-01 -2.873883e-02
1.053339e+01 1.088445e+00 -2.591135e-02
1.053339e+01 1.523711e+00 -2.382239e-02
1.053339e+01 2.088426e+00 -2.315782e-02
1.053339e+01 2.685505e+00 -2.083353e-02
1.076406e+01 1.570796e-02 -1.964736e-04
1.076406e+01 2.346256e-02 -5.822191e-04
1.076406e+01 3.503514e-02 -1.126086e-03
1.076406e+01 5.263151e-02 -2.337182e-03
1.076406e+01 7.314235e-02 -4.676208e-03
1.076406e+01 1.025928e-01 -7.157711e-03
1.076406e+01 1.448116e-01 -1.195173e-02
1.076406e+01 2.023460e-01 -1.690390e-02
1.076406e+01 2.834245e-01 -2.228171e-02
1.076406e+01 3.967448e-01 -2.624071e-02
1.076406e+01 5.552783e-01 -2.812063e-02
1.076406e+01 7.774819e-01 -2.742538e-02
1.076406e+01 1.088445e+00 -2.512112e-02
1.076406e+01 1.523711e+00 -2.330817e-02
1.076406e+01 2.088426e+00 -2.273425e-02
1.076406e+01 2.685505e+00 -2.042204e-02
1.099934e+01 1.570796e-02 -1.700574e-04
1.099934e+01 2.346256e-02 -5.056681e-04
1.099934e+01 3.503514e-02 -9.861321e-04
1.099934e+01 5.263151e-02 -2.031807e-03
1.099934e+01 7.314235e-02 -4.068866e-03
1.099934e+01 1.025928e-01 -6.255195e-03
1.099934e+01 1.448116e-01 -1.042599e-02
1.099934e+01 2.023460e-01 -1.486160e-02
1.099934e+01 2.834245e-01 -1.989621e-02
1.099934e+01 3.967448e-01 -2.388237e-02
1.099934e+01 5.552783e-01 -2.613091e-02
1.099934e+01 7.774819e-01 -2.590114e-02
1.099934e+01 1.088445e+00 -2.409685e-02
1.099934e+01 1.523711e+00 -2.260541e-02
1.099934e+01 2.088426e+00 -2.211181e-02
1.099934e+01 2.685505e+00 -1.981297e-02
1.123932e+01 1.570796e-02 -1.490724e-04
1.123932e+01 2.346256e-02 -4.380427e-04
1.123932e+01 3.503514e-02 -8.625846e-04
1.123932e+01 5.263151e-02 -1.757699e-03
1.123932e+01 7.314235e-02 -3.529226e-03
1.123932e+01 1.025928e-01 -5.435991e-03
1.123932e+01 1.448116e-01 -9.054791e-03
1.123932e+01 2.023460e-01 -1.297118e-02
1.123932e+01 2.834245e-01 -1.761143e-02
1.123932e+01 3.967448e-01 -2.152581e-02
1.123932e+01 5.552783e-01 -2.397381e-02
1.123932e+01 7.774819e-01 -2.421886e-02
1.123932e+01 1.088445e+00 -2.289189e-02
1.123932e+01 1.523711e+00 -2.172023e-02
1.123932e+01 2.088426e+00 -2.136702e-02
1.123932e+01 2.685505e+00 -1.897907e-02
1.148411e+01 1.570796e-02 -1.298688e-04
1.148411e+01 2.346256e-02 -3.771746e-04
1.148411e+01 3.503514e-02 -7.519033e-04
1.148411e+01 5.263151e-02 -1.515070e-03
1.148411e+01 7.314235e-02 -3.045990e-03
1.148411e+01 1.025928e-01 -4.697508e-03
1.148411e+01 1.448116e-01 -7.824788e-03
1.148411e+01 2.023460e-01 -1.125469e-02
1.148411e+01 2.834245e-01 -1.547138e-02
1.148411e+01 3.967448e-01 -1.922135e-02
1.148411e+01 5.552783e-01 -2.178750e-02
1.148411e+01 7.774819e-01 -2.240002e-02
1.148411e+01 1.088445e+00 -2.154006e-02
1.148411e+01 1.523711e+00 -2.071983e-02
1.148411e+01 2.088426e+00 -2.045244e-02
1.148411e+01 2.685505e+00 -1.814379e-02
1.173379e+01 1.570796e-02 -1.138347e-04
1.173379e+01 2.346256e-02 -3.222931e-04
1.173379e+01 3.503514e-02 -6.480777e-04
1.173379e+01 5.263151e-02 -1.306158e-03
1.173379e+01 7.314235e-02 -2.623110e-03
1.173379e+01 1.025928e-01 -4.037661e-03
1.173379e+01 1.448116e-01 -6.731952e-03
1.173379e+01 2.023460e-01 -9.703295e-03
1.173379e+01 2.834245e-01 -1.350781e-02
1.173379e+01 3.967448e-01 -1.700994e-02
1.173379e+01 5.552783e-01 -1.962764e-02
1.173379e+01 7.774819e-01 -2.054365e-02
1.173379e+01 1.088445e+00 -2.009962e-02
1.173379e+01 1.523711e+00 -1.959075e-02
1.173379e+01 2.088426e+00 -1.947781e-02
1.173379e+01 2.685505e+00 -1.723431e-02
1.198847e+01 1.570796e-02 -9.864363e-05
1.198847e+01 2.346256e-02 -2.726156e-04
1.198847e+01 3.503514e-02 -5.563549e-04
1.198847e+01 5.263151e-02 -1.120720e-03
1.198847e+01 7.314235e-02 -2.251229e-03
1.198847e+01 1.025928e-01 -3.461138e-03
1.198847e+01 1.448116e-01 -5.768464e-03
1.198847e+01 2.023460e-01 -8.340823e-03
1.198847e+01 2.834245e-01 -1.170789e-02
1.198847e+01 3.967448e-01 -1.495527e-02
1.198847e+01 5.552783e-01 -1.752792e-02
1.198847e+01 7.774819e-01 -1.867610e-02
1.198847e+01 1.088445e+00 -1.861421e-02
1.198847e+01 1.523711e+00 -1.842563e-02
1.198847e+01 2.088426e+00 -1.846781e-02
1.198847e+01 2.685505e+00 -1.626044e-02
1.224824e+01 1.570796e-02 -8.492285e-05
1.224824e+01 2.346256e-02 -2.298140e-04
1.224824e+01 3.503514e-02 -4.772367e-04
1.224824e+01 5.263151e-02 -9.575442e-04
1.224824e+01 7.314235e-02 -1.922706e-03
1.224824e+01 1.025928e-01 -2.959050e-03
1.224824e+01 1.448116e-01 -4.919858e-03
1.224824e+01 2.023460e-01 -7.152640e-03
1.224824e+01 2.834245e-01 -1.008293e-02
1.224824e+01 3.967448e-01 -1.303702e-02
1.224824e+01 5.552783e-01 -1.552323e-02
1.224824e+01 7.774819e-01 -1.682868e-02
1.224824e+01 1.088445e+00 -1.706036e-02
1.224824e+01 1.523711e+00 -1.716335e-02
1.224824e+01 2.088426e+00 -1.738098e-02
1.224824e+01 2.685505e+00 -1.521782e-02
1.251320e+01 1.570796e-02 -7.250316e-05
1.251320e+01 2.346256e-02 -1.936293e-04
1.251320e+01 3.503514e-02 -4.070554e-04
1.251320e+01 5.263151e-02 -8.156623e-04
1.251320e+01 7.314235e-02 -1.634387e-03
1.251320e+01 1.025928e-01 -2.522141e-03
1.251320e+01 1.448116e-01 -4.176980e-03
1.251320e+01 2.023460e-01 -6.105982e-03
1.251320e+01 2.834245e-01 -8.644033e-03
1.251320e+01 3.967448e-01 -1.129011e-02
1.251320e+01 5.552783e-01 -1.361803e-02
1.251320e+01 7.774819e-01 -1.503679e-02
1.251320e+01 1.088445e+00 -1.548531e-02
1.251320e+01 1.523711e+00 -1.582925e-02
1.251320e+01 2.088426e+00 -1.612820e-02
1.251320e+01 2.685505e+00 -1.406430e-02
1.278347e+01 1.570796e-02 -6.174273e-05
1.278347e+01 2.346256e-02 -1.630603e-04
1.278347e+01 3.503514e-02 -3.451034e-04
1.278347e+01 5.263151e-02 -6.917426e-04
1.278347e+01 7.314235e-02 -1.383633e-03
1.278347e+01 1.025928e-01 -2.140165e-03
1.278347e+01 1.448116e-01 -3.537230e-03
1.278347e+01 2.023460e-01 -5.185643e-03
1.278347e+01 2.834245e-01 -7.367596e-03
1.278347e+01 3.967448e-01 -9.690052e-03
1.278347e+01 5.552783e-01 -1.184569e-02
1.278347e+01 7.774819e-01 -1.330388e-02
1.278347e+01 1.088445e+00 -1.393971e-02
1.278347e+01 1.523711e+00 -1.447972e-02
1.278347e+01 2.088426e+00 -1.486372e-02
1.278347e+01 2.685505e+00 -1.293508e-02
1.305914e+01 1.570796e-02 -5.199617e-05
1.305914e+01 2.346256e-02 -1.350215e-04
1.305914e+01 3.503514e-02 -2.891155e-04
1.305914e+01 5.263151e-02 -5.833696e-04
1.305914e+01 7.314235e-02 -1.167246e-03
1.305914e+01 1.025928e-01 -1.805166e-03
1.305914e+01 1.448116e-01 -2.978850e-03
1.305914e+01 2.023460e-01 -4.385652e-03
1.305914e+01 2.834245e-01 -6.239207e-03
1.305914e+01 3.967448e-01 -8.259622e-03
1.305914e+01 5.552783e-01 -1.022219e-02
1.305914e+01 7.774819e-01 -1.166581e-02
1.305914e+01 1.088445e+00 -1.245423e-02
1.305914e+01 1.523711e+00 -1.312569e-02
1.305914e+01 2.088426e+00 -1.359607e-02
1.305914e+01 2.685505e+00 -1.181711e-02
1.334032e+01 1.570796e-02 -4.353558e-05
1.334032e+01 2.346256e-02 -1.117532e-04
1.334032e+01 3.503514e-02 -2.421027e-04
1.334032e+01 5.263151e-02 -4.905257e-04
1.334032e+01 7.314235e-02 -9.774955e-04
1.334032e+01 1.025928e-01 -1.517682e-03
1.334032e+01 1.448116e-01 -2.503564e-03
1.334032e+01 2.023460e-01 -3.686836e-03
1.334032e+01 2.834245e-01 -5.265993e-03
1.334032e+01 3.967448e-01 -7.003789e-03
1.334032e+01 5.552783e-01 -8.746550e-03
1.334032e+01 7.774819e-01 -1.016575e-02
1.334032e+01 1.088445e+00 -1.104861e-02
1.334032e+01 1.523711e+00 -1.181453e-02
1.334032e+01 2.088426e+00 -1.234403e-02
1.334032e+01 2.685505e+00 -1.074998e-02
1.362713e+01 1.570796e-02 -3.664580e-05
1.362713e+01 2.346256e-02 -9.276478e-05
1.362713e+01 3.503514e-02 -2.023600e-04
1.362713e+01 5.263151e-02 -4.095564e-04
1.362713e+01 7.314235e-02 -8.196356e-04
1.362713e+01 1.025928e-01 -1.267196e-03
1.362713e+01 1.448116e-01 -2.086912e-03
1.362713e+01 2.023460e-01 -3.088072e-03
1.362713e+01 2.834245e-01 -4.408361e-03
1.362713e+01 3.967448e-01 -5.898509e-03
1.362713e+01 5.552783e-01 -7.434342e-03
1.362713e+01 7.774819e-01 -8.793512e-03
1.362713e+01 1.088445e+00 -9.718843e-03
1.362713e+01 1.523711e+00 -1.056606e-02
1.362713e+01 2.088426e+00 -1.113278e-02
1.362713e+01 2.685505e+00 -9.732085e-03
1.391967e+01 1.570796e-02 -3.063090e-05
1.391967e+01 2.346256e-02 -7.618066e-05
1.391967e+01 3.503514e-02 -1.677856e-04
1.391967e+01 5.263151e-02 -3.396986e-04
1.391967e+01 7.314235e-02 -6.781595e-04
1.391967e+01 1.025928e-01 -1.050153e-03
1.391967e+01 1.448116e-01 -1.731095e-03
1.391967e+01 2.023460e-01 -2.567518e-03
1.391967e+01 2.834245e-01 -3.672931e-03
1.391967e+01 3.967448e-01 -4.934903e-03
1.391967e+01 5.552783e-01 -6.274653e-03
1.391967e+01 7.774819e-01 -7.539325e-03
1.391967e+01 1.088445e+00 -8.491702e-03
1.391967e+01 1.523711e+00 -9.363781e-03
1.391967e+01 2.088426e+00 -9.982126e-03
1.391967e+01 2.685505e+00 -8.732461e-03
1.421806e+01 1.570796e-02 -2.528776e-05
1.421806e+01 2.346256e-02 -6.255715e-05
1.421806e+01 3.503514e-02 -1.383773e-04
1.421806e+01 5.263151e-02 -2.804187e-04
1.421806e+01 7.314235e-02 -5.587402e-04
1.421806e+01 1.025928e-01 -8.659411e-04
1.421806e+01 1.448116e-01 -1.427791e-03
1.421806e+01 2.023460e-01 -2.120171e-03
1.421806e+01 2.834245e-01 -3.036374e-03
1.421806e+01 3.967448e-01 -4.096210e-03
1.421806e+01 5.552783e-01 -5.256493e-03
1.421806e+01 7.774819e-01 -6.417469e-03
1.421806e+01 1.088445e+00 -7.360705e-03
1.421806e+01 1.523711e+00 -8.265106e-03
1.421806e+01 2.088426e+00 -8.908466e-03
1.421806e+01 2.685505e+00 -7.823127e-03
1.452242e+01 1.570796e-02 -2.102866e-05
1.452242e+01 2.346256e-02 -5.086911e-05
1.452242e+01 3.503514e-02 -1.143633e-04
1.452242e+01 5.263151e-02 -2.299744e-04
1.452242e+01 7.314235e-02 -4.586551e-04
1.452242e+01 1.025928e-01 -7.116975e-04
1.452242e+01 1.448116e-01 -1.168176e-03
1.452242e+01 2.023460e-01 -1.741798e-03
1.452242e+01 2.834245e-01 -2.497214e-03
1.452242e+01 3.967448e-01 -3.381895e-03
1.452242e+01 5.552783e-01 -4.376296e-03
1.452242e+01 7.774819e-01 -5.420288e-03
1.452242e+01 1.088445e+00 -6.326553e-03
1.452242e+01 1.523711e+00 -7.235247e-03
1.452242e+01 2.088426e+00 -7.870625e-03
1.452242e+01 2.685505e+00 -7.007764e-03
1.483287e+01 1.570796e-02 -1.725681e-05
1.483287e+01 2.346256e-02 -4.162066e-05
1.483287e+01 3.503514e-02 -9.326579e-05
1.483287e+01 5.263151e-02 -1.887197e-04
1.483287e+01 7.314235e-02 -3.733045e-04
1.483287e+01 1.025928e-01 -5.799671e-04
1.483287e+01 1.448116e-01 -9.545172e-04
1.483287e+01 2.023460e-01 -1.423761e-03
1.483287e+01 2.834245e-01 -2.043657e-03
1.483287e+01 3.967448e-01 -2.778099e-03
1.483287e+01 5.552783e-01 -3.630163e-03
1.483287e+01 7.774819e-01 -4.559124e-03
1.483287e+01 1.088445e+00 -5.418105e-03
1.483287e+01 1.523711e+00 -6.308500e-03
1.483287e+01 2.088426e+00 -6.943219e-03
1.483287e+01 2.685505e+00 -6.218523e-03
1.514953e+01 1.570796e-02 -1.437159e-05
1.514953e+01 2.346256e-02 -3.298855e-05
1.514953e+01 3.503514e-02 -7.538093e-05
1.514953e+01 5.263151e-02 -1.520844e-04
1.514953e+01 7.314235e-02 -3.037906e-04
1.514953e+01 1.025928e-01 -4.697455e-04
1.514953e+01 1.448116e-01 -7.763155e-04
1.514953e+01 2.023460e-01 -1.158496e-03
1.514953e+01 2.834245e-01 -1.663340e-03
1.514953e+01 3.967448e-01 -2.270376e-03
1.514953e+01 5.552783e-01 -2.990552e-03
1.514953e+01 7.774819e-01 -3.801730e-03
1.514953e+01 1.088445e+00 -4.605351e-03
1.514953e+01 1.523711e+00 -5.446063e-03
1.514953e+01 2.088426e+00 -6.087209e-03
1.514953e+01 2.685505e+00 -5.505680e-03
1.547252e+01 1.570796e-02 -1.141913e-05
1.547252e+01 2.346256e-02 -2.645574e-05
1.547252e+01 3.503514e-02 -6.067070e-05
1.547252e+01 5.263151e-02 -1.227926e-04
1.547252e+01 7.314235e-02 -2.445743e-04
1.547252e+01 1.025928e-01 -3.781789e-04
1.547252e+01 1.448116e-01 -6.269212e-04
1.547252e+01 2.023460e-01 -9.411773e-04
1.547252e+01 2.834245e-01 -1.348012e-03
1.547252e+01 3.967448e-01 -1.843110e-03
1.547252e+01 5.552783e-01 -2.443883e-03
1.547252e+01 7.774819e-01 -3.144551e-03
1.547252e+01 1.088445e+00 -3.882900e-03
1.547252e+01 1.523711e+00 -4.663325e-03
1.547252e+01 2.088426e+00 -5.281709e-03
1.547252e+01 2.685505e+00 -4.821999e-03
1.580197e+01 1.570796e-02 -9.155036e-06
1.580197e+01 2.346256e-02 -2.102702e-05
1.580197e+01 3.503514e-02 -4.890259e-05
1.580197e+01 5.263151e-02 -9.880547e-05
1.580197e+01 7.314235e-02 -1.958105e-04
1.580197e+01 1.025928e-01 -3.044112e-04
1.580197e+01 1.448116e-01 -5.023939e-04
1.580197e+01 2.023460e-01 -7.558694e-04
1.580197e+01 2.834245e-01 -1.081396e-03
1.580197e+01 3.967448e-01 -1.487983e-03
1.580197e+01 5.552783e-01 -1.990038e-03
1.580197e+01 7.774819e-01 -2.589641e-03
1.580197e+01 1.088445e+00 -3.248647e-03
1.580197e+01 1.523711e+00 -3.975608e-03
1.580197e+01 2.088426e+00 -4.557831e-03
1.580197e+01 2.685505e+00 -4.222023e-03
1.613801e+01 1.570796e-02 -7.399431e-06
1.613801e+01 2.346256e-02 -1.663835e-05
1.613801e+01 3.503514e-02 -3.892824e-05
1.613801e+01 5.263151e-02 -7.881366e-05
1.613801e+01 7.314235e-02 -1.558685e-04
1.613801e+01 1.025928e-01 -2.434460e-04
1.613801e+01 1.448116e-01 -4.032281e-04
1.613801e+01 2.023460e-01 -6.057549e-04
1.613801e+01 2.834245e-01 -8.648388e-04
1.613801e+01 3.967448e-01 -1.196950e-03
1.613801e+01 5.552783e-01 -1.609066e-03
1.613801e+01 7.774819e-01 -2.121216e-03
1.613801e+01 1.088445e+00 -2.710089e-03
1.613801e+01 1.523711e+00 -3.370887e-03
1.613801e+01 2.088426e+00 -3.912637e-03
1.613801e+01 2.685505e+00 -3.658910e-03
1.648077e+01 1.570796e-02 -6.009390e-06
1.648077e+01 2.346256e-02 -1.314184e-05
1.648077e+01 3.503514e-02 -3.125652e-05
1.648077e+01 5.263151e-02 -6.217023e-05
1.648077e+01 7.314235e-02 -1.253636e-04
1.648077e+01 1.025928e-01 -1.939294e-04
1.648077e+01 1.448116e-01 -3.204808e-04
1.648077e+01 2.023460e-01 -4.829413e-04
1.648077e+01 2.834245e-01 -6.888079e-04
1.648077e+01 3.967448e-01 -9.563321e-04
1.648077e+01 5.552783e-01 -1.298331e-03
1.648077e+01 7.774819e-01 -1.725880e-03
1.648077e+01 1.088445e+00 -2.240187e-03
1.648077e+01 1.523711e+00 -2.834739e-03
1.648077e+01 2.088426e+00 -3.329361e-03
1.648077e+01 2.685505e+00 -3.112787e-03
1.683038e+01 1.570796e-02 -4.716534e-06
1.683038e+01 2.346256e-02 -1.028485e-05
1.683038e+01 3.503514e-02 -2.491585e-05
1.683038e+01 5.263151e-02 -4.825682e-05
1.683038e+01 7.314235e-02 -9.852722e-05
1.683038e+01 1.025928e-01 -1.527776e-04
1.683038e+01 1.448116e-01 -2.521120e-04
1.683038e+01 2.023460e-01 -3.798480e-04
1.683038e+01 2.834245e-01 -5.433084e-04
1.683038e+01 3.967448e-01 -7.574600e-04
1.683038e+01 5.552783e-01 -1.034884e-03
1.683038e+01 7.774819e-01 -1.389838e-03
1.683038e+01 1.088445e+00 -1.837164e-03
1.683038e+01 1.523711e+00 -2.361704e-03
1.683038e+01 2.088426e+00 -2.808281e-03
1.683038e+01 2.685505e+00 -2.661168e-03
1.718699e+01 1.570796e-02 -3.702965e-06
1.718699e+01 2.346256e-02 -8.054211e-06
1.718699e+01 3.503514e-02 -1.958623e-05
1.718699e+01 5.263151e-02 -3.767913e-05
1.718699e+01 7.314235e-02 -7.667893e-05
1.718699e+01 1.025928e-01 -1.192917e-04
1.718699e+01 1.448116e-01 -1.995237e-04
1.718699e+01 2.023460e-01 -3.001892e-04
1.718699e+01 2.834245e-01 -4.297405e-04
1.718699e+01 3.967448e-01 -6.004204e-04
1.718699e+01 5.552783e-01 -8.233501e-04
1.718699e+01 7.774819e-01 -1.118539e-03
1.718699e+01 1.088445e+00 -1.499745e-03
1.718699e+01 1.523711e+00 -1.958373e-03
1.718699e+01 2.088426e+00 -2.360491e-03
1.718699e+01 2.685505e+00 -2.237419e-03
1.755073e+01 1.570796e-02 -3.006798e-06
1.755073e+01 2.346256e-02 -6.369310e-06
1.755073e+01 3.503514e-02 -1.549378e-05
1.755073e+01 5.263151e-02 -2.939524e-05
1.755073e+01 7.314235e-02 -6.013964e-05
1.755073e+01 1.025928e-01 -9.276413e-05
1.755073e+01 1.448116e-01 -1.563019e-04
1.755073e+01 2.023460e-01 -2.339082e-04
1.755073e+01 2.834245e-01 -3.360566e-04
1.755073e+01 3.967448e-01 -4.701602e-04
1.755073e+01 5.552783e-01 -6.504194e-04
1.755073e+01 7.774819e-01 -8.910240e-04
1.755073e+01 1.088445e+00 -1.211747e-03
1.755073e+01 1.523711e+00 -1.610149e-03
1.755073e+01 2.088426e+00 -1.954774e-03
1.755073e+01 2.685505e+00 -1.878597e-03
1.792175e+01 1.570796e-02 -2.338173e-06
1.792175e+01 2.346256e-02 -4.818787e-06
1.792175e+01 3.503514e-02 -1.208974e-05
1.792175e+01 5.263151e-02 -2.293752e-05
1.792175e+01 7.314235e-02 -4.659788e-05
1.792175e+01 1.025928e-01 -7.216812e-05
1.792175e+01 1.448116e-01 -1.214569e-04
1.792175e+01 2.023460e-01 -1.820052e-04
1.792175e+01 2.834245e-01 -2.621689e-04
1.792175e+01 3.967448e-01 -3.676406e-04
1.792175e+01 5.552783e-01 -5.105817e-04
1.792175e+01 7.774819e-01 -7.091221e-04
1.792175e+01 1.088445e+00 -9.772789e-04
1.792175e+01 1.523711e+00 -1.314251e-03
1.792175e+01 2.088426e+00 -1.614123e-03
1.792175e+01 2.685505e+00 -1.558599e-03
1.830018e+01 1.570796e-02 -1.907758e-06
1.830018e+01 2.346256e-02 -3.682213e-06
1.830018e+01 3.503514e-02 -9.323805e-06
1.830018e+01 5.263151e-02 -1.774613e-05
1.830018e+01 7.314235e-02 -3.581472e-05
1.830018e+01 1.025928e-01 -5.567116e-05
1.830018e+01 1.448116e-01 -9.355260e-05
1.830018e+01 2.023460e-01 -1.412862e-04
1.830018e+01 2.834245e-01 -2.033288e-04
1.830018e+01 3.967448e-01 -2.870431e-04
1.830018e+01 5.552783e-01 -4.004439e-04
1.830018e+01 7.774819e-01 -5.624794e-04
1.830018e+01 1.088445e+00 -7.803179e-04
1.830018e+01 1.523711e+00 -1.059323e-03
1.830018e+01 2.088426e+00 -1.316115e-03
1.830018e+01 2.685505e+00 -1.284249e-03
1.868618e+01 1.570796e-02 -1.494565e-06
1.868618e+01 2.346256e-02 -2.608053e-06
1.868618e+01 3.503514e-02 -7.156277e-06
1.868618e+01 5.263151e-02 -1.371082e-05
1.868618e+01 7.314235e-02 -2.755739e-05
1.868618e+01 1.025928e-01 -4.224322e-05
1.868618e+01 1.448116e-01 -7.131671e-05
1.868618e+01 2.023460e-01 -1.076059e-04
1.868618e+01 2.834245e-01 -1.556904e-04
1.868618e+01 3.967448e-01 -2.193240e-04
1.868618e+01 5.552783e-01 -3.094792e-04
1.868618e+01 7.774819e-01 -4.398148e-04
1.868618e+01 1.088445e+00 -6.151223e-04
1.868618e+01 1.523711e+00 -8.452817e-04
1.868618e+01 2.088426e+00 -1.056196e-03
1.868618e+01 2.685505e+00 -1.019227e-03
1.907991e+01 1.570796e-02 -1.157431e-06
1.907991e+01 2.346256e-02 -1.963787e-06
1.907991e+01 3.503514e-02 -5.505153e-06
1.907991e+01 5.263151e-02 -1.061392e-05
1.907991e+01 7.314235e-02 -2.063235e-05
1.907991e+01 1.025928e-01 -3.183768e-05
1.907991e+01 1.448116e-01 -5.356118e-05
1.907991e+01 2.023460e-01 -8.188073e-05
1.907991e+01 2.834245e-01 -1.178728e-04
1.907991e+01 3.967448e-01 -1.660075e-04
1.907991e+01 5.552783e-01 -2.362427e-04
1.907991e+01 7.774819e-01 -3.404475e-04
1.907991e+01 1.088445e+00 -4.788165e-04
1.907991e+01 1.523711e+00 -6.666616e-04
1.907991e+01 2.088426e+00 -8.390880e-04
1.907991e+01 2.685505e+00 -8.064616e-04
1.948151e+01 1.570796e-02 -8.731460e-07
1.948151e+01 2.346256e-02 -1.461401e-06
1.948151e+01 3.503514e-02 -4.115482e-06
1.948151e+01 5.263151e-02 -7.921394e-06
1.948151e+01 7.314235e-02 -1.540439e-05
1.948151e+01 1.025928e-01 -2.389790e-05
1.948151e+01 1.448116e-01 -4.029776e-05
1.948151e+01 2.023460e-01 -6.138876e-05
1.948151e+01 2.834245e-01 -8.801459e-05
1.948151e+01 3.967448e-01 -1.253097e-04
1.948151e+01 5.552783e-01 -1.797013e-04
1.948151e+01 7.774819e-01 -2.621714e-04
1.948151e+01 1.088445e+00 -3.701946e-04
1.948151e+01 1.523711e+00 -5.181715e-04
1.948151e+01 2.088426e+00 -6.552002e-04
1.948151e+01 2.685505e+00 -6.281264e-04
1.989114e+01 1.570796e-02 -6.625961e-07
1.989114e+01 2.346256e-02 -1.059930e-06
1.989114e+01 3.503514e-02 -2.973705e-06
1.989114e+01 5.263151e-02 -5.846502e-06
1.989114e+01 7.314235e-02 -1.139139e-05
1.989114e+01 1.025928e-01 -1.750529e-05
1.989114e+01 1.448116e-01 -2.989618e-05
1.989114e+01 2.023460e-01 -4.557559e-05
1.989114e+01 2.834245e-01 -6.545475e-05
1.989114e+01 3.967448e-01 -9.351686e-05
1.989114e+01 5.552783e-01 -1.345456e-04
1.989114e+01 7.774819e-01 -1.978500e-04
1.989114e+01 1.088445e+00 -2.809608e-04
1.989114e+01 1.523711e+00 -3.963917e-04
1.989114e+01 2.088426e+00 -5.029576e-04
1.989114e+01 2.685505e+00 -4.835770e-04
2.030896e+01 1.570796e-02 -4.950807e-07
2.030896e+01 2.346256e-02 -7.171032e-07
2.030896e+01 3.503514e-02 -2.140739e-06
2.030896e+01 5.263151e-02 -4.352776e-06
2.030896e+01 7.314235e-02 -8.356199e-06
2.030896e+01 1.025928e-01 -1.269333e-05
2.030896e+01 1.448116e-01 -2.161747e-05
2.030896e+01 2.023460e-01 -3.345555e-05
2.030896e+01 2.834245e-01 -4.787128e-05
2.030896e+01 3.967448e-01 -6.857215e-05
2.030896e+01 5.552783e-01 -9.899557e-05
2.030896e+01 7.774819e-01 -1.472207e-04
2.030896e+01 1.088445e+00 -2.091189e-04
2.030896e+01 1.523711e+00 -2.955495e-04
2.030896e+01 2.088426e+00 -3.783479e-04
2.030896e+01 2.685505e+00 -3.628166e-04
2.073514e+01 1.570796e-02 -3.560566e-07
2.073514e+01 2.346256e-02 -5.238527e-07
2.073514e+01 3.503514e-02 -1.483378e-06
2.073514e+01 5.263151e-02 -3.118659e-06
2.073514e+01 7.314235e-02 -5.872937e-06
2.073514e+01 1.025928e-01 -8.877867e-06
2.073514e+01 1.448116e-01 -1.560846e-05
2.073514e+01 2.023460e-01 -2.368430e-05
2.073514e+01 2.834245e-01 -3.395722e-05
2.073514e+01 3.967448e-01 -4.926520e-05
2.073514e+01 5.552783e-01 -7.160578e-05
2.073514e+01 7.774819e-01 -1.068122e-04
2.073514e+01 1.088445e+00 -1.517382e-04
2.073514e+01 1.523711e+00 -2.160785e-04
2.073514e+01 2.088426e+00 -2.769711e-04
2.073514e+01 2.685505e+00 -2.660254e-04
2.116984e+01 1.570796e-02 -2.758346e-07
2.116984e+01 2.346256e-02 -3.486963e-07
2.116984e+01 3.503514e-02 -1.053329e-06
2.116984e+01 5.263151e-02 -2.145061e-06
2.116984e+01 7.314235e-02 -4.112030e-06
2.116984e+01 1.025928e-01 -6.126360e-06
2.116984e+01 1.448116e-01 -1.084928e-05
2.116984e+01 2.023460e-01 -1.674814e-05
2.116984e+01 2.834245e-01 -2.372856e-05
2.116984e+01 3.967448e-01 -3.473526e-05
2.116984e+01 5.552783e-01 -5.107288e-05
2.116984e+01 7.774819e-01 -7.677166e-05
2.116984e+01 1.088445e+00 -1.093139e-04
2.116984e+01 1.523711e+00 -1.550077e-04
2.116984e+01 2.088426e+00 -2.003568e-04
2.116984e+01 2.685505e+00 -1.907958e-04
2.161324e+01 1.570796e-02 -1.704440e-07
2.161324e+01 2.346256e-02 -2.107043e-07
2.161324e+01 3.503514e-02 -7.247671e-07
2.161324e+01 5.263151e-02 -1.419076e-06
2.161324e+01 7.314235e-02 -2.781343e-06
2.161324e+01 1.025928e-01 -4.150417e-06
2.161324e+01 1.448116e-01 -7.365727e-06
2.161324e+01 2.023460e-01 -1.142803e-05
2.161324e+01 2.834245e-01 -1.620238e-05
2.161324e+01 3.967448e-01 -2.414160e-05
2.161324e+01 5.552783e-01 -3.540843e-05
2.161324e+01 7.774819e-01 -5.349157e-05
2.161324e+01 1.088445e+00 -7.593668e-05
2.161324e+01 1.523711e+00 -1.087264e-04
2.161324e+01 2.088426e+00 -1.413605e-04
2.161324e+01 2.685505e+00 -1.373626e-04
2.206550e+01 1.570796e-02 -1.232077e-07
2.206550e+01 2.346256e-02 -1.237896e-07
2.206550e+01 3.503514e-02 -5.183676e-07
2.206550e+01 5.263151e-02 -9.558572e-07
2.206550e+01 7.314235e-02 -1.875888e-06
2.206550e+01 1.025928e-01 -2.768938e-06
2.206550e+01 1.448116e-01 -4.988809e-06
2.206550e+01 2.023460e-01 -7.683220e-06
2.206550e+01 2.834245e-01 -1.095985e-05
2.206550e+01 3.967448e-01 -1.627763e-05
2.206550e+01 5.552783e-01 -2.426181e-05
2.206550e+01 7.774819e-01 -3.676820e-05
2.206550e+01 1.088445e+00 -5.199729e-05
2.206550e+01 1.523711e+00 -7.413238e-05
2.206550e+01 2.088426e+00 -9.769544e-05
2.206550e+01 2.685505e+00 -9.589824e-05
2.252681e+01 1.570796e-02 -7.986125e-08
2.252681e+01 2.346256e-02 -7.211359e-08
2.252681e+01 3.503514e-02 -3.275644e-07
2.252681e+01 5.263151e-02 -5.953408e-07
2.252681e+01 7.314235e-02 -1.196529e-06
2.252681e+01 1.025928e-01 -1.833054e-06
2.252681e+01 1.448116e-01 -3.223683e-06
2.252681e+01 2.023460e-01 -4.991407e-06
2.252681e+01 2.834245e-01 -7.237811e-06
2.252681e+01 3.967448e-01 -1.078923e-05
2.252681e+01 5.552783e-01 -1.626501e-05
2.252681e+01 7.774819e-01 -2.449616e-05
2.252681e+01 1.088445e+00 -3.523642e-05
2.252681e+01 1.523711e+00 -4.982499e-05
2.252681e+01 2.088426e+00 -6.670196e-05
2.252681e+01 2.685505e+00 -6.606264e-05
2.299735e+01 1.570796e-02 -5.147797e-08
2.299735e+01 2.346256e-02 -4.258985e-08
2.299735e+01 3.503514e-02 -2.218158e-07
2.299735e+01 5.263151e-02 -3.723721e-07
2.299735e+01 7.314235e-02 -7.384442e-07
2.299735e+01 1.025928e-01 -1.174755e-06
2.299735e+01 1.448116e-01 -2.120897e-06
2.299735e+01 2.023460e-01 -3.286342e-06
2.299735e+01 2.834245e-01 -4.685756e-06
2.299735e+01 3.967448e-01 -7.127361e-06
2.299735e+01 5.552783e-01 -1.077054e-05
2.299735e+01 7.774819e-01 -1.646029e-05
2.299735e+01 1.088445e+00 -2.332592e-05
2.299735e+01 1.523711e+00 -3.316930e-05
2.299735e+01 2.088426e+00 -4.459887e-05
2.299735e+01 2.685505e+00 -4.379020e-05
2.347730e+01 1.570796e-02 -3.505483e-08
2.347730e+01 2.346256e-02 -1.717902e-08
2.347730e+01 3.503514e-02 -1.424313e-07
2.347730e+01 5.263151e-02 -2.382713e-07
2.347730e+01 7.314235e-02 -4.478684e-07
2.347730e+01 1.025928e-01 -7.256228e-07
2.347730e+01 1.448116e-01 -1.325693e-06
2.347730e+01 2.023460e-01 -2.106740e-06
2.347730e+01 2.834245e-01 -2.956696e-06
2.347730e+01 3.967448e-01 -4.508429e-06
2.347730e+01 5.552783e-01 -6.859540e-06
2.347730e+01 7.774819e-01 -1.050135e-05
2.347730e+01 1.088445e+00 -1.487589e-05
2.347730e+01 1.523711e+00 -2.170990e-05
2.347730e+01 2.088426e+00 -2.870568e-05
2.347730e+01 2.685505e+00 -2.768467e-05
2.396684e+01 1.570796e-02 -2.214106e-08
2.396684e+01 2.346256e-02 -1.206697e-08
2.396684e+01 3.503514e-02 -7.991455e-08
2.396684e+01 5.263151e-02 -1.462459e-07
2.396684e+01 7.314235e-02 -2.768201e-07
2.396684e+01 1.025928e-01 -4.313613e-07
2.396684e+01 1.448116e-01 -8.214524e-07
2.396684e+01 2.023460e-01 -1.284016e-06
2.396684e+01 2.834245e-01 -1.807527e-06
2.396684e+01 3.967448e-01 -2.760331e-06
2.396684e+01 5.552783e-01 -4.261161e-06
2.396684e+01 7.774819e-01 -6.544290e-06
2.396684e+01 1.088445e+00 -9.415422e-06
2.396684e+01 1.523711e+00 -1.389022e-05
2.396684e+01 2.088426e+00 -1.829829e-05
2.396684e+01 2.685505e+00 -1.744490e-05
2.446618e+01 1.570796e-02 4.036030e-10
2.446618e+01 2.346256e-02 1.026305e-09
2.446618e+01 3.503514e-02 2.082350e-09
2.446618e+01 5.263151e-02 4.262367e-09
2.446618e+01 7.314235e-02 8.913631e-09
2.446618e+01 1.025928e-01 1.329001e-08
2.446618e+01 1.448116e-01 2.258860e-08
2.446618e+01 2.023460e-01 3.307679e-08
2.446618e+01 2.834245e-01 4.843386e-08
2.446618e+01 3.967448e-01 6.913466e-08
2.446618e+01 5.552783e-01 9.759863e-08
2.446618e+01 7.774819e-01 1.285376e-07
2.446618e+01 1.088445e+00 1.455188e-07
2.446618e+01 1.523711e+00 1.311771e-07
2.446618e+01 2.088426e+00 9.001950e-08
2.446618e+01 2.685505e+00 4.110081e-08
2.497550e+01 1.570796e-02 3.759077e-10
2.497550e+01 2.346256e-02 9.545423e-10
2.497550e+01 3.503514e-02 1.938876e-09
2.497550e+01 5.263151e-02 3.965027e-09
2.497550e+01 7.314235e-02 8.297142e-09
2.497550e+01 1.025928e-01 1.236838e-08
2.497550e+01 1.448116e-01 2.104721e-08
2.497550e+01 2.023460e-01 3.090671e-08
2.497550e+01 2.834245e-01 4.548986e-08
2.497550e+01 3.967448e-01 6.537939e-08
2.497550e+01 5.552783e-01 9.291856e-08
2.497550e+01 7.774819e-01 1.230194e-07
2.497550e+01 1.088445e+00 1.403658e-07
2.497550e+01 1.523711e+00 1.284174e-07
2.497550e+01 2.088426e+00 9.014475e-08
2.497550e+01 2.685505e+00 4.178188e-08
2.549501e+01 1.570796e-02 3.485911e-10
2.549501e+01 2.346256e-02 8.842232e-10
2.549501e+01 3.503514e-02 1.798565e-09
2.549501e+01 5.263151e-02 3.672569e-09
2.549501e+01 7.314235e-02 7.693275e-09
2.549501e+01 1.025928e-01 1.146487e-08
2.549501e+01 1.448116e-01 1.953832e-08
2.549501e+01 2.023460e-01 2.877173e-08
2.549501e+01 2.834245e-01 4.258349e-08
2.549501e+01 3.967448e-01 6.162634e-08
2.549501e+01 5.552783e-01 8.812818e-08
2.549501e+01 7.774819e-01 1.173181e-07
2.549501e+01 1.088445e+00 1.348835e-07
2.549501e+01 1.523711e+00 1.254918e-07
2.549501e+01 2.088426e+00 9.016728e-08
2.549501e+01 2.685505e+00 4.258237e-08
2.602491e+01 1.570796e-02 3.216945e-10
2.602491e+01 2.346256e-02 8.155644e-10
2.602491e+01 3.503514e-02 1.660301e-09
2.602491e+01 5.263151e-02 3.387069e-09
2.602491e+01 7.314235e-02 7.101622e-09
2.602491e+01 1.025928e-01 1.057854e-08
2.602491e+01 1.448116e-01 1.805932e-08
2.602491e+01 2.023460e-01 2.667688e-08
2.602491e+01 2.834245e-01 3.971052e-08
2.602491e+01 3.967448e-01 5.785791e-08
2.602491e+01 5.552783e-01 8.321848e-08
2.602491e+01 7.774819e-01 1.113480e-07
2.602491e+01 1.088445e+00 1.291161e-07
2.602491e+01 1.523711e+00 1.222840e-07
2.602491e+01 2.088426e+00 9.012661e-08
2.602491e+01 2.685505e+00 4.361052e-08
2.656541e+01 1.570796e-02 2.954101e-10
2.656541e+01 2.346256e-02 7.494192e-10
2.656541e+01 3.503514e-02 1.524836e-09
2.656541e+01 5.263151e-02 3.108701e-09
2.656541e+01 7.314235e-02 6.523680e-09
2.656541e+01 1.025928e-01 9.714168e-09
2.656541e+01 1.448116e-01 1.661365e-08
2.656541e+01 2.023460e-01 2.463126e-08
2.656541e+01 2.834245e-01 3.686602e-08
2.656541e+01 3.967448e-01 5.408011e-08
2.656541e+01 5.552783e-01 7.820697e-08
2.656541e+01 7.774819e-01 1.051688e-07
2.656541e+01 1.088445e+00 1.230482e-07
2.656541e+01 1.523711e+00 1.187484e-07
2.656541e+01 2.088426e+00 8.994387e-08
2.656541e+01 2.685505e+00 4.491149e-08
2.711672e+01 1.570796e-02 2.698893e-10
2.711672e+01 2.346256e-02 6.848549e-10
2.711672e+01 3.503514e-02 1.392790e-09
2.711672e+01 5.263151e-02 2.838241e-09
2.711672e+01 7.314235e-02 5.959455e-09
2.711672e+01 1.025928e-01 8.874869e-09
2.711672e+01 1.448116e-01 1.520112e-08
2.711672e+01 2.023460e-01 2.262661e-08
2.711672e+01 2.834245e-01 3.406306e-08
2.711672e+01 3.967448e-01 5.026810e-08
2.711672e+01 5.552783e-01 7.307448e-08
2.711672e+01 7.774819e-01 9.875364e-08
2.711672e+01 1.088445e+00 1.166577e-07
2.711672e+01 1.523711e+00 1.148767e-07
2.711672e+01 2.088426e+00 8.946392e-08
2.711672e+01 2.685505e+00 4.659522e-08
2.767905e+01 1.570796e-02 2.448822e-10
2.767905e+01 2.346256e-02 6.215127e-10
2.767905e+01 3.503514e-02 1.263961e-09
2.767905e+01 5.263151e-02 2.575124e-09
2.767905e+01 7.314235e-02 5.411495e-09
2.767905e+01 1.025928e-01 8.056399e-09
2.767905e+01 1.448116e-01 1.382548e-08
2.767905e+01 2.023460e-01 2.066506e-08
2.767905e+01 2.834245e-01 3.128863e-08
2.767905e+01 3.967448e-01 4.643453e-08
2.767905e+01 5.552783e-01 6.781924e-08
2.767905e+01 7.774819e-01 9.210586e-08
2.767905e+01 1.088445e+00 1.099174e-07
2.767905e+01 1.523711e+00 1.105420e-07
2.767905e+01 2.088426e+00 8.887505e-08
2.767905e+01 2.685505e+00 4.852735e-08
2.825263e+01 1.570796e-02 2.205851e-10
2.825263e+01 2.346256e-02 5.605253e-10
2.825263e+01 3.503514e-02 1.138431e-09
2.825263e+01 5.263151e-02 2.318387e-09
2.825263e+01 7.314235e-02 4.876958e-09
2.825263e+01 1.025928e-01 7.262734e-09
2.825263e+01 1.448116e-01 1.247893e-08
2.825263e+01 2.023460e-01 1.874118e-08
2.825263e+01 2.834245e-01 2.852681e-08
2.825263e+01 3.967448e-01 4.256079e-08
2.825263e+01 5.552783e-01 6.243481e-08
2.825263e+01 7.774819e-01 8.526652e-08
2.825263e+01 1.088445e+00 1.028293e-07
2.825263e+01 1.523711e+00 1.057930e-07
2.825263e+01 2.088426e+00 8.787827e-08
2.825263e+01 2.685505e+00 5.074545e-08
2.883769e+01 1.570796e-02 1.968608e-10
2.883769e+01 2.346256e-02 5.008835e-10
2.883769e+01 3.503514e-02 1.016105e-09
2.883769e+01 5.263151e-02 2.069040e-09
2.883769e+01 7.314235e-02 4.355331e-09
2.883769e+01 1.025928e-01 6.488395e-09
2.883769e+01 1.448116e-01 1.116491e-08
2.883769e+01 2.023460e-01 1.684616e-08
2.883769e+01 2.834245e-01 2.577961e-08
2.883769e+01 3.967448e-01 3.864516e-08
2.883769e+01 5.552783e-01 5.693968e-08
2.883769e+01 7.774819e-01 7.820224e-08
2.883769e+01 1.088445e+00 9.533294e-08
2.883769e+01 1.523711e+00 1.003325e-07
2.883769e+01 2.088426e+00 8.643354e-08
2.883769e+01 2.685505e+00 5.303290e-08
2.943444e+01 1.570796e-02 1.738230e-10
2.943444e+01 2.346256e-02 4.426494e-10
2.943444e+01 3.503514e-02 8.965048e-10
2.943444e+01 5.263151e-02 1.825996e-09
2.943444e+01 7.314235e-02 3.846630e-09
2.943444e+01 1.025928e-01 5.733560e-09
2.943444e+01 1.448116e-01 9.879348e-09
2.943444e+01 2.023460e-01 1.497905e-08
2.943444e+01 2.834245e-01 2.304008e-08
2.943444e+01 3.967448e-01 3.468955e-08
2.943444e+01 5.552783e-01 5.132097e-08
2.943444e+01 7.774819e-01 7.088292e-08
2.943444e+01 1.088445e+00 8.740415e-08
2.943444e+01 1.523711e+00 9.425383e-08
2.943444e+01 2.088426e+00 8.436663e-08
2.943444e+01 2.685505e+00 5.537971e-08
3.004313e+01 1.570796e-02 1.512945e-10
3.004313e+01 2.346256e-02 3.857780e-10
3.004313e+01 3.503514e-02 7.803613e-10
3.004313e+01 5.263151e-02 1.589776e-09
3.004313e+01 7.314235e-02 3.351004e-09
3.004313e+01 1.025928e-01 4.997713e-09
3.004313e+01 1.448116e-01 8.623711e-09
3.004313e+01 2.023460e-01 1.313605e-08
3.004313e+01 2.834245e-01 2.029950e-08
3.004313e+01 3.967448e-01 3.069699e-08
3.004313e+01 5.552783e-01 4.558199e-08
3.004313e+01 7.774819e-01 6.331272e-08
3.004313e+01 1.088445e+00 7.904727e-08
3.004313e+01 1.523711e+00 8.736358e-08
3.004313e+01 2.088426e+00 8.150281e-08
3.004313e+01 2.685505e+00 5.746379e-08
3.066399e+01 1.570796e-02 1.292815e-10
3.066399e+01 2.346256e-02 3.305332e-10
3.066399e+01 3.503514e-02 6.668753e-10
3.066399e+01 5.263151e-02 1.359159e-09
3.066399e+01 7.314235e-02 2.867950e-09
3.066399e+01 1.025928e-01 4.279398e-09
3.066399e+01 1.448116e-01 7.392302e-09
3.066399e+01 2.023460e-01 1.131937e-08
3.066399e+01 2.834245e-01 1.757341e-08
3.066399e+01 3.967448e-01 2.666219e-08
3.066399e+01 5.552783e-01 3.974202e-08
3.066399e+01 7.774819e-01 5.549266e-08
3.066399e+01 1.088445e+00 7.015968e-08
3.066399e+01 1.523711e+00 7.954441e-08
3.066399e+01 2.088426e+00 7.749511e-08
3.066399e+01 2.685505e+00 5.892332e-08
3.129727e+01 1.570796e-02 1.079306e-10
3.129727e+01 2.346256e-02 2.762753e-10
3.129727e+01 3.503514e-02 5.563121e-10
3.129727e+01 5.263151e-02 1.134596e-09
3.129727e+01 7.314235e-02 2.395804e-09
3.129727e+01 1.025928e-01 3.578887e-09
3.129727e+01 1.448116e-01 6.188168e-09
3.129727e+01 2.023460e-01 9.519136e-09
3.129727e+01 2.834245e-01 1.484420e-08
3.129727e+01 3.967448e-01 2.259124e-08
3.129727e+01 5.552783e-01 3.378741e-08
3.129727e+01 7.774819e-01 4.743591e-08
3.129727e+01 1.088445e+00 6.072459e-08
3.129727e+01 1.523711e+00 7.068385e-08
3.129727e+01 2.088426e+00 7.214908e-08
3.129727e+01 2.685505e+00 5.941779e-08
3.194322e+01 1.570796e-02 8.705584e-11
3.194322e+01 2.346256e-02 2.233953e-10
3.194322e+01 3.503514e-02 4.486596e-10
3.194322e+01 5.263151e-02 9.156674e-10
3.194322e+01 7.314235e-02 1.935319e-09
3.194322e+01 1.025928e-01 2.893803e-09
3.194322e+01 1.448116e-01 5.009133e-09
3.194322e+01 2.023460e-01 7.740312e-09
3.194322e+01 2.834245e-01 1.211755e-08
3.194322e+01 3.967448e-01 1.849380e-08
3.194322e+01 5.552783e-01 2.773562e-08
3.194322e+01 7.774819e-01 3.915037e-08
3.194322e+01 1.088445e+00 5.076722e-08
3.194322e+01 1.523711e+00 6.071440e-08
3.194322e+01 2.088426e+00 6.507580e-08
3.194322e+01 2.685505e+00 5.814187e-08
3.260208e+01 1.570796e-02 6.667285e-11
3.260208e+01 2.346256e-02 1.713663e-10
3.260208e+01 3.503514e-02 3.434035e-10
3.260208e+01 5.263151e-02 7.022455e-10
3.260208e+01 7.314235e-02 1.485657e-09
3.260208e+01 1.025928e-01 2.223470e-09
3.260208e+01 1.448116e-01 3.853848e-09
3.260208e+01 2.023460e-01 5.979416e-09
3.260208e+01 2.834245e-01 9.394561e-09
3.260208e+01 3.967448e-01 1.436671e-08
3.260208e+01 5.552783e-01 2.161251e-08
3.260208e+01 7.774819e-01 3.066119e-08
3.260208e+01 1.088445e+00 4.025397e-08
3.260208e+01 1.523711e+00 4.947968e-08
3.260208e+01 2.088426e+00 5.584163e-08
3.260208e+01 2.685505e+00 5.418831e-08
3.327412e+01 1.570796e-02 4.682095e-11
3.327412e+01 2.346256e-02 1.207756e-10
3.327412e+01 3.503514e-02 2.411568e-10
3.327412e+01 5.263151e-02 4.936957e-10
3.327412e+01 7.314235e-02 1.045026e-09
3.327412e+01 1.025928e-01 1.566619e-09
3.327412e+01 1.448116e-01 2.717658e-09
3.327412e+01 2.023460e-01 4.234978e-09
3.327412e+01 2.834245e-01 6.676899e-09
3.327412e+01 3.967448e-01 1.022826e-08
3.327412e+01 5.552783e-01 1.542946e-08
3.327412e+01 7.774819e-01 2.198116e-08
3.327412e+01 1.088445e+00 2.923362e-08
3.327412e+01 1.523711e+00 3.692394e-08
3.327412e+01 2.088426e+00 4.400106e-08
3.327412e+01 2.685505e+00 4.635990e-08
3.395961e+01 1.570796e-02 2.814410e-11
3.395961e+01 2.346256e-02 7.304711e-11
3.395961e+01 3.503514e-02 1.448522e-10
3.395961e+01 5.263151e-02 2.977499e-10
3.395961e+01 7.314235e-02 6.307730e-10
3.395961e+01 1.025928e-01 9.465404e-10
3.395961e+01 1.448116e-01 1.641065e-09
3.395961e+01 2.023460e-01 2.559904e-09
3.395961e+01 2.834245e-01 4.033080e-09
3.395961e+01 3.967448e-01 6.156991e-09
3.395961e+01 5.552783e-01 9.271461e-09
3.395961e+01 7.774819e-01 1.320691e-08
3.395961e+01 1.088445e+00 1.772767e-08
3.395961e+01 1.523711e+00 2.297124e-08
3.395961e+01 2.088426e+00 2.881585e-08
3.395961e+01 2.685505e+00 3.262035e-08
3.465880e+01 1.570796e-02 9.005923e-12
3.465880e+01 2.346256e-02 2.236559e-11
3.465880e+01 3.503514e-02 4.777217e-11
3.465880e+01 5.263151e-02 9.230633e-11
3.465880e+01 7.314235e-02 2.012367e-10
3.465880e+01 1.025928e-01 2.995901e-10
3.465880e+01 1.448116e-01 5.189218e-10
3.465880e+01 2.023460e-01 8.207984e-10
3.465880e+01 2.834245e-01 1.304706e-09
3.465880e+01 3.967448e-01 2.003482e-09
3.465880e+01 5.552783e-01 3.027045e-09
3.465880e+01 7.774819e-01 4.335068e-09
3.465880e+01 1.088445e+00 5.877861e-09
3.465880e+01 1.523711e+00 7.785994e-09
3.465880e+01 2.088426e+00 1.022539e-08
3.465880e+01 2.685505e+00 1.236054e-08
3.537197e+01 1.570796e-02 0.000000e+00
3.537197e+01 2.346256e-02 0.000000e+00
3.537197e+01 3.503514e-02 0.000000e+00
3.537197e+01 5.263151e-02 0.000000e+00
3.537197e+01 7.314235e-02 0.000000e+00
3.537197e+01 1.025928e-01 0.000000e+00
3.537197e+01 1.448116e-01 0.000000e+00
3.537197e+01 2.023460e-01 0.000000e+00
3.537197e+01 2.834245e-01 0.000000e+00
3.537197e+01 3.967448e-01 0.000000e+00
3.537197e+01 5.552783e-01 0.000000e+00
3.537197e+01 7.774819e-01 0.000000e+00
3.537197e+01 1.088445e+00 0.000000e+00
3.537197e+01 1.523711e+00 0.000000e+00
3.537197e+01 2.088426e+00 0.000000e+00
3.537197e+01 2.685505e+00 0.000000e+00
