5.000000e+00 1.570796e-02 0.000000e+00
5.000000e+00 2.346256e-02 0.000000e+00
5.000000e+00 3.503514e-02 0.000000e+00
5.000000e+00 5.263151e-02 0.000000e+00
5.000000e+00 7.314235e-02 0.000000e+00
5.000000e+00 1.025928e-01 0.000000e+00
5.000000e+00 1.448116e-01 0.000000e+00
5.000000e+00 2.023460e-01 0.000000e+00
5.000000e+00 2.834245e-01 0.000000e+00
5.000000e+00 3.967448e-01 0.000000e+00
5.000000e+00 5.552783e-01 0.000000e+00
5.000000e+00 7.774819e-01 0.000000e+00
5.000000e+00 1.088445e+00 0.000000e+00
5.000000e+00 1.523711e+00 0.000000e+00
5.000000e+00 2.088426e+00 0.000000e+00
5.000000e+00 2.685505e+00 0.000000e+00
5.120000e+00 1.570796e-02 0.000000e+00
5.120000e+00 2.346256e-02 0.000000e+00
5.120000e+00 3.503514e-02 0.000000e+00
5.120000e+00 5.263151e-02 0.000000e+00
5.120000e+00 7.314235e-02 0.000000e+00
5.120000e+00 1.025928e-01 0.000000e+00
5.120000e+00 1.448116e-01 0.000000e+00
5.120000e+00 2.023460e-01 0.000000e+00
5.120000e+00 2.834245e-01 0.000000e+00
5.120000e+00 3.967448e-01 0.000000e+00
5.120000e+00 5.552783e-01 0.000000e+00
5.120000e+00 7.774819e-01 0.000000e+00
5.120000e+00 1.088445e+00 0.000000e+00
5.120000e+00 1.523711e+00 0.000000e+00
5.120000e+00 2.088426e+00 0.000000e+00
5.120000e+00 2.685505e+00 0.000000e+00
5.242400e+00 1.570796e-02 0.000000e+00
5.242400e+00 2.346256e-02 0.000000e+00
5.242400e+00 3.503514e-02 0.000000e+00
5.242400e+00 5.263151e-02 0.000000e+00
5.242400e+00 7.314235e-02 0.000000e+00
5.242400e+00 1.025928e-01 0.000000e+00
5.242400e+00 1.448116e-01 0.000000e+00
5.242400e+00 2.023460e-01 0.000000e+00
5.242400e+00 2.834245e-01 0.000000e+00
5.242400e+00 3.967448e-01 0.000000e+00
5.242400e+00 5.552783e-01 0.000000e+00
5.242400e+00 7.774819e-01 0.000000e+00
5.242400e+00 1.088445e+00 0.000000e+00
5.242400e+00 1.523711e+00 0.000000e+00
5.242400e+00 2.088426e+00 0.000000e+00
5.242400e+00 2.685505e+00 0.000000e+00
5.367248e+00 1.570796e-02 0.000000e+00
5.367248e+00 2.346256e-02 0.000000e+00
5.367248e+00 3.503514e-02 0.000000e+00
5.367248e+00 5.263151e-02 0.000000e+00
5.367248e+00 7.314235e-02 0.000000e+00
5.367248e+00 1.025928e-01 0.000000e+00
5.367248e+00 1.448116e-01 0.000000e+00
5.367248e+00 2.023460e-01 0.000000e+00
5.367248e+00 2.834245e-01 0.000000e+00
5.367248e+00 3.967448e-01 0.000000e+00
5.367248e+00 5.552783e-01 0.000000e+00
5.367248e+00 7.774819e-01 0.000000e+00
5.367248e+00 1.088445e+00 0.000000e+00
5.367248e+00 1.523711e+00 0.000000e+00
5.367248e+00 2.088426e+00 0.000000e+00
5.367248e+00 2.685505e+00 0.000000e+00
5.494593e+00 1.570796e-02 -3.253013e-05
5.494593e+00 2.346256e-02 -2.195399e-05
5.494593e+00 3.503514e-02 -4.960027e-05
5.494593e+00 5.263151e-02 -1.510109e-05
5.494593e+00 7.314235e-02 -7.950401e-05
5.494593e+00 1.025928e-01 1.006182e-06
5.494593e+00 1.448116e-01 -1.138256e-04
5.494593e+00 2.023460e-01 -2.978222e-05
5.494593e+00 2.834245e-01 -2.519866e-05
5.494593e+00 3.967448e-01 -1.171384e-05
5.494593e+00 5.552783e-01 -1.705663e-05
5.494593e+00 7.774819e-01 -1.779489e-05
5.494593e+00 1.088445e+00 -1.763998e-05
5.494593e+00 1.523711e+00 -1.755744e-05
5.494593e+00 2.088426e+00 -1.890999e-05
5.494593e+00 2.685505e+00 -2.013113e-05
5.624485e+00 1.570796e-02 -1.517965e-04
5.624485e+00 2.346256e-02 -1.119726e-04
5.624485e+00 3.503514e-02 -1.899467e-04
5.624485e+00 5.263151e-02 -2.752866e-04
5.624485e+00 7.314235e-02 -3.623814e-04
5.624485e+00 1.025928e-01 -1.177791e-04
5.624485e+00 1.448116e-01 -2.354763e-04
5.624485e+00 2.023460e-01 -2.217519e-04
5.624485e+00 2.834245e-01 -2.953042e-04
5.624485e+00 3.967448e-01 -1.751673e-04
5.624485e+00 5.552783e-01 -1.482456e-04
5.624485e+00 7.774819e-01 -1.458342e-04
5.624485e+00 1.088445e+00 -1.350027e-04
5.624485e+00 1.523711e+00 -1.185008e-04
5.624485e+00 2.088426e+00 -1.327162e-04
5.624485e+00 2.685505e+00 -1.449301e-04
5.756975e+00 1.570796e-02 -3.215716e-04
5.756975e+00 2.346256e-02 -3.273123e-04
5.756975e+00 3.503514e-02 -3.938939e-04
5.756975e+00 5.263151e-02 -7.443300e-04
5.756975e+00 7.314235e-02 -9.701207e-04
5.756975e+00 1.025928e-01 -7.211150e-04
5.756975e+00 1.448116e-01 -9.179864e-04
5.756975e+00 2.023460e-01 -8.445061e-04
5.756975e+00 2.834245e-01 -9.326860e-04
5.756975e+00 3.967448e-01 -6.864572e-04
5.756975e+00 5.552783e-01 -5.720075e-04
5.756975e+00 7.774819e-01 -5.255686e-04
5.756975e+00 1.088445e+00 -4.500292e-04
5.756975e+00 1.523711e+00 -4.300782e-04
5.756975e+00 2.088426e+00 -4.673740e-04
5.756975e+00 2.685505e+00 -5.031930e-04
5.892114e+00 1.570796e-02 -6.331709e-04
5.892114e+00 2.346256e-02 -8.054388e-04
5.892114e+00 3.503514e-02 -1.257258e-03
5.892114e+00 5.263151e-02 -2.141613e-03
5.892114e+00 7.314235e-02 -3.185946e-03
5.892114e+00 1.025928e-01 -2.352603e-03
5.892114e+00 1.448116e-01 -2.983800e-03
5.892114e+00 2.023460e-01 -2.695173e-03
5.892114e+00 2.834245e-01 -2.719521e-03
5.892114e+00 3.967448e-01 -2.086243e-03
5.892114e+00 5.552783e-01 -1.831691e-03
5.892114e+00 7.774819e-01 -1.659144e-03
5.892114e+00 1.088445e+00 -1.407367e-03
5.892114e+00 1.523711e+00 -1.322047e-03
5.892114e+00 2.088426e+00 -1.407941e-03
5.892114e+00 2.685505e+00 -1.524538e-03
6.029956e+00 1.570796e-02 -8.018900e-04
6.029956e+00 2.346256e-02 -1.485679e-03
6.029956e+00 3.503514e-02 -2.443263e-03
6.029956e+00 5.263151e-02 -3.656594e-03
6.029956e+00 7.314235e-02 -6.045767e-03
6.029956e+00 1.025928e-01 -4.528002e-03
6.029956e+00 1.448116e-01 -5.398678e-03
6.029956e+00 2.023460e-01 -5.540032e-03
6.029956e+00 2.834245e-01 -5.223574e-03
6.029956e+00 3.967448e-01 -4.305627e-03
6.029956e+00 5.552783e-01 -3.889427e-03
6.029956e+00 7.774819e-01 -3.320951e-03
6.029956e+00 1.088445e+00 -2.848802e-03
6.029956e+00 1.523711e+00 -2.640560e-03
6.029956e+00 2.088426e+00 -2.790201e-03
6.029956e+00 2.685505e+00 -2.924100e-03
6.170555e+00 1.570796e-02 -8.660260e-04
6.170555e+00 2.346256e-02 -2.020899e-03
6.170555e+00 3.503514e-02 -3.709820e-03
6.170555e+00 5.263151e-02 -5.482723e-03
6.170555e+00 7.314235e-02 -9.206643e-03
6.170555e+00 1.025928e-01 -7.929024e-03
6.170555e+00 1.448116e-01 -9.102483e-03
6.170555e+00 2.023460e-01 -9.428413e-03
6.170555e+00 2.834245e-01 -8.878860e-03
6.170555e+00 3.967448e-01 -7.594803e-03
6.170555e+00 5.552783e-01 -6.749164e-03
6.170555e+00 7.774819e-01 -5.786802e-03
6.170555e+00 1.088445e+00 -4.886140e-03
6.170555e+00 1.523711e+00 -4.448524e-03
6.170555e+00 2.088426e+00 -4.668112e-03
6.170555e+00 2.685505e+00 -4.859610e-03
6.313967e+00 1.570796e-02 -9.247104e-04
6.313967e+00 2.346256e-02 -2.372438e-03
6.313967e+00 3.503514e-02 -4.600977e-03
6.313967e+00 5.263151e-02 -7.129716e-03
6.313967e+00 7.314235e-02 -1.212497e-02
6.313967e+00 1.025928e-01 -1.168580e-02
6.313967e+00 1.448116e-01 -1.394119e-02
6.313967e+00 2.023460e-01 -1.418781e-02
6.313967e+00 2.834245e-01 -1.375886e-02
6.313967e+00 3.967448e-01 -1.164077e-02
6.313967e+00 5.552783e-01 -1.045735e-02
6.313967e+00 7.774819e-01 -8.914580e-03
6.313967e+00 1.088445e+00 -7.472310e-03
6.313967e+00 1.523711e+00 -6.698582e-03
6.313967e+00 2.088426e+00 -6.972448e-03
6.313967e+00 2.685505e+00 -7.247711e-03
6.460246e+00 1.570796e-02 -9.438042e-04
6.460246e+00 2.346256e-02 -2.399140e-03
6.460246e+00 3.503514e-02 -5.084496e-03
6.460246e+00 5.263151e-02 -8.484580e-03
6.460246e+00 7.314235e-02 -1.457705e-02
6.460246e+00 1.025928e-01 -1.561842e-02
6.460246e+00 1.448116e-01 -1.872371e-02
6.460246e+00 2.023460e-01 -1.914118e-02
6.460246e+00 2.834245e-01 -1.881092e-02
6.460246e+00 3.967448e-01 -1.631699e-02
6.460246e+00 5.552783e-01 -1.469261e-02
6.460246e+00 7.774819e-01 -1.248688e-02
6.460246e+00 1.088445e+00 -1.048841e-02
6.460246e+00 1.523711e+00 -9.261591e-03
6.460246e+00 2.088426e+00 -9.528108e-03
6.460246e+00 2.685505e+00 -9.797445e-03
6.609451e+00 1.570796e-02 -9.720244e-04
6.609451e+00 2.346256e-02 -2.333376e-03
6.609451e+00 3.503514e-02 -5.233804e-03
6.609451e+00 5.263151e-02 -9.165762e-03
6.609451e+00 7.314235e-02 -1.606058e-02
6.609451e+00 1.025928e-01 -1.854228e-02
6.609451e+00 1.448116e-01 -2.323898e-02
6.609451e+00 2.023460e-01 -2.405736e-02
6.609451e+00 2.834245e-01 -2.375503e-02
6.609451e+00 3.967448e-01 -2.119533e-02
6.609451e+00 5.552783e-01 -1.907766e-02
6.609451e+00 7.774819e-01 -1.627282e-02
6.609451e+00 1.088445e+00 -1.358110e-02
6.609451e+00 1.523711e+00 -1.187221e-02
6.609451e+00 2.088426e+00 -1.207394e-02
6.609451e+00 2.685505e+00 -1.225165e-02
6.761640e+00 1.570796e-02 -9.425894e-04
6.761640e+00 2.346256e-02 -2.204467e-03
6.761640e+00 3.503514e-02 -5.071407e-03
6.761640e+00 5.263151e-02 -9.190257e-03
6.761640e+00 7.314235e-02 -1.681900e-02
6.761640e+00 1.025928e-01 -2.074935e-02
6.761640e+00 1.448116e-01 -2.722772e-02
6.761640e+00 2.023460e-01 -2.855025e-02
6.761640e+00 2.834245e-01 -2.837469e-02
6.761640e+00 3.967448e-01 -2.598502e-02
6.761640e+00 5.552783e-01 -2.348161e-02
6.761640e+00 7.774819e-01 -2.007381e-02
6.761640e+00 1.088445e+00 -1.670053e-02
6.761640e+00 1.523711e+00 -1.452691e-02
6.761640e+00 2.088426e+00 -1.455462e-02
6.761640e+00 2.685505e+00 -1.464281e-02
6.916873e+00 1.570796e-02 -8.771518e-04
6.916873e+00 2.346256e-02 -2.092070e-03
6.916873e+00 3.503514e-02 -4.778148e-03
6.916873e+00 5.263151e-02 -8.968544e-03
6.916873e+00 7.314235e-02 -1.686764e-02
6.916873e+00 1.025928e-01 -2.195406e-02
6.916873e+00 1.448116e-01 -2.961952e-02
6.916873e+00 2.023460e-01 -3.206289e-02
6.916873e+00 2.834245e-01 -3.247819e-02
6.916873e+00 3.967448e-01 -3.027126e-02
6.916873e+00 5.552783e-01 -2.752029e-02
6.916873e+00 7.774819e-01 -2.349904e-02
6.916873e+00 1.088445e+00 -1.962895e-02
6.916873e+00 1.523711e+00 -1.694179e-02
6.916873e+00 2.088426e+00 -1.677392e-02
6.916873e+00 2.685505e+00 -1.663925e-02
7.075210e+00 1.570796e-02 -7.999059e-04
7.075210e+00 2.346256e-02 -1.926608e-03
7.075210e+00 3.503514e-02 -4.501625e-03
7.075210e+00 5.263151e-02 -8.593506e-03
7.075210e+00 7.314235e-02 -1.638507e-02
7.075210e+00 1.025928e-01 -2.229713e-02
7.075210e+00 1.448116e-01 -3.100743e-02
7.075210e+00 2.023460e-01 -3.454563e-02
7.075210e+00 2.834245e-01 -3.564663e-02
7.075210e+00 3.967448e-01 -3.374066e-02
7.075210e+00 5.552783e-01 -3.102653e-02
7.075210e+00 7.774819e-01 -2.671320e-02
7.075210e+00 1.088445e+00 -2.226736e-02
7.075210e+00 1.523711e+00 -1.906999e-02
7.075210e+00 2.088426e+00 -1.871789e-02
7.075210e+00 2.685505e+00 -1.842078e-02
7.236714e+00 1.570796e-02 -7.258786e-04
7.236714e+00 2.346256e-02 -1.783093e-03
7.236714e+00 3.503514e-02 -4.115806e-03
7.236714e+00 5.263151e-02 -8.017151e-03
7.236714e+00 7.314235e-02 -1.548583e-02
7.236714e+00 1.025928e-01 -2.189688e-02
7.236714e+00 1.448116e-01 -3.137833e-02
7.236714e+00 2.023460e-01 -3.592801e-02
7.236714e+00 2.834245e-01 -3.780778e-02
7.236714e+00 3.967448e-01 -3.664039e-02
7.236714e+00 5.552783e-01 -3.400937e-02
7.236714e+00 7.774819e-01 -2.947847e-02
7.236714e+00 1.088445e+00 -2.455311e-02
7.236714e+00 1.523711e+00 -2.094483e-02
7.236714e+00 2.088426e+00 -2.041998e-02
7.236714e+00 2.685505e+00 -1.977884e-02
7.401449e+00 1.570796e-02 -6.693741e-04
7.401449e+00 2.346256e-02 -1.660930e-03
7.401449e+00 3.503514e-02 -3.703978e-03
7.401449e+00 5.263151e-02 -7.362648e-03
7.401449e+00 7.314235e-02 -1.444945e-02
7.401449e+00 1.025928e-01 -2.090636e-02
7.401449e+00 1.448116e-01 -3.094950e-02
7.401449e+00 2.023460e-01 -3.638310e-02
7.401449e+00 2.834245e-01 -3.919812e-02
7.401449e+00 3.967448e-01 -3.877231e-02
7.401449e+00 5.552783e-01 -3.641115e-02
7.401449e+00 7.774819e-01 -3.178586e-02
7.401449e+00 1.088445e+00 -2.652728e-02
7.401449e+00 1.523711e+00 -2.254438e-02
7.401449e+00 2.088426e+00 -2.182074e-02
7.401449e+00 2.685505e+00 -2.106655e-02
7.569477e+00 1.570796e-02 -6.118914e-04
7.569477e+00 2.346256e-02 -1.519597e-03
7.569477e+00 3.503514e-02 -3.285414e-03
7.569477e+00 5.263151e-02 -6.720154e-03
7.569477e+00 7.314235e-02 -1.331158e-02
7.569477e+00 1.025928e-01 -1.966765e-02
7.569477e+00 1.448116e-01 -2.989881e-02
7.569477e+00 2.023460e-01 -3.606921e-02
7.569477e+00 2.834245e-01 -3.981258e-02
7.569477e+00 3.967448e-01 -4.008286e-02
7.569477e+00 5.552783e-01 -3.808340e-02
7.569477e+00 7.774819e-01 -3.362172e-02
7.569477e+00 1.088445e+00 -2.813657e-02
7.569477e+00 1.523711e+00 -2.389832e-02
7.569477e+00 2.088426e+00 -2.300787e-02
7.569477e+00 2.685505e+00 -2.199446e-02
7.740867e+00 1.570796e-02 -5.580543e-04
7.740867e+00 2.346256e-02 -1.387972e-03
7.740867e+00 3.503514e-02 -2.931121e-03
7.740867e+00 5.263151e-02 -6.098931e-03
7.740867e+00 7.314235e-02 -1.215998e-02
7.740867e+00 1.025928e-01 -1.829311e-02
7.740867e+00 1.448116e-01 -2.830557e-02
7.740867e+00 2.023460e-01 -3.508639e-02
7.740867e+00 2.834245e-01 -3.968621e-02
7.740867e+00 3.967448e-01 -4.071198e-02
7.740867e+00 5.552783e-01 -3.926598e-02
7.740867e+00 7.774819e-01 -3.493590e-02
7.740867e+00 1.088445e+00 -2.937176e-02
7.740867e+00 1.523711e+00 -2.498677e-02
7.740867e+00 2.088426e+00 -2.396285e-02
7.740867e+00 2.685505e+00 -2.281098e-02
7.915684e+00 1.570796e-02 -5.065241e-04
7.915684e+00 2.346256e-02 -1.273355e-03
7.915684e+00 3.503514e-02 -2.639615e-03
7.915684e+00 5.263151e-02 -5.513803e-03
7.915684e+00 7.314235e-02 -1.103286e-02
7.915684e+00 1.025928e-01 -1.674658e-02
7.915684e+00 1.448116e-01 -2.636716e-02
7.915684e+00 2.023460e-01 -3.351936e-02
7.915684e+00 2.834245e-01 -3.894409e-02
7.915684e+00 3.967448e-01 -4.073121e-02
7.915684e+00 5.552783e-01 -3.983196e-02
7.915684e+00 7.774819e-01 -3.581991e-02
7.915684e+00 1.088445e+00 -3.029065e-02
7.915684e+00 1.523711e+00 -2.579747e-02
7.915684e+00 2.088426e+00 -2.467807e-02
7.915684e+00 2.685505e+00 -2.325667e-02
8.093998e+00 1.570796e-02 -4.514900e-04
8.093998e+00 2.346256e-02 -1.157670e-03
8.093998e+00 3.503514e-02 -2.377152e-03
8.093998e+00 5.263151e-02 -4.978824e-03
8.093998e+00 7.314235e-02 -9.948586e-03
8.093998e+00 1.025928e-01 -1.517226e-02
8.093998e+00 1.448116e-01 -2.426780e-02
8.093998e+00 2.023460e-01 -3.163609e-02
8.093998e+00 2.834245e-01 -3.770923e-02
8.093998e+00 3.967448e-01 -4.022672e-02
8.093998e+00 5.552783e-01 -3.987928e-02
8.093998e+00 7.774819e-01 -3.626657e-02
8.093998e+00 1.088445e+00 -3.082813e-02
8.093998e+00 1.523711e+00 -2.637225e-02
8.093998e+00 2.088426e+00 -2.518771e-02
8.093998e+00 2.685505e+00 -2.358628e-02
8.275878e+00 1.570796e-02 -3.996471e-04
8.275878e+00 2.346256e-02 -1.052818e-03
8.275878e+00 3.503514e-02 -2.134067e-03
8.275878e+00 5.263151e-02 -4.481825e-03
8.275878e+00 7.314235e-02 -8.947699e-03
8.275878e+00 1.025928e-01 -1.365541e-02
8.275878e+00 1.448116e-01 -2.215905e-02
8.275878e+00 2.023460e-01 -2.950213e-02
8.275878e+00 2.834245e-01 -3.603502e-02
8.275878e+00 3.967448e-01 -3.923862e-02
8.275878e+00 5.552783e-01 -3.945704e-02
8.275878e+00 7.774819e-01 -3.631215e-02
8.275878e+00 1.088445e+00 -3.104425e-02
8.275878e+00 1.523711e+00 -2.665718e-02
8.275878e+00 2.088426e+00 -2.548772e-02
8.275878e+00 2.685505e+00 -2.369001e-02
8.461396e+00 1.570796e-02 -3.521115e-04
8.461396e+00 2.346256e-02 -9.578745e-04
8.461396e+00 3.503514e-02 -1.910532e-03
8.461396e+00 5.263151e-02 -4.014671e-03
8.461396e+00 7.314235e-02 -8.021670e-03
8.461396e+00 1.025928e-01 -1.225333e-02
8.461396e+00 1.448116e-01 -2.009601e-02
8.461396e+00 2.023460e-01 -2.725018e-02
8.461396e+00 2.834245e-01 -3.405391e-02
8.461396e+00 3.967448e-01 -3.783235e-02
8.461396e+00 5.552783e-01 -3.856432e-02
8.461396e+00 7.774819e-01 -3.594060e-02
8.461396e+00 1.088445e+00 -3.100172e-02
8.461396e+00 1.523711e+00 -2.674129e-02
8.461396e+00 2.088426e+00 -2.560791e-02
8.461396e+00 2.685505e+00 -2.370198e-02
8.650623e+00 1.570796e-02 -3.086147e-04
8.650623e+00 2.346256e-02 -8.665318e-04
8.650623e+00 3.503514e-02 -1.713706e-03
8.650623e+00 5.263151e-02 -3.584015e-03
8.650623e+00 7.314235e-02 -7.173305e-03
8.650623e+00 1.025928e-01 -1.093963e-02
8.650623e+00 1.448116e-01 -1.809493e-02
8.650623e+00 2.023460e-01 -2.497421e-02
8.650623e+00 2.834245e-01 -3.185454e-02
8.650623e+00 3.967448e-01 -3.607608e-02
8.650623e+00 5.552783e-01 -3.732896e-02
8.650623e+00 7.774819e-01 -3.520922e-02
8.650623e+00 1.088445e+00 -3.063856e-02
8.650623e+00 1.523711e+00 -2.666671e-02
8.650623e+00 2.088426e+00 -2.551783e-02
8.650623e+00 2.685505e+00 -2.345277e-02
8.843636e+00 1.570796e-02 -2.723629e-04
8.843636e+00 2.346256e-02 -7.811998e-04
8.843636e+00 3.503514e-02 -1.530170e-03
8.843636e+00 5.263151e-02 -3.196462e-03
8.843636e+00 7.314235e-02 -6.401016e-03
8.843636e+00 1.025928e-01 -9.765588e-03
8.843636e+00 1.448116e-01 -1.623224e-02
8.843636e+00 2.023460e-01 -2.269908e-02
8.843636e+00 2.834245e-01 -2.948733e-02
8.843636e+00 3.967448e-01 -3.402664e-02
8.843636e+00 5.552783e-01 -3.579570e-02
8.843636e+00 7.774819e-01 -3.417331e-02
8.843636e+00 1.088445e+00 -3.004282e-02
8.843636e+00 1.523711e+00 -2.633523e-02
8.843636e+00 2.088426e+00 -2.520784e-02
8.843636e+00 2.685505e+00 -2.305647e-02
9.040509e+00 1.570796e-02 -2.431698e-04
9.040509e+00 2.346256e-02 -6.999522e-04
9.040509e+00 3.503514e-02 -1.366027e-03
9.040509e+00 5.263151e-02 -2.845371e-03
9.040509e+00 7.314235e-02 -5.690040e-03
9.040509e+00 1.025928e-01 -8.710303e-03
9.040509e+00 1.448116e-01 -1.451222e-02
9.040509e+00 2.023460e-01 -2.050558e-02
9.040509e+00 2.834245e-01 -2.705330e-02
9.040509e+00 3.967448e-01 -3.181977e-02
9.040509e+00 5.552783e-01 -3.395354e-02
9.040509e+00 7.774819e-01 -3.282407e-02
9.040509e+00 1.088445e+00 -2.922915e-02
9.040509e+00 1.523711e+00 -2.583319e-02
9.040509e+00 2.088426e+00 -2.476616e-02
9.040509e+00 2.685505e+00 -2.254060e-02
9.241319e+00 1.570796e-02 -2.149608e-04
9.241319e+00 2.346256e-02 -6.217886e-04
9.241319e+00 3.503514e-02 -1.219591e-03
9.241319e+00 5.263151e-02 -2.528397e-03
9.241319e+00 7.314235e-02 -5.054796e-03
9.241319e+00 1.025928e-01 -7.762690e-03
9.241319e+00 1.448116e-01 -1.294140e-02
9.241319e+00 2.023460e-01 -1.842044e-02
9.241319e+00 2.834245e-01 -2.461592e-02
9.241319e+00 3.967448e-01 -2.945921e-02
9.241319e+00 5.552783e-01 -3.192974e-02
9.241319e+00 7.774819e-01 -3.131221e-02
9.241319e+00 1.088445e+00 -2.818379e-02
9.241319e+00 1.523711e+00 -2.518290e-02
9.241319e+00 2.088426e+00 -2.420612e-02
9.241319e+00 2.685505e+00 -2.191319e-02
9.446145e+00 1.570796e-02 -1.908393e-04
9.446145e+00 2.346256e-02 -5.546791e-04
9.446145e+00 3.503514e-02 -1.087159e-03
9.446145e+00 5.263151e-02 -2.240978e-03
9.446145e+00 7.314235e-02 -4.487133e-03
9.446145e+00 1.025928e-01 -6.893087e-03
9.446145e+00 1.448116e-01 -1.150123e-02
9.446145e+00 2.023460e-01 -1.643295e-02
9.446145e+00 2.834245e-01 -2.224364e-02
9.446145e+00 3.967448e-01 -2.702363e-02
9.446145e+00 5.552783e-01 -2.978949e-02
9.446145e+00 7.774819e-01 -2.961951e-02
9.446145e+00 1.088445e+00 -2.698715e-02
9.446145e+00 1.523711e+00 -2.438188e-02
9.446145e+00 2.088426e+00 -2.355671e-02
9.446145e+00 2.685505e+00 -2.121885e-02
9.655068e+00 1.570796e-02 -1.695670e-04
9.655068e+00 2.346256e-02 -4.935003e-04
9.655068e+00 3.503514e-02 -9.697169e-04
9.655068e+00 5.263151e-02 -1.981037e-03
9.655068e+00 7.314235e-02 -3.961284e-03
9.655068e+00 1.025928e-01 -6.106082e-03
9.655068e+00 1.448116e-01 -1.018114e-02
9.655068e+00 2.023460e-01 -1.461094e-02
9.655068e+00 2.834245e-01 -1.997494e-02
9.655068e+00 3.967448e-01 -2.461593e-02
9.655068e+00 5.552783e-01 -2.758645e-02
9.655068e+00 7.774819e-01 -2.780861e-02
9.655068e+00 1.088445e+00 -2.566505e-02
9.655068e+00 1.523711e+00 -2.348454e-02
9.655068e+00 2.088426e+00 -2.282114e-02
9.655068e+00 2.685505e+00 -2.039459e-02
9.868170e+00 1.570796e-02 -1.510048e-04
9.868170e+00 2.346256e-02 -4.322001e-04
9.868170e+00 3.503514e-02 -8.590306e-04
9.868170e+00 5.263151e-02 -1.741649e-03
9.868170e+00 7.314235e-02 -3.491538e-03
9.868170e+00 1.025928e-01 -5.381726e-03
9.868170e+00 1.448116e-01 -8.967017e-03
9.868170e+00 2.023460e-01 -1.290914e-02
9.868170e+00 2.834245e-01 -1.782298e-02
9.868170e+00 3.967448e-01 -2.226372e-02
9.868170e+00 5.552783e-01 -2.531921e-02
9.868170e+00 7.774819e-01 -2.590782e-02
9.868170e+00 1.088445e+00 -2.427308e-02
9.868170e+00 1.523711e+00 -2.244812e-02
9.868170e+00 2.088426e+00 -2.188816e-02
9.868170e+00 2.685505e+00 -1.947028e-02
1.008553e+01 1.570796e-02 -1.333431e-04
1.008553e+01 2.346256e-02 -3.760453e-04
1.008553e+01 3.503514e-02 -7.557694e-04
1.008553e+01 5.263151e-02 -1.529656e-03
1.008553e+01 7.314235e-02 -3.072455e-03
1.008553e+01 1.025928e-01 -4.725056e-03
1.008553e+01 1.448116e-01 -7.866498e-03
1.008553e+01 2.023460e-01 -1.136616e-02
1.008553e+01 2.834245e-01 -1.581600e-02
1.008553e+01 3.967448e-01 -2.000425e-02
1.008553e+01 5.552783e-01 -2.310142e-02
1.008553e+01 7.774819e-01 -2.392893e-02
1.008553e+01 1.088445e+00 -2.273385e-02
1.008553e+01 1.523711e+00 -2.130957e-02
1.008553e+01 2.088426e+00 -2.087523e-02
1.008553e+01 2.685505e+00 -1.849042e-02
1.030724e+01 1.570796e-02 -1.176690e-04
1.030724e+01 2.346256e-02 -3.259785e-04
1.030724e+01 3.503514e-02 -6.606061e-04
1.030724e+01 5.263151e-02 -1.342334e-03
1.030724e+01 7.314235e-02 -2.693594e-03
1.030724e+01 1.025928e-01 -4.125627e-03
1.030724e+01 1.448116e-01 -6.885535e-03
1.030724e+01 2.023460e-01 -9.972552e-03
1.030724e+01 2.834245e-01 -1.396889e-02
1.030724e+01 3.967448e-01 -1.787332e-02
1.030724e+01 5.552783e-01 -2.092708e-02
1.030724e+01 7.774819e-01 -2.198387e-02
1.030724e+01 1.088445e+00 -2.116909e-02
1.030724e+01 1.523711e+00 -2.009076e-02
1.030724e+01 2.088426e+00 -1.979967e-02
1.030724e+01 2.685505e+00 -1.746492e-02
1.053339e+01 1.570796e-02 -1.029711e-04
1.053339e+01 2.346256e-02 -2.805434e-04
1.053339e+01 3.503514e-02 -5.770858e-04
1.053339e+01 5.263151e-02 -1.171502e-03
1.053339e+01 7.314235e-02 -2.345142e-03
1.053339e+01 1.025928e-01 -3.597587e-03
1.053339e+01 1.448116e-01 -5.997911e-03
1.053339e+01 2.023460e-01 -8.720926e-03
1.053339e+01 2.834245e-01 -1.226330e-02
1.053339e+01 3.967448e-01 -1.586220e-02
1.053339e+01 5.552783e-01 -1.879385e-02
1.053339e+01 7.774819e-01 -2.003194e-02
1.053339e+01 1.088445e+00 -1.958507e-02
1.053339e+01 1.523711e+00 -1.884885e-02
1.053339e+01 2.088426e+00 -1.872445e-02
1.053339e+01 2.685505e+00 -1.643214e-02
1.076406e+01 1.570796e-02 -8.952420e-05
1.076406e+01 2.346256e-02 -2.425791e-04
1.076406e+01 3.503514e-02 -5.008510e-04
1.076406e+01 5.263151e-02 -1.015706e-03
1.076406e+01 7.314235e-02 -2.034230e-03
1.076406e+01 1.025928e-01 -3.127259e-03
1.076406e+01 1.448116e-01 -5.202725e-03
1.076406e+01 2.023460e-01 -7.596052e-03
1.076406e+01 2.834245e-01 -1.072688e-02
1.076406e+01 3.967448e-01 -1.400125e-02
1.076406e+01 5.552783e-01 -1.678509e-02
1.076406e+01 7.774819e-01 -1.814760e-02
1.076406e+01 1.088445e+00 -1.799832e-02
1.076406e+01 1.523711e+00 -1.759240e-02
1.076406e+01 2.088426e+00 -1.757891e-02
1.076406e+01 2.685505e+00 -1.539021e-02
1.099934e+01 1.570796e-02 -7.704281e-05
1.099934e+01 2.346256e-02 -2.089963e-04
1.099934e+01 3.503514e-02 -4.323569e-04
1.099934e+01 5.263151e-02 -8.787394e-04
1.099934e+01 7.314235e-02 -1.757685e-03
1.099934e+01 1.025928e-01 -2.710651e-03
1.099934e+01 1.448116e-01 -4.501302e-03
1.099934e+01 2.023460e-01 -6.585048e-03
1.099934e+01 2.834245e-01 -9.331283e-03
1.099934e+01 3.967448e-01 -1.227932e-02
1.099934e+01 5.552783e-01 -1.487814e-02
1.099934e+01 7.774819e-01 -1.631806e-02
1.099934e+01 1.088445e+00 -1.642030e-02
1.099934e+01 1.523711e+00 -1.631365e-02
1.099934e+01 2.088426e+00 -1.640941e-02
1.099934e+01 2.685505e+00 -1.436756e-02
1.123932e+01 1.570796e-02 -6.725709e-05
1.123932e+01 2.346256e-02 -1.816349e-04
1.123932e+01 3.503514e-02 -3.732198e-04
1.123932e+01 5.263151e-02 -7.603742e-04
1.123932e+01 7.314235e-02 -1.516924e-03
1.123932e+01 1.025928e-01 -2.340838e-03
1.123932e+01 1.448116e-01 -3.877092e-03
1.123932e+01 2.023460e-01 -5.692351e-03
1.123932e+01 2.834245e-01 -8.090997e-03
1.123932e+01 3.967448e-01 -1.070687e-02
1.123932e+01 5.552783e-01 -1.311550e-02
1.123932e+01 7.774819e-01 -1.458245e-02
1.123932e+01 1.088445e+00 -1.489539e-02
1.123932e+01 1.523711e+00 -1.499997e-02
1.123932e+01 2.088426e+00 -1.522792e-02
1.123932e+01 2.685505e+00 -1.334964e-02
1.148411e+01 1.570796e-02 -5.733358e-05
1.148411e+01 2.346256e-02 -1.552796e-04
1.148411e+01 3.503514e-02 -3.199716e-04
1.148411e+01 5.263151e-02 -6.528575e-04
1.148411e+01 7.314235e-02 -1.299074e-03
1.148411e+01 1.025928e-01 -2.009623e-03
1.148411e+01 1.448116e-01 -3.324507e-03
1.148411e+01 2.023460e-01 -4.898136e-03
1.148411e+01 2.834245e-01 -6.979163e-03
1.148411e+01 3.967448e-01 -9.282721e-03
1.148411e+01 5.552783e-01 -1.147532e-02
1.148411e+01 7.774819e-01 -1.291833e-02
1.148411e+01 1.088445e+00 -1.340738e-02
1.148411e+01 1.523711e+00 -1.371027e-02
1.148411e+01 2.088426e+00 -1.405170e-02
1.148411e+01 2.685505e+00 -1.232398e-02
1.173379e+01 1.570796e-02 -4.915460e-05
1.173379e+01 2.346256e-02 -1.315476e-04
1.173379e+01 3.503514e-02 -2.730714e-04
1.173379e+01 5.263151e-02 -5.580054e-04
1.173379e+01 7.314235e-02 -1.110881e-03
1.173379e+01 1.025928e-01 -1.720294e-03
1.173379e+01 1.448116e-01 -2.841230e-03
1.173379e+01 2.023460e-01 -4.192806e-03
1.173379e+01 2.834245e-01 -5.985543e-03
1.173379e+01 3.967448e-01 -8.004825e-03
1.173379e+01 5.552783e-01 -9.974253e-03
1.173379e+01 7.774819e-01 -1.138350e-02
1.173379e+01 1.088445e+00 -1.199685e-02
1.173379e+01 1.523711e+00 -1.243964e-02
1.173379e+01 2.088426e+00 -1.291106e-02
1.173379e+01 2.685505e+00 -1.132494e-02
1.198847e+01 1.570796e-02 -4.205467e-05
1.198847e+01 2.346256e-02 -1.092578e-04
1.198847e+01 3.503514e-02 -2.324973e-04
1.198847e+01 5.263151e-02 -4.735785e-04
1.198847e+01 7.314235e-02 -9.449131e-04
1.198847e+01 1.025928e-01 -1.466076e-03
1.198847e+01 1.448116e-01 -2.418980e-03
1.198847e+01 2.023460e-01 -3.574023e-03
1.198847e+01 2.834245e-01 -5.110710e-03
1.198847e+01 3.967448e-01 -6.865463e-03
1.198847e+01 5.552783e-01 -8.614364e-03
1.198847e+01 7.774819e-01 -9.956351e-03
1.198847e+01 1.088445e+00 -1.067507e-02
1.198847e+01 1.523711e+00 -1.126804e-02
1.198847e+01 2.088426e+00 -1.179821e-02
1.198847e+01 2.685505e+00 -1.033021e-02
1.224824e+01 1.570796e-02 -3.598345e-05
1.224824e+01 2.346256e-02 -9.094749e-05
1.224824e+01 3.503514e-02 -1.969318e-04
1.224824e+01 5.263151e-02 -4.007026e-04
1.224824e+01 7.314235e-02 -7.969827e-04
1.224824e+01 1.025928e-01 -1.242812e-03
1.224824e+01 1.448116e-01 -2.044348e-03
1.224824e+01 2.023460e-01 -3.032439e-03
1.224824e+01 2.834245e-01 -4.335470e-03
1.224824e+01 3.967448e-01 -5.848152e-03
1.224824e+01 5.552783e-01 -7.390450e-03
1.224824e+01 7.774819e-01 -8.649962e-03
1.224824e+01 1.088445e+00 -9.421868e-03
1.224824e+01 1.523711e+00 -1.012659e-02
1.224824e+01 2.088426e+00 -1.072610e-02
1.224824e+01 2.685505e+00 -9.417087e-03
1.251320e+01 1.570796e-02 -3.047578e-05
1.251320e+01 2.346256e-02 -7.638333e-05
1.251320e+01 3.503514e-02 -1.661596e-04
1.251320e+01 5.263151e-02 -3.363516e-04
1.251320e+01 7.314235e-02 -6.727623e-04
1.251320e+01 1.025928e-01 -1.050825e-03
1.251320e+01 1.448116e-01 -1.723821e-03
1.251320e+01 2.023460e-01 -2.558608e-03
1.251320e+01 2.834245e-01 -3.663894e-03
1.251320e+01 3.967448e-01 -4.959883e-03
1.251320e+01 5.552783e-01 -6.300842e-03
1.251320e+01 7.774819e-01 -7.476804e-03
1.251320e+01 1.088445e+00 -8.275918e-03
1.251320e+01 1.523711e+00 -9.042640e-03
1.251320e+01 2.088426e+00 -9.683789e-03
1.251320e+01 2.685505e+00 -8.529818e-03
1.278347e+01 1.570796e-02 -2.583647e-05
1.278347e+01 2.346256e-02 -6.280122e-05
1.278347e+01 3.503514e-02 -1.394336e-04
1.278347e+01 5.263151e-02 -2.825134e-04
1.278347e+01 7.314235e-02 -5.628456e-04
1.278347e+01 1.025928e-01 -8.812781e-04
1.278347e+01 1.448116e-01 -1.443371e-03
1.278347e+01 2.023460e-01 -2.150112e-03
1.278347e+01 2.834245e-01 -3.086463e-03
1.278347e+01 3.967448e-01 -4.180554e-03
1.278347e+01 5.552783e-01 -5.349206e-03
1.278347e+01 7.774819e-01 -6.424687e-03
1.278347e+01 1.088445e+00 -7.217861e-03
1.278347e+01 1.523711e+00 -8.022568e-03
1.278347e+01 2.088426e+00 -8.676434e-03
1.278347e+01 2.685505e+00 -7.679471e-03
1.305914e+01 1.570796e-02 -2.155674e-05
1.305914e+01 2.346256e-02 -5.169516e-05
1.305914e+01 3.503514e-02 -1.157072e-04
1.305914e+01 5.263151e-02 -2.356721e-04
1.305914e+01 7.314235e-02 -4.693957e-04
1.305914e+01 1.025928e-01 -7.343782e-04
1.305914e+01 1.448116e-01 -1.201363e-03
1.305914e+01 2.023460e-01 -1.798940e-03
1.305914e+01 2.834245e-01 -2.577489e-03
1.305914e+01 3.967448e-01 -3.497147e-03
1.305914e+01 5.552783e-01 -4.513622e-03
1.305914e+01 7.774819e-01 -5.485789e-03
1.305914e+01 1.088445e+00 -6.268668e-03
1.305914e+01 1.523711e+00 -7.079122e-03
1.305914e+01 2.088426e+00 -7.746235e-03
1.305914e+01 2.685505e+00 -6.879670e-03
1.334032e+01 1.570796e-02 -1.804375e-05
1.334032e+01 2.346256e-02 -4.252174e-05
1.334032e+01 3.503514e-02 -9.609829e-05
1.334032e+01 5.263151e-02 -1.950747e-04
1.334032e+01 7.314235e-02 -3.883716e-04
1.334032e+01 1.025928e-01 -6.080957e-04
1.334032e+01 1.448116e-01 -9.951837e-04
1.334032e+01 2.023460e-01 -1.489714e-03
1.334032e+01 2.834245e-01 -2.142092e-03
1.334032e+01 3.967448e-01 -2.909929e-03
1.334032e+01 5.552783e-01 -3.776671e-03
1.334032e+01 7.774819e-01 -4.658097e-03
1.334032e+01 1.088445e+00 -5.402619e-03
1.334032e+01 1.523711e+00 -6.197890e-03
1.334032e+01 2.088426e+00 -6.871681e-03
1.334032e+01 2.685505e+00 -6.150051e-03
1.362713e+01 1.570796e-02 -1.495181e-05
1.362713e+01 2.346256e-02 -3.526085e-05
1.362713e+01 3.503514e-02 -7.926892e-05
1.362713e+01 5.263151e-02 -1.616678e-04
1.362713e+01 7.314235e-02 -3.205440e-04
1.362713e+01 1.025928e-01 -5.020843e-04
1.362713e+01 1.448116e-01 -8.226503e-04
1.362713e+01 2.023460e-01 -1.232930e-03
1.362713e+01 2.834245e-01 -1.771390e-03
1.362713e+01 3.967448e-01 -2.414524e-03
1.362713e+01 5.552783e-01 -3.155986e-03
1.362713e+01 7.774819e-01 -3.935384e-03
1.362713e+01 1.088445e+00 -4.630630e-03
1.362713e+01 1.523711e+00 -5.402931e-03
1.362713e+01 2.088426e+00 -6.054102e-03
1.362713e+01 2.685505e+00 -5.453800e-03
1.391967e+01 1.570796e-02 -1.243107e-05
1.391967e+01 2.346256e-02 -2.849853e-05
1.391967e+01 3.503514e-02 -6.428686e-05
1.391967e+01 5.263151e-02 -1.326206e-04
1.391967e+01 7.314235e-02 -2.625772e-04
1.391967e+01 1.025928e-01 -4.103987e-04
1.391967e+01 1.448116e-01 -6.755508e-04
1.391967e+01 2.023460e-01 -1.011982e-03
1.391967e+01 2.834245e-01 -1.455097e-03
1.391967e+01 3.967448e-01 -1.987221e-03
1.391967e+01 5.552783e-01 -2.614333e-03
1.391967e+01 7.774819e-01 -3.289951e-03
1.391967e+01 1.088445e+00 -3.939632e-03
1.391967e+01 1.523711e+00 -4.671321e-03
1.391967e+01 2.088426e+00 -5.297593e-03
1.391967e+01 2.685505e+00 -4.783201e-03
1.421806e+01 1.570796e-02 -1.016407e-05
1.421806e+01 2.346256e-02 -2.328824e-05
1.421806e+01 3.503514e-02 -5.229743e-05
1.421806e+01 5.263151e-02 -1.083018e-04
1.421806e+01 7.314235e-02 -2.137807e-04
1.421806e+01 1.025928e-01 -3.336682e-04
1.421806e+01 1.448116e-01 -5.493682e-04
1.421806e+01 2.023460e-01 -8.288575e-04
1.421806e+01 2.834245e-01 -1.188473e-03
1.421806e+01 3.967448e-01 -1.625935e-03
1.421806e+01 5.552783e-01 -2.153416e-03
1.421806e+01 7.774819e-01 -2.743603e-03
1.421806e+01 1.088445e+00 -3.331233e-03
1.421806e+01 1.523711e+00 -4.029829e-03
1.421806e+01 2.088426e+00 -4.600145e-03
1.421806e+01 2.685505e+00 -4.167750e-03
1.452242e+01 1.570796e-02 -8.248564e-06
1.452242e+01 2.346256e-02 -1.912780e-05
1.452242e+01 3.503514e-02 -4.251212e-05
1.452242e+01 5.263151e-02 -8.761398e-05
1.452242e+01 7.314235e-02 -1.727104e-04
1.452242e+01 1.025928e-01 -2.703176e-04
1.452242e+01 1.448116e-01 -4.443721e-04
1.452242e+01 2.023460e-01 -6.718363e-04
1.452242e+01 2.834245e-01 -9.640305e-04
1.452242e+01 3.967448e-01 -1.324192e-03
1.452242e+01 5.552783e-01 -1.759962e-03
1.452242e+01 7.774819e-01 -2.268967e-03
1.452242e+01 1.088445e+00 -2.801772e-03
1.452242e+01 1.523711e+00 -3.445529e-03
1.452242e+01 2.088426e+00 -3.975874e-03
1.452242e+01 2.685505e+00 -3.630369e-03
1.483287e+01 1.570796e-02 -6.748821e-06
1.483287e+01 2.346256e-02 -1.516859e-05
1.483287e+01 3.503514e-02 -3.438973e-05
1.483287e+01 5.263151e-02 -7.163028e-05
1.483287e+01 7.314235e-02 -1.393453e-04
1.483287e+01 1.025928e-01 -2.179544e-04
1.483287e+01 1.448116e-01 -3.591644e-04
1.483287e+01 2.023460e-01 -5.445393e-04
1.483287e+01 2.834245e-01 -7.793816e-04
1.483287e+01 3.967448e-01 -1.074054e-03
1.483287e+01 5.552783e-01 -1.438259e-03
1.483287e+01 7.774819e-01 -1.869133e-03
1.483287e+01 1.088445e+00 -2.342412e-03
1.483287e+01 1.523711e+00 -2.926615e-03
1.483287e+01 2.088426e+00 -3.409236e-03
1.483287e+01 2.685505e+00 -3.117083e-03
1.514953e+01 1.570796e-02 -5.440622e-06
1.514953e+01 2.346256e-02 -1.185339e-05
1.514953e+01 3.503514e-02 -2.767834e-05
1.514953e+01 5.263151e-02 -5.706068e-05
1.514953e+01 7.314235e-02 -1.120594e-04
1.514953e+01 1.025928e-01 -1.744800e-04
1.514953e+01 1.448116e-01 -2.882774e-04
1.514953e+01 2.023460e-01 -4.378041e-04
1.514953e+01 2.834245e-01 -6.256994e-04
1.514953e+01 3.967448e-01 -8.667560e-04
1.514953e+01 5.552783e-01 -1.164234e-03
1.514953e+01 7.774819e-01 -1.525927e-03
1.514953e+01 1.088445e+00 -1.946739e-03
1.514953e+01 1.523711e+00 -2.468268e-03
1.514953e+01 2.088426e+00 -2.910984e-03
1.514953e+01 2.685505e+00 -2.684194e-03
1.547252e+01 1.570796e-02 -4.472498e-06
1.547252e+01 2.346256e-02 -9.295996e-06
1.547252e+01 3.503514e-02 -2.198385e-05
1.547252e+01 5.263151e-02 -4.513707e-05
1.547252e+01 7.314235e-02 -8.841342e-05
1.547252e+01 1.025928e-01 -1.383822e-04
1.547252e+01 1.448116e-01 -2.296451e-04
1.547252e+01 2.023460e-01 -3.494924e-04
1.547252e+01 2.834245e-01 -4.986961e-04
1.547252e+01 3.967448e-01 -6.929668e-04
1.547252e+01 5.552783e-01 -9.364737e-04
1.547252e+01 7.774819e-01 -1.233888e-03
1.547252e+01 1.088445e+00 -1.603906e-03
1.547252e+01 1.523711e+00 -2.059323e-03
1.547252e+01 2.088426e+00 -2.451125e-03
1.547252e+01 2.685505e+00 -2.268654e-03
1.580197e+01 1.570796e-02 -3.604192e-06
1.580197e+01 2.346256e-02 -7.111517e-06
1.580197e+01 3.503514e-02 -1.728945e-05
1.580197e+01 5.263151e-02 -3.520889e-05
1.580197e+01 7.314235e-02 -7.035140e-05
1.580197e+01 1.025928e-01 -1.102172e-04
1.580197e+01 1.448116e-01 -1.824531e-04
1.580197e+01 2.023460e-01 -2.762482e-04
1.580197e+01 2.834245e-01 -3.949794e-04
1.580197e+01 3.967448e-01 -5.524576e-04
1.580197e+01 5.552783e-01 -7.475580e-04
1.580197e+01 7.774819e-01 -9.931108e-04
1.580197e+01 1.088445e+00 -1.306657e-03
1.580197e+01 1.523711e+00 -1.702280e-03
1.580197e+01 2.088426e+00 -2.039058e-03
1.580197e+01 2.685505e+00 -1.903885e-03
1.613801e+01 1.570796e-02 -2.876626e-06
1.613801e+01 2.346256e-02 -5.590257e-06
1.613801e+01 3.503514e-02 -1.372254e-05
1.613801e+01 5.263151e-02 -2.753815e-05
1.613801e+01 7.314235e-02 -5.510102e-05
1.613801e+01 1.025928e-01 -8.615481e-05
1.613801e+01 1.448116e-01 -1.429264e-04
1.613801e+01 2.023460e-01 -2.169382e-04
1.613801e+01 2.834245e-01 -3.103112e-04
1.613801e+01 3.967448e-01 -4.334555e-04
1.613801e+01 5.552783e-01 -5.914492e-04
1.613801e+01 7.774819e-01 -7.928020e-04
1.613801e+01 1.088445e+00 -1.054451e-03
1.613801e+01 1.523711e+00 -1.396230e-03
1.613801e+01 2.088426e+00 -1.691345e-03
1.613801e+01 2.685505e+00 -1.575549e-03
1.648077e+01 1.570796e-02 -2.387237e-06
1.648077e+01 2.346256e-02 -4.428325e-06
1.648077e+01 3.503514e-02 -1.085741e-05
1.648077e+01 5.263151e-02 -2.142798e-05
1.648077e+01 7.314235e-02 -4.289000e-05
1.648077e+01 1.025928e-01 -6.699385e-05
1.648077e+01 1.448116e-01 -1.116233e-04
1.648077e+01 2.023460e-01 -1.707932e-04
1.648077e+01 2.834245e-01 -2.429174e-04
1.648077e+01 3.967448e-01 -3.393154e-04
1.648077e+01 5.552783e-01 -4.669728e-04
1.648077e+01 7.774819e-01 -6.280826e-04
1.648077e+01 1.088445e+00 -8.478617e-04
1.648077e+01 1.523711e+00 -1.138206e-03
1.648077e+01 2.088426e+00 -1.388567e-03
1.648077e+01 2.685505e+00 -1.274661e-03
1.683038e+01 1.570796e-02 -1.792642e-06
1.683038e+01 2.346256e-02 -3.315205e-06
1.683038e+01 3.503514e-02 -8.541876e-06
1.683038e+01 5.263151e-02 -1.665327e-05
1.683038e+01 7.314235e-02 -3.320765e-05
1.683038e+01 1.025928e-01 -5.181939e-05
1.683038e+01 1.448116e-01 -8.700426e-05
1.683038e+01 2.023460e-01 -1.331599e-04
1.683038e+01 2.834245e-01 -1.893691e-04
1.683038e+01 3.967448e-01 -2.651131e-04
1.683038e+01 5.552783e-01 -3.666683e-04
1.683038e+01 7.774819e-01 -4.969343e-04
1.683038e+01 1.088445e+00 -6.771182e-04
1.683038e+01 1.523711e+00 -9.197900e-04
1.683038e+01 2.088426e+00 -1.128927e-03
1.683038e+01 2.685505e+00 -1.042873e-03
1.718699e+01 1.570796e-02 -1.403980e-06
1.718699e+01 2.346256e-02 -2.595091e-06
1.718699e+01 3.503514e-02 -6.666814e-06
1.718699e+01 5.263151e-02 -1.281980e-05
1.718699e+01 7.314235e-02 -2.509161e-05
1.718699e+01 1.025928e-01 -3.892713e-05
1.718699e+01 1.448116e-01 -6.652673e-05
1.718699e+01 2.023460e-01 -1.019996e-04
1.718699e+01 2.834245e-01 -1.448369e-04
1.718699e+01 3.967448e-01 -2.043012e-04
1.718699e+01 5.552783e-01 -2.828017e-04
1.718699e+01 7.774819e-01 -3.873133e-04
1.718699e+01 1.088445e+00 -5.305200e-04
1.718699e+01 1.523711e+00 -7.293085e-04
1.718699e+01 2.088426e+00 -9.064506e-04
1.718699e+01 2.685505e+00 -8.373466e-04
1.755073e+01 1.570796e-02 -1.085324e-06
1.755073e+01 2.346256e-02 -1.867761e-06
1.755073e+01 3.503514e-02 -5.076729e-06
1.755073e+01 5.263151e-02 -9.699177e-06
1.755073e+01 7.314235e-02 -1.891141e-05
1.755073e+01 1.025928e-01 -2.910164e-05
1.755073e+01 1.448116e-01 -5.048316e-05
1.755073e+01 2.023460e-01 -7.704987e-05
1.755073e+01 2.834245e-01 -1.101644e-04
1.755073e+01 3.967448e-01 -1.553728e-04
1.755073e+01 5.552783e-01 -2.149990e-04
1.755073e+01 7.774819e-01 -2.973746e-04
1.755073e+01 1.088445e+00 -4.108663e-04
1.755073e+01 1.523711e+00 -5.700068e-04
1.755073e+01 2.088426e+00 -7.125604e-04
1.755073e+01 2.685505e+00 -6.660409e-04
1.792175e+01 1.570796e-02 -8.533472e-07
1.792175e+01 2.346256e-02 -1.371543e-06
1.792175e+01 3.503514e-02 -3.912342e-06
1.792175e+01 5.263151e-02 -7.151975e-06
1.792175e+01 7.314235e-02 -1.420910e-05
1.792175e+01 1.025928e-01 -2.183603e-05
1.792175e+01 1.448116e-01 -3.759005e-05
1.792175e+01 2.023460e-01 -5.818597e-05
1.792175e+01 2.834245e-01 -8.240268e-05
1.792175e+01 3.967448e-01 -1.168068e-04
1.792175e+01 5.552783e-01 -1.623490e-04
1.792175e+01 7.774819e-01 -2.265718e-04
1.792175e+01 1.088445e+00 -3.150793e-04
1.792175e+01 1.523711e+00 -4.399765e-04
1.792175e+01 2.088426e+00 -5.517443e-04
1.792175e+01 2.685505e+00 -5.165491e-04
1.830018e+01 1.570796e-02 -6.553108e-07
1.830018e+01 2.346256e-02 -9.127157e-07
1.830018e+01 3.503514e-02 -2.957924e-06
1.830018e+01 5.263151e-02 -5.266456e-06
1.830018e+01 7.314235e-02 -1.029389e-05
1.830018e+01 1.025928e-01 -1.618912e-05
1.830018e+01 1.448116e-01 -2.785142e-05
1.830018e+01 2.023460e-01 -4.263970e-05
1.830018e+01 2.834245e-01 -6.101506e-05
1.830018e+01 3.967448e-01 -8.674105e-05
1.830018e+01 5.552783e-01 -1.213071e-04
1.830018e+01 7.774819e-01 -1.708975e-04
1.830018e+01 1.088445e+00 -2.376592e-04
1.830018e+01 1.523711e+00 -3.336391e-04
1.830018e+01 2.088426e+00 -4.231873e-04
1.830018e+01 2.685505e+00 -4.025196e-04
1.868618e+01 1.570796e-02 -4.753583e-07
1.868618e+01 2.346256e-02 -6.228136e-07
1.868618e+01 3.503514e-02 -2.074589e-06
1.868618e+01 5.263151e-02 -4.002544e-06
1.868618e+01 7.314235e-02 -7.565106e-06
1.868618e+01 1.025928e-01 -1.178264e-05
1.868618e+01 1.448116e-01 -2.013387e-05
1.868618e+01 2.023460e-01 -3.071888e-05
1.868618e+01 2.834245e-01 -4.426508e-05
1.868618e+01 3.967448e-01 -6.335637e-05
1.868618e+01 5.552783e-01 -8.893451e-05
1.868618e+01 7.774819e-01 -1.265147e-04
1.868618e+01 1.088445e+00 -1.770451e-04
1.868618e+01 1.523711e+00 -2.502218e-04
1.868618e+01 2.088426e+00 -3.184797e-04
1.868618e+01 2.685505e+00 -3.050254e-04
1.907991e+01 1.570796e-02 -3.650564e-07
1.907991e+01 2.346256e-02 -4.575678e-07
1.907991e+01 3.503514e-02 -1.453135e-06
1.907991e+01 5.263151e-02 -2.943472e-06
1.907991e+01 7.314235e-02 -5.503156e-06
1.907991e+01 1.025928e-01 -8.288446e-06
1.907991e+01 1.448116e-01 -1.450375e-05
1.907991e+01 2.023460e-01 -2.241537e-05
1.907991e+01 2.834245e-01 -3.189108e-05
1.907991e+01 3.967448e-01 -4.564962e-05
1.907991e+01 5.552783e-01 -6.469494e-05
1.907991e+01 7.774819e-01 -9.381012e-05
1.907991e+01 1.088445e+00 -1.311701e-04
1.907991e+01 1.523711e+00 -1.852584e-04
1.907991e+01 2.088426e+00 -2.373858e-04
1.907991e+01 2.685505e+00 -2.271376e-04
1.948151e+01 1.570796e-02 -2.650045e-07
1.948151e+01 2.346256e-02 -3.099718e-07
1.948151e+01 3.503514e-02 -1.031724e-06
1.948151e+01 5.263151e-02 -2.106232e-06
1.948151e+01 7.314235e-02 -3.848442e-06
1.948151e+01 1.025928e-01 -5.785801e-06
1.948151e+01 1.448116e-01 -1.032435e-05
1.948151e+01 2.023460e-01 -1.620493e-05
1.948151e+01 2.834245e-01 -2.269636e-05
1.948151e+01 3.967448e-01 -3.297468e-05
1.948151e+01 5.552783e-01 -4.676542e-05
1.948151e+01 7.774819e-01 -6.838201e-05
1.948151e+01 1.088445e+00 -9.583147e-05
1.948151e+01 1.523711e+00 -1.355151e-04
1.948151e+01 2.088426e+00 -1.734134e-04
1.948151e+01 2.685505e+00 -1.661755e-04
1.989114e+01 1.570796e-02 -1.956683e-07
1.989114e+01 2.346256e-02 -1.944054e-07
1.989114e+01 3.503514e-02 -7.510343e-07
1.989114e+01 5.263151e-02 -1.476177e-06
1.989114e+01 7.314235e-02 -2.739501e-06
1.989114e+01 1.025928e-01 -3.936554e-06
1.989114e+01 1.448116e-01 -7.311077e-06
1.989114e+01 2.023460e-01 -1.151929e-05
1.989114e+01 2.834245e-01 -1.585098e-05
1.989114e+01 3.967448e-01 -2.332639e-05
1.989114e+01 5.552783e-01 -3.328704e-05
1.989114e+01 7.774819e-01 -4.866831e-05
1.989114e+01 1.088445e+00 -6.795935e-05
1.989114e+01 1.523711e+00 -9.655695e-05
1.989114e+01 2.088426e+00 -1.255385e-04
1.989114e+01 2.685505e+00 -1.217087e-04
2.030896e+01 1.570796e-02 -1.421725e-07
2.030896e+01 2.346256e-02 -1.311159e-07
2.030896e+01 3.503514e-02 -5.167480e-07
2.030896e+01 5.263151e-02 -9.857069e-07
2.030896e+01 7.314235e-02 -1.796089e-06
2.030896e+01 1.025928e-01 -2.618236e-06
2.030896e+01 1.448116e-01 -5.001088e-06
2.030896e+01 2.023460e-01 -7.979858e-06
2.030896e+01 2.834245e-01 -1.091478e-05
2.030896e+01 3.967448e-01 -1.592376e-05
2.030896e+01 5.552783e-01 -2.306621e-05
2.030896e+01 7.774819e-01 -3.406964e-05
2.030896e+01 1.088445e+00 -4.716279e-05
2.030896e+01 1.523711e+00 -6.724295e-05
2.030896e+01 2.088426e+00 -8.861163e-05
2.030896e+01 2.685505e+00 -8.678176e-05
2.073514e+01 1.570796e-02 -8.684995e-08
2.073514e+01 2.346256e-02 -9.068725e-08
2.073514e+01 3.503514e-02 -3.411602e-07
2.073514e+01 5.263151e-02 -6.567460e-07
2.073514e+01 7.314235e-02 -1.162090e-06
2.073514e+01 1.025928e-01 -1.756632e-06
2.073514e+01 1.448116e-01 -3.331698e-06
2.073514e+01 2.023460e-01 -5.311406e-06
2.073514e+01 2.834245e-01 -7.267306e-06
2.073514e+01 3.967448e-01 -1.064394e-05
2.073514e+01 5.552783e-01 -1.563187e-05
2.073514e+01 7.774819e-01 -2.331640e-05
2.073514e+01 1.088445e+00 -3.219052e-05
2.073514e+01 1.523711e+00 -4.597637e-05
2.073514e+01 2.088426e+00 -6.040513e-05
2.073514e+01 2.685505e+00 -5.938779e-05
2.116984e+01 1.570796e-02 -6.161720e-08
2.116984e+01 2.346256e-02 -5.960649e-08
2.116984e+01 3.503514e-02 -2.281662e-07
2.116984e+01 5.263151e-02 -4.205198e-07
2.116984e+01 7.314235e-02 -7.503697e-07
2.116984e+01 1.025928e-01 -1.154849e-06
2.116984e+01 1.448116e-01 -2.222032e-06
2.116984e+01 2.023460e-01 -3.522771e-06
2.116984e+01 2.834245e-01 -4.794606e-06
2.116984e+01 3.967448e-01 -7.101858e-06
2.116984e+01 5.552783e-01 -1.049513e-05
2.116984e+01 7.774819e-01 -1.572993e-05
2.116984e+01 1.088445e+00 -2.166795e-05
2.116984e+01 1.523711e+00 -3.105856e-05
2.116984e+01 2.088426e+00 -4.085562e-05
2.116984e+01 2.685505e+00 -3.991274e-05
2.161324e+01 1.570796e-02 -3.738804e-08
2.161324e+01 2.346256e-02 -4.226035e-08
2.161324e+01 3.503514e-02 -1.443829e-07
2.161324e+01 5.263151e-02 -2.570151e-07
2.161324e+01 7.314235e-02 -4.705338e-07
2.161324e+01 1.025928e-01 -7.585306e-07
2.161324e+01 1.448116e-01 -1.421247e-06
2.161324e+01 2.023460e-01 -2.261869e-06
2.161324e+01 2.834245e-01 -3.065271e-06
2.161324e+01 3.967448e-01 -4.652595e-06
2.161324e+01 5.552783e-01 -6.881358e-06
2.161324e+01 7.774819e-01 -1.038581e-05
2.161324e+01 1.088445e+00 -1.438693e-05
2.161324e+01 1.523711e+00 -2.050799e-05
2.161324e+01 2.088426e+00 -2.717820e-05
2.161324e+01 2.685505e+00 -2.715196e-05
2.206550e+01 1.570796e-02 -2.321492e-08
2.206550e+01 2.346256e-02 -1.823007e-08
2.206550e+01 3.503514e-02 -9.740580e-08
2.206550e+01 5.263151e-02 -1.665733e-07
2.206550e+01 7.314235e-02 -2.943343e-07
2.206550e+01 1.025928e-01 -4.730537e-07
2.206550e+01 1.448116e-01 -8.664163e-07
2.206550e+01 2.023460e-01 -1.385476e-06
2.206550e+01 2.834245e-01 -1.923486e-06
2.206550e+01 3.967448e-01 -2.894583e-06
2.206550e+01 5.552783e-01 -4.352426e-06
2.206550e+01 7.774819e-01 -6.570114e-06
2.206550e+01 1.088445e+00 -9.229964e-06
2.206550e+01 1.523711e+00 -1.323413e-05
2.206550e+01 2.088426e+00 -1.765587e-05
2.206550e+01 2.685505e+00 -1.771041e-05
2.252681e+01 1.570796e-02 5.233947e-10
2.252681e+01 2.346256e-02 1.334735e-09
2.252681e+01 3.503514e-02 2.702585e-09
2.252681e+01 5.263151e-02 5.552212e-09
2.252681e+01 7.314235e-02 1.157948e-08
2.252681e+01 1.025928e-01 1.728110e-08
2.252681e+01 1.448116e-01 2.926734e-08
2.252681e+01 2.023460e-01 4.246954e-08
2.252681e+01 2.834245e-01 6.105214e-08
2.252681e+01 3.967448e-01 8.481676e-08
2.252681e+01 5.552783e-01 1.161683e-07
2.252681e+01 7.774819e-01 1.493093e-07
2.252681e+01 1.088445e+00 1.642478e-07
2.252681e+01 1.523711e+00 1.410065e-07
2.252681e+01 2.088426e+00 9.072065e-08
2.252681e+01 2.685505e+00 3.990805e-08
2.299735e+01 1.570796e-02 4.941140e-10
2.299735e+01 2.346256e-02 1.257160e-09
2.299735e+01 3.503514e-02 2.547757e-09
2.299735e+01 5.263151e-02 5.228408e-09
2.299735e+01 7.314235e-02 1.090735e-08
2.299735e+01 1.025928e-01 1.627359e-08
2.299735e+01 1.448116e-01 2.757337e-08
2.299735e+01 2.023460e-01 4.009064e-08
2.299735e+01 2.834245e-01 5.784324e-08
2.299735e+01 3.967448e-01 8.089675e-08
2.299735e+01 5.552783e-01 1.116702e-07
2.299735e+01 7.774819e-01 1.444429e-07
2.299735e+01 1.088445e+00 1.599566e-07
2.299735e+01 1.523711e+00 1.388595e-07
2.299735e+01 2.088426e+00 9.066634e-08
2.299735e+01 2.685505e+00 4.022267e-08
2.347730e+01 1.570796e-02 4.643397e-10
2.347730e+01 2.346256e-02 1.179759e-09
2.347730e+01 3.503514e-02 2.393520e-09
2.347730e+01 5.263151e-02 4.906306e-09
2.347730e+01 7.314235e-02 1.024195e-08
2.347730e+01 1.025928e-01 1.527538e-08
2.347730e+01 1.448116e-01 2.590201e-08
2.347730e+01 2.023460e-01 3.773675e-08
2.347730e+01 2.834245e-01 5.468878e-08
2.347730e+01 3.967448e-01 7.699850e-08
2.347730e+01 5.552783e-01 1.070923e-07
2.347730e+01 7.774819e-01 1.393782e-07
2.347730e+01 1.088445e+00 1.554759e-07
2.347730e+01 1.523711e+00 1.365574e-07
2.347730e+01 2.088426e+00 9.060290e-08
2.347730e+01 2.685505e+00 4.047495e-08
2.396684e+01 1.570796e-02 4.349185e-10
2.396684e+01 2.346256e-02 1.103902e-09
2.396684e+01 3.503514e-02 2.240545e-09
2.396684e+01 5.263151e-02 4.588813e-09
2.396684e+01 7.314235e-02 9.585475e-09
2.396684e+01 1.025928e-01 1.429384e-08
2.396684e+01 1.448116e-01 2.426101e-08
2.396684e+01 2.023460e-01 3.542611e-08
2.396684e+01 2.834245e-01 5.158488e-08
2.396684e+01 3.967448e-01 7.310559e-08
2.396684e+01 5.552783e-01 1.024603e-07
2.396684e+01 7.774819e-01 1.341444e-07
2.396684e+01 1.088445e+00 1.507583e-07
2.396684e+01 1.523711e+00 1.340770e-07
2.396684e+01 2.088426e+00 9.050930e-08
2.396684e+01 2.685505e+00 4.085284e-08
2.446618e+01 1.570796e-02 4.057331e-10
2.446618e+01 2.346256e-02 1.028990e-09
2.446618e+01 3.503514e-02 2.090786e-09
2.446618e+01 5.263151e-02 4.277471e-09
2.446618e+01 7.314235e-02 8.942766e-09
2.446618e+01 1.025928e-01 1.333100e-08
2.446618e+01 1.448116e-01 2.265517e-08
2.446618e+01 2.023460e-01 3.316729e-08
2.446618e+01 2.834245e-01 4.854270e-08
2.446618e+01 3.967448e-01 6.927662e-08
2.446618e+01 5.552783e-01 9.777357e-08
2.446618e+01 7.774819e-01 1.287575e-07
2.446618e+01 1.088445e+00 1.457636e-07
2.446618e+01 1.523711e+00 1.314973e-07
2.446618e+01 2.088426e+00 9.037237e-08
2.446618e+01 2.685505e+00 4.131608e-08
2.497550e+01 1.570796e-02 3.772518e-10
2.497550e+01 2.346256e-02 9.561604e-10
2.497550e+01 3.503514e-02 1.944005e-09
2.497550e+01 5.263151e-02 3.974080e-09
2.497550e+01 7.314235e-02 8.314806e-09
2.497550e+01 1.025928e-01 1.239293e-08
2.497550e+01 1.448116e-01 2.108833e-08
2.497550e+01 2.023460e-01 3.096187e-08
2.497550e+01 2.834245e-01 4.555726e-08
2.497550e+01 3.967448e-01 6.546834e-08
2.497550e+01 5.552783e-01 9.302877e-08
2.497550e+01 7.774819e-01 1.231581e-07
2.497550e+01 1.088445e+00 1.405181e-07
2.497550e+01 1.523711e+00 1.286165e-07
2.497550e+01 2.088426e+00 9.036346e-08
2.497550e+01 2.685505e+00 4.191896e-08
2.549501e+01 1.570796e-02 3.493825e-10
2.549501e+01 2.346256e-02 8.851156e-10
2.549501e+01 3.503514e-02 1.801545e-09
2.549501e+01 5.263151e-02 3.677952e-09
2.549501e+01 7.314235e-02 7.703923e-09
2.549501e+01 1.025928e-01 1.147970e-08
2.549501e+01 1.448116e-01 1.956335e-08
2.549501e+01 2.023460e-01 2.880502e-08
2.549501e+01 2.834245e-01 4.262450e-08
2.549501e+01 3.967448e-01 6.168096e-08
2.549501e+01 5.552783e-01 8.819663e-08
2.549501e+01 7.774819e-01 1.174036e-07
2.549501e+01 1.088445e+00 1.349782e-07
2.549501e+01 1.523711e+00 1.256164e-07
2.549501e+01 2.088426e+00 9.030271e-08
2.549501e+01 2.685505e+00 4.266944e-08
2.602491e+01 1.570796e-02 3.221695e-10
2.602491e+01 2.346256e-02 8.160811e-10
2.602491e+01 3.503514e-02 1.662089e-09
2.602491e+01 5.263151e-02 3.390202e-09
2.602491e+01 7.314235e-02 7.107834e-09
2.602491e+01 1.025928e-01 1.058711e-08
2.602491e+01 1.448116e-01 1.807364e-08
2.602491e+01 2.023460e-01 2.669665e-08
2.602491e+01 2.834245e-01 3.973477e-08
2.602491e+01 3.967448e-01 5.789024e-08
2.602491e+01 5.552783e-01 8.325993e-08
2.602491e+01 7.774819e-01 1.114000e-07
2.602491e+01 1.088445e+00 1.291739e-07
2.602491e+01 1.523711e+00 1.223602e-07
2.602491e+01 2.088426e+00 9.020836e-08
2.602491e+01 2.685505e+00 4.366389e-08
2.656541e+01 1.570796e-02 2.956880e-10
2.656541e+01 2.346256e-02 7.497227e-10
2.656541e+01 3.503514e-02 1.525851e-09
2.656541e+01 5.263151e-02 3.110529e-09
2.656541e+01 7.314235e-02 6.527264e-09
2.656541e+01 1.025928e-01 9.719096e-09
2.656541e+01 1.448116e-01 1.662209e-08
2.656541e+01 2.023460e-01 2.464269e-08
2.656541e+01 2.834245e-01 3.687994e-08
2.656541e+01 3.967448e-01 5.409952e-08
2.656541e+01 5.552783e-01 7.823167e-08
2.656541e+01 7.774819e-01 1.051993e-07
2.656541e+01 1.088445e+00 1.230819e-07
2.656541e+01 1.523711e+00 1.187933e-07
2.656541e+01 2.088426e+00 8.999216e-08
2.656541e+01 2.685505e+00 4.494228e-08
2.711672e+01 1.570796e-02 2.700464e-10
2.711672e+01 2.346256e-02 6.850240e-10
2.711672e+01 3.503514e-02 1.393367e-09
2.711672e+01 5.263151e-02 2.839283e-09
2.711672e+01 7.314235e-02 5.961524e-09
2.711672e+01 1.025928e-01 8.877694e-09
2.711672e+01 1.448116e-01 1.520586e-08
2.711672e+01 2.023460e-01 2.263325e-08
2.711672e+01 2.834245e-01 3.407116e-08
2.711672e+01 3.967448e-01 5.027920e-08
2.711672e+01 5.552783e-01 7.308845e-08
2.711672e+01 7.774819e-01 9.877124e-08
2.711672e+01 1.088445e+00 1.166773e-07
2.711672e+01 1.523711e+00 1.149027e-07
2.711672e+01 2.088426e+00 8.949177e-08
2.711672e+01 2.685505e+00 4.661274e-08
2.767905e+01 1.570796e-02 2.449602e-10
2.767905e+01 2.346256e-02 6.216244e-10
2.767905e+01 3.503514e-02 1.264300e-09
2.767905e+01 5.263151e-02 2.575710e-09
2.767905e+01 7.314235e-02 5.412559e-09
2.767905e+01 1.025928e-01 8.057922e-09
2.767905e+01 1.448116e-01 1.382809e-08
2.767905e+01 2.023460e-01 2.066868e-08
2.767905e+01 2.834245e-01 3.129323e-08
2.767905e+01 3.967448e-01 4.644091e-08
2.767905e+01 5.552783e-01 6.782734e-08
2.767905e+01 7.774819e-01 9.211590e-08
2.767905e+01 1.088445e+00 1.099288e-07
2.767905e+01 1.523711e+00 1.105569e-07
2.767905e+01 2.088426e+00 8.889153e-08
2.767905e+01 2.685505e+00 4.853661e-08
2.825263e+01 1.570796e-02 2.206290e-10
2.825263e+01 2.346256e-02 5.605921e-10
2.825263e+01 3.503514e-02 1.138604e-09
2.825263e+01 5.263151e-02 2.318695e-09
2.825263e+01 7.314235e-02 4.877554e-09
2.825263e+01 1.025928e-01 7.263568e-09
2.825263e+01 1.448116e-01 1.248034e-08
2.825263e+01 2.023460e-01 1.874314e-08
2.825263e+01 2.834245e-01 2.852937e-08
2.825263e+01 3.967448e-01 4.256428e-08
2.825263e+01 5.552783e-01 6.243923e-08
2.825263e+01 7.774819e-01 8.527190e-08
2.825263e+01 1.088445e+00 1.028359e-07
2.825263e+01 1.523711e+00 1.058014e-07
2.825263e+01 2.088426e+00 8.788731e-08
2.825263e+01 2.685505e+00 5.075067e-08
2.883769e+01 1.570796e-02 1.968828e-10
2.883769e+01 2.346256e-02 5.009120e-10
2.883769e+01 3.503514e-02 1.016204e-09
2.883769e+01 5.263151e-02 2.069194e-09
2.883769e+01 7.314235e-02 4.355655e-09
2.883769e+01 1.025928e-01 6.488805e-09
2.883769e+01 1.448116e-01 1.116568e-08
2.883769e+01 2.023460e-01 1.684723e-08
2.883769e+01 2.834245e-01 2.578107e-08
2.883769e+01 3.967448e-01 3.864699e-08
2.883769e+01 5.552783e-01 5.694206e-08
2.883769e+01 7.774819e-01 7.820520e-08
2.883769e+01 1.088445e+00 9.533656e-08
2.883769e+01 1.523711e+00 1.003372e-07
2.883769e+01 2.088426e+00 8.643847e-08
2.883769e+01 2.685505e+00 5.303602e-08
2.943444e+01 1.570796e-02 1.738342e-10
2.943444e+01 2.346256e-02 4.426672e-10
2.943444e+01 3.503514e-02 8.965453e-10
2.943444e+01 5.263151e-02 1.826076e-09
2.943444e+01 7.314235e-02 3.846789e-09
2.943444e+01 1.025928e-01 5.733778e-09
2.943444e+01 1.448116e-01 9.879734e-09
2.943444e+01 2.023460e-01 1.497962e-08
2.943444e+01 2.834245e-01 2.304079e-08
2.943444e+01 3.967448e-01 3.469060e-08
2.943444e+01 5.552783e-01 5.132231e-08
2.943444e+01 7.774819e-01 7.088449e-08
2.943444e+01 1.088445e+00 8.740603e-08
2.943444e+01 1.523711e+00 9.425637e-08
2.943444e+01 2.088426e+00 8.436932e-08
2.943444e+01 2.685505e+00 5.538131e-08
3.004313e+01 1.570796e-02 1.512987e-10
3.004313e+01 2.346256e-02 3.857813e-10
3.004313e+01 3.503514e-02 7.803802e-10
3.004313e+01 5.263151e-02 1.589811e-09
3.004313e+01 7.314235e-02 3.351085e-09
3.004313e+01 1.025928e-01 4.997820e-09
3.004313e+01 1.448116e-01 8.623914e-09
3.004313e+01 2.023460e-01 1.313632e-08
3.004313e+01 2.834245e-01 2.029988e-08
3.004313e+01 3.967448e-01 3.069752e-08
3.004313e+01 5.552783e-01 4.558269e-08
3.004313e+01 7.774819e-01 6.331358e-08
3.004313e+01 1.088445e+00 7.904834e-08
3.004313e+01 1.523711e+00 8.736500e-08
3.004313e+01 2.088426e+00 8.150435e-08
3.004313e+01 2.685505e+00 5.746451e-08
3.066399e+01 1.570796e-02 1.292855e-10
3.066399e+01 2.346256e-02 3.305379e-10
3.066399e+01 3.503514e-02 6.668881e-10
3.066399e+01 5.263151e-02 1.359179e-09
3.066399e+01 7.314235e-02 2.867996e-09
3.066399e+01 1.025928e-01 4.279471e-09
3.066399e+01 1.448116e-01 7.392403e-09
3.066399e+01 2.023460e-01 1.131953e-08
3.066399e+01 2.834245e-01 1.757361e-08
3.066399e+01 3.967448e-01 2.666248e-08
3.066399e+01 5.552783e-01 3.974241e-08
3.066399e+01 7.774819e-01 5.549313e-08
3.066399e+01 1.088445e+00 7.016024e-08
3.066399e+01 1.523711e+00 7.954517e-08
3.066399e+01 2.088426e+00 7.749595e-08
3.066399e+01 2.685505e+00 5.892383e-08
3.129727e+01 1.570796e-02 1.079327e-10
3.129727e+01 2.346256e-02 2.762769e-10
3.129727e+01 3.503514e-02 5.563170e-10
3.129727e+01 5.263151e-02 1.134605e-09
3.129727e+01 7.314235e-02 2.395828e-09
3.129727e+01 1.025928e-01 3.578912e-09
3.129727e+01 1.448116e-01 6.188221e-09
3.129727e+01 2.023460e-01 9.519218e-09
3.129727e+01 2.834245e-01 1.484432e-08
3.129727e+01 3.967448e-01 2.259138e-08
3.129727e+01 5.552783e-01 3.378760e-08
3.129727e+01 7.774819e-01 4.743614e-08
3.129727e+01 1.088445e+00 6.072487e-08
3.129727e+01 1.523711e+00 7.068420e-08
3.129727e+01 2.088426e+00 7.214951e-08
3.129727e+01 2.685505e+00 5.941790e-08
3.194322e+01 1.570796e-02 8.705648e-11
3.194322e+01 2.346256e-02 2.233968e-10
3.194322e+01 3.503514e-02 4.486612e-10
3.194322e+01 5.263151e-02 9.156743e-10
3.194322e+01 7.314235e-02 1.935330e-09
3.194322e+01 1.025928e-01 2.893817e-09
3.194322e+01 1.448116e-01 5.009152e-09
3.194322e+01 2.023460e-01 7.740344e-09
3.194322e+01 2.834245e-01 1.211761e-08
3.194322e+01 3.967448e-01 1.849386e-08
3.194322e+01 5.552783e-01 2.773570e-08
3.194322e+01 7.774819e-01 3.915046e-08
3.194322e+01 1.088445e+00 5.076733e-08
3.194322e+01 1.523711e+00 6.071457e-08
3.194322e+01 2.088426e+00 6.507602e-08
3.194322e+01 2.685505e+00 5.814200e-08
3.260208e+01 1.570796e-02 6.667321e-11
3.260208e+01 2.346256e-02 1.713670e-10
3.260208e+01 3.503514e-02 3.434060e-10
3.260208e+01 5.263151e-02 7.022480e-10
3.260208e+01 7.314235e-02 1.485662e-09
3.260208e+01 1.025928e-01 2.223471e-09
3.260208e+01 1.448116e-01 3.853862e-09
3.260208e+01 2.023460e-01 5.979430e-09
3.260208e+01 2.834245e-01 9.394580e-09
3.260208e+01 3.967448e-01 1.436673e-08
3.260208e+01 5.552783e-01 2.161255e-08
3.260208e+01 7.774819e-01 3.066124e-08
3.260208e+01 1.088445e+00 4.025402e-08
3.260208e+01 1.523711e+00 4.947973e-08
3.260208e+01 2.088426e+00 5.584168e-08
3.260208e+01 2.685505e+00 5.418832e-08
3.327412e+01 1.570796e-02 4.682107e-11
3.327412e+01 2.346256e-02 1.207760e-10
3.327412e+01 3.503514e-02 2.411571e-10
3.327412e+01 5.263151e-02 4.936968e-10
3.327412e+01 7.314235e-02 1.045029e-09
3.327412e+01 1.025928e-01 1.566622e-09
3.327412e+01 1.448116e-01 2.717663e-09
3.327412e+01 2.023460e-01 4.234985e-09
3.327412e+01 2.834245e-01 6.676908e-09
3.327412e+01 3.967448e-01 1.022828e-08
3.327412e+01 5.552783e-01 1.542947e-08
3.327412e+01 7.774819e-01 2.198118e-08
3.327412e+01 1.088445e+00 2.923366e-08
3.327412e+01 1.523711e+00 3.692400e-08
3.327412e+01 2.088426e+00 4.400111e-08
3.327412e+01 2.685505e+00 4.635991e-08
3.395961e+01 1.570796e-02 2.814422e-11
3.395961e+01 2.346256e-02 7.304689e-11
3.395961e+01 3.503514e-02 1.448524e-10
3.395961e+01 5.263151e-02 2.977502e-10
3.395961e+01 7.314235e-02 6.307732e-10
3.395961e+01 1.025928e-01 9.465415e-10
3.395961e+01 1.448116e-01 1.641065e-09
3.395961e+01 2.023460e-01 2.559906e-09
3.395961e+01 2.834245e-01 4.033084e-09
3.395961e+01 3.967448e-01 6.156994e-09
3.395961e+01 5.552783e-01 9.271462e-09
3.395961e+01 7.774819e-01 1.320691e-08
3.395961e+01 1.088445e+00 1.772767e-08
3.395961e+01 1.523711e+00 2.297125e-08
3.395961e+01 2.088426e+00 2.881586e-08
3.395961e+01 2.685505e+00 3.262036e-08
3.465880e+01 1.570796e-02 9.005938e-12
3.465880e+01 2.346256e-02 2.236554e-11
3.465880e+01 3.503514e-02 4.777218e-11
3.465880e+01 5.263151e-02 9.230636e-11
3.465880e+01 7.314235e-02 2.012368e-10
3.465880e+01 1.025928e-01 2.995902e-10
3.465880e+01 1.448116e-01 5.189222e-10
3.465880e+01 2.023460e-01 8.207982e-10
3.465880e+01 2.834245e-01 1.304706e-09
3.465880e+01 3.967448e-01 2.003483e-09
3.465880e+01 5.552783e-01 3.027048e-09
3.465880e+01 7.774819e-01 4.335070e-09
3.465880e+01 1.088445e+00 5.877864e-09
3.465880e+01 1.523711e+00 7.785994e-09
3.465880e+01 2.088426e+00 1.022539e-08
3.465880e+01 2.685505e+00 1.236053e-08
3.537197e+01 1.570796e-02 0.000000e+00
3.537197e+01 2.346256e-02 0.000000e+00
3.537197e+01 3.503514e-02 0.000000e+00
3.537197e+01 5.263151e-02 0.000000e+00
3.537197e+01 7.314235e-02 0.000000e+00
3.537197e+01 1.025928e-01 0.000000e+00
3.537197e+01 1.448116e-01 0.000000e+00
3.537197e+01 2.023460e-01 0.000000e+00
3.537197e+01 2.834245e-01 0.000000e+00
3.537197e+01 3.967448e-01 0.000000e+00
3.537197e+01 5.552783e-01 0.000000e+00
3.537197e+01 7.774819e-01 0.000000e+00
3.537197e+01 1.088445e+00 0.000000e+00
3.537197e+01 1.523711e+00 0.000000e+00
3.537197e+01 2.088426e+00 0.000000e+00
3.537197e+01 2.685505e+00 0.000000e+00
