5.000000e+00 1.570796e-02 0.000000e+00
5.000000e+00 2.346256e-02 0.000000e+00
5.000000e+00 3.503514e-02 0.000000e+00
5.000000e+00 5.263151e-02 0.000000e+00
5.000000e+00 7.314235e-02 0.000000e+00
5.000000e+00 1.025928e-01 0.000000e+00
5.000000e+00 1.448116e-01 0.000000e+00
5.000000e+00 2.023460e-01 0.000000e+00
5.000000e+00 2.834245e-01 0.000000e+00
5.000000e+00 3.967448e-01 0.000000e+00
5.000000e+00 5.552783e-01 0.000000e+00
5.000000e+00 7.774819e-01 0.000000e+00
5.000000e+00 1.088445e+00 0.000000e+00
5.000000e+00 1.523711e+00 0.000000e+00
5.000000e+00 2.088426e+00 0.000000e+00
5.000000e+00 2.685505e+00 0.000000e+00
5.120000e+00 1.570796e-02 0.000000e+00
5.120000e+00 2.346256e-02 0.000000e+00
5.120000e+00 3.503514e-02 0.000000e+00
5.120000e+00 5.263151e-02 0.000000e+00
5.120000e+00 7.314235e-02 0.000000e+00
5.120000e+00 1.025928e-01 0.000000e+00
5.120000e+00 1.448116e-01 0.000000e+00
5.120000e+00 2.023460e-01 0.000000e+00
5.120000e+00 2.834245e-01 0.000000e+00
5.120000e+00 3.967448e-01 0.000000e+00
5.120000e+00 5.552783e-01 0.000000e+00
5.120000e+00 7.774819e-01 0.000000e+00
5.120000e+00 1.088445e+00 0.000000e+00
5.120000e+00 1.523711e+00 0.000000e+00
5.120000e+00 2.088426e+00 0.000000e+00
5.120000e+00 2.685505e+00 0.000000e+00
5.242400e+00 1.570796e-02 0.000000e+00
5.242400e+00 2.346256e-02 0.000000e+00
5.242400e+00 3.503514e-02 0.000000e+00
5.242400e+00 5.263151e-02 0.000000e+00
5.242400e+00 7.314235e-02 0.000000e+00
5.242400e+00 1.025928e-01 0.000000e+00
5.242400e+00 1.448116e-01 0.000000e+00
5.242400e+00 2.023460e-01 0.000000e+00
5.242400e+00 2.834245e-01 0.000000e+00
5.242400e+00 3.967448e-01 0.000000e+00
5.242400e+00 5.552783e-01 0.000000e+00
5.242400e+00 7.774819e-01 0.000000e+00
5.242400e+00 1.088445e+00 0.000000e+00
5.242400e+00 1.523711e+00 0.000000e+00
5.242400e+00 2.088426e+00 0.000000e+00
5.242400e+00 2.685505e+00 0.000000e+00
5.367248e+00 1.570796e-02 0.000000e+00
5.367248e+00 2.346256e-02 0.000000e+00
5.367248e+00 3.503514e-02 0.000000e+00
5.367248e+00 5.263151e-02 0.000000e+00
5.367248e+00 7.314235e-02 0.000000e+00
5.367248e+00 1.025928e-01 0.000000e+00
5.367248e+00 1.448116e-01 0.000000e+00
5.367248e+00 2.023460e-01 0.000000e+00
5.367248e+00 2.834245e-01 0.000000e+00
5.367248e+00 3.967448e-01 0.000000e+00
5.367248e+00 5.552783e-01 0.000000e+00
5.367248e+00 7.774819e-01 0.000000e+00
5.367248e+00 1.088445e+00 0.000000e+00
5.367248e+00 1.523711e+00 0.000000e+00
5.367248e+00 2.088426e+00 0.000000e+00
5.367248e+00 2.685505e+00 0.000000e+00
5.494593e+00 1.570796e-02 0.000000e+00
5.494593e+00 2.346256e-02 0.000000e+00
5.494593e+00 3.503514e-02 0.000000e+00
5.494593e+00 5.263151e-02 0.000000e+00
5.494593e+00 7.314235e-02 0.000000e+00
5.494593e+00 1.025928e-01 0.000000e+00
5.494593e+00 1.448116e-01 0.000000e+00
5.494593e+00 2.023460e-01 0.000000e+00
5.494593e+00 2.834245e-01 0.000000e+00
5.494593e+00 3.967448e-01 0.000000e+00
5.494593e+00 5.552783e-01 0.000000e+00
5.494593e+00 7.774819e-01 0.000000e+00
5.494593e+00 1.088445e+00 0.000000e+00
5.494593e+00 1.523711e+00 0.000000e+00
5.494593e+00 2.088426e+00 0.000000e+00
5.494593e+00 2.685505e+00 0.000000e+00
5.624485e+00 1.570796e-02 0.000000e+00
5.624485e+00 2.346256e-02 0.000000e+00
5.624485e+00 3.503514e-02 0.000000e+00
5.624485e+00 5.263151e-02 0.000000e+00
5.624485e+00 7.314235e-02 0.000000e+00
5.624485e+00 1.025928e-01 0.000000e+00
5.624485e+00 1.448116e-01 0.000000e+00
5.624485e+00 2.023460e-01 0.000000e+00
5.624485e+00 2.834245e-01 0.000000e+00
5.624485e+00 3.967448e-01 0.000000e+00
5.624485e+00 5.552783e-01 0.000000e+00
5.624485e+00 7.774819e-01 0.000000e+00
5.624485e+00 1.088445e+00 0.000000e+00
5.624485e+00 1.523711e+00 0.000000e+00
5.624485e+00 2.088426e+00 0.000000e+00
5.624485e+00 2.685505e+00 0.000000e+00
5.756975e+00 1.570796e-02 0.000000e+00
5.756975e+00 2.346256e-02 0.000000e+00
5.756975e+00 3.503514e-02 0.000000e+00
5.756975e+00 5.263151e-02 0.000000e+00
5.756975e+00 7.314235e-02 0.000000e+00
5.756975e+00 1.025928e-01 0.000000e+00
5.756975e+00 1.448116e-01 0.000000e+00
5.756975e+00 2.023460e-01 0.000000e+00
5.756975e+00 2.834245e-01 0.000000e+00
5.756975e+00 3.967448e-01 0.000000e+00
5.756975e+00 5.552783e-01 0.000000e+00
5.756975e+00 7.774819e-01 0.000000e+00
5.756975e+00 1.088445e+00 0.000000e+00
5.756975e+00 1.523711e+00 0.000000e+00
5.756975e+00 2.088426e+00 0.000000e+00
5.756975e+00 2.685505e+00 0.000000e+00
5.892114e+00 1.570796e-02 0.000000e+00
5.892114e+00 2.346256e-02 0.000000e+00
5.892114e+00 3.503514e-02 0.000000e+00
5.892114e+00 5.263151e-02 0.000000e+00
5.892114e+00 7.314235e-02 0.000000e+00
5.892114e+00 1.025928e-01 0.000000e+00
5.892114e+00 1.448116e-01 0.000000e+00
5.892114e+00 2.023460e-01 0.000000e+00
5.892114e+00 2.834245e-01 0.000000e+00
5.892114e+00 3.967448e-01 0.000000e+00
5.892114e+00 5.552783e-01 0.000000e+00
5.892114e+00 7.774819e-01 0.000000e+00
5.892114e+00 1.088445e+00 0.000000e+00
5.892114e+00 1.523711e+00 0.000000e+00
5.892114e+00 2.088426e+00 0.000000e+00
5.892114e+00 2.685505e+00 0.000000e+00
6.029956e+00 1.570796e-02 -1.162464e-09
6.029956e+00 2.346256e-02 -8.311438e-10
6.029956e+00 3.503514e-02 -1.986286e-09
6.029956e+00 5.263151e-02 -8.632051e-10
6.029956e+00 7.314235e-02 -3.959620e-10
6.029956e+00 1.025928e-01 -1.436009e-09
6.029956e+00 1.448116e-01 2.894731e-09
6.029956e+00 2.023460e-01 -7.861132e-10
6.029956e+00 2.834245e-01 1.084734e-09
6.029956e+00 3.967448e-01 3.703467e-09
6.029956e+00 5.552783e-01 -2.037765e-09
6.029956e+00 7.774819e-01 -3.329376e-09
6.029956e+00 1.088445e+00 1.928252e-09
6.029956e+00 1.523711e+00 -2.882241e-09
6.029956e+00 2.088426e+00 6.763949e-09
6.029956e+00 2.685505e+00 9.850588e-09
6.170555e+00 1.570796e-02 -5.545755e-05
6.170555e+00 2.346256e-02 -3.918813e-05
6.170555e+00 3.503514e-02 -6.082306e-05
6.170555e+00 5.263151e-02 -6.541264e-05
6.170555e+00 7.314235e-02 -1.165989e-04
6.170555e+00 1.025928e-01 -3.289424e-05
6.170555e+00 1.448116e-01 -8.787861e-05
6.170555e+00 2.023460e-01 -7.245856e-05
6.170555e+00 2.834245e-01 -1.194717e-04
6.170555e+00 3.967448e-01 -6.158265e-05
6.170555e+00 5.552783e-01 -5.872578e-05
6.170555e+00 7.774819e-01 -5.970980e-05
6.170555e+00 1.088445e+00 -5.957686e-05
6.170555e+00 1.523711e+00 -6.217752e-05
6.170555e+00 2.088426e+00 -7.133180e-05
6.170555e+00 2.685505e+00 -7.275801e-05
6.313967e+00 1.570796e-02 -1.723610e-04
6.313967e+00 2.346256e-02 -1.627441e-04
6.313967e+00 3.503514e-02 -2.041242e-04
6.313967e+00 5.263151e-02 -3.642958e-04
6.313967e+00 7.314235e-02 -4.959753e-04
6.313967e+00 1.025928e-01 -3.725815e-04
6.313967e+00 1.448116e-01 -4.784827e-04
6.313967e+00 2.023460e-01 -4.747011e-04
6.313967e+00 2.834245e-01 -5.612627e-04
6.313967e+00 3.967448e-01 -4.274513e-04
6.313967e+00 5.552783e-01 -3.799732e-04
6.313967e+00 7.774819e-01 -3.544864e-04
6.313967e+00 1.088445e+00 -3.216748e-04
6.313967e+00 1.523711e+00 -3.362277e-04
6.313967e+00 2.088426e+00 -3.858387e-04
6.313967e+00 2.685505e+00 -3.702988e-04
6.460246e+00 1.570796e-02 -3.897095e-04
6.460246e+00 2.346256e-02 -5.035256e-04
6.460246e+00 3.503514e-02 -7.740622e-04
6.460246e+00 5.263151e-02 -1.326368e-03
6.460246e+00 7.314235e-02 -2.056515e-03
6.460246e+00 1.025928e-01 -1.550497e-03
6.460246e+00 1.448116e-01 -2.036709e-03
6.460246e+00 2.023460e-01 -1.961947e-03
6.460246e+00 2.834245e-01 -2.027779e-03
6.460246e+00 3.967448e-01 -1.679793e-03
6.460246e+00 5.552783e-01 -1.509653e-03
6.460246e+00 7.774819e-01 -1.417612e-03
6.460246e+00 1.088445e+00 -1.255029e-03
6.460246e+00 1.523711e+00 -1.309857e-03
6.460246e+00 2.088426e+00 -1.459342e-03
6.460246e+00 2.685505e+00 -1.448715e-03
6.609451e+00 1.570796e-02 -5.010341e-04
6.609451e+00 2.346256e-02 -1.014037e-03
6.609451e+00 3.503514e-02 -1.691671e-03
6.609451e+00 5.263151e-02 -2.503091e-03
6.609451e+00 7.314235e-02 -4.319061e-03
6.609451e+00 1.025928e-01 -3.425401e-03
6.609451e+00 1.448116e-01 -4.120337e-03
6.609451e+00 2.023460e-01 -4.454223e-03
6.609451e+00 2.834245e-01 -4.371624e-03
6.609451e+00 3.967448e-01 -3.816837e-03
6.609451e+00 5.552783e-01 -3.554577e-03
6.609451e+00 7.774819e-01 -3.178555e-03
6.609451e+00 1.088445e+00 -2.826415e-03
6.609451e+00 1.523711e+00 -2.920534e-03
6.609451e+00 2.088426e+00 -3.192008e-03
6.609451e+00 2.685505e+00 -3.163163e-03
6.761640e+00 1.570796e-02 -5.575856e-04
6.761640e+00 2.346256e-02 -1.402247e-03
6.761640e+00 3.503514e-02 -2.571729e-03
6.761640e+00 5.263151e-02 -3.886510e-03
6.761640e+00 7.314235e-02 -6.763677e-03
6.761640e+00 1.025928e-01 -6.243062e-03
6.761640e+00 1.448116e-01 -7.518104e-03
6.761640e+00 2.023460e-01 -7.998047e-03
6.761640e+00 2.834245e-01 -7.968062e-03
6.761640e+00 3.967448e-01 -7.032915e-03
6.761640e+00 5.552783e-01 -6.488601e-03
6.761640e+00 7.774819e-01 -5.876148e-03
6.761640e+00 1.088445e+00 -5.168709e-03
6.761640e+00 1.523711e+00 -5.238623e-03
6.761640e+00 2.088426e+00 -5.634680e-03
6.761640e+00 2.685505e+00 -5.566312e-03
6.916873e+00 1.570796e-02 -5.966556e-04
6.916873e+00 2.346256e-02 -1.567781e-03
6.916873e+00 3.503514e-02 -3.134269e-03
6.916873e+00 5.263151e-02 -5.098100e-03
6.916873e+00 7.314235e-02 -9.056169e-03
6.916873e+00 1.025928e-01 -9.466573e-03
6.916873e+00 1.448116e-01 -1.163190e-02
6.916873e+00 2.023460e-01 -1.226171e-02
6.916873e+00 2.834245e-01 -1.245534e-02
6.916873e+00 3.967448e-01 -1.115063e-02
6.916873e+00 5.552783e-01 -1.043201e-02
6.916873e+00 7.774819e-01 -9.296195e-03
6.916873e+00 1.088445e+00 -8.216374e-03
6.916873e+00 1.523711e+00 -8.186581e-03
6.916873e+00 2.088426e+00 -8.735946e-03
6.916873e+00 2.685505e+00 -8.497925e-03
7.075210e+00 1.570796e-02 -6.319957e-04
7.075210e+00 2.346256e-02 -1.553579e-03
7.075210e+00 3.503514e-02 -3.391608e-03
7.075210e+00 5.263151e-02 -5.939983e-03
7.075210e+00 7.314235e-02 -1.059032e-02
7.075210e+00 1.025928e-01 -1.219984e-02
7.075210e+00 1.448116e-01 -1.551615e-02
7.075210e+00 2.023460e-01 -1.662640e-02
7.075210e+00 2.834245e-01 -1.700451e-02
7.075210e+00 3.967448e-01 -1.564503e-02
7.075210e+00 5.552783e-01 -1.470500e-02
7.075210e+00 7.774819e-01 -1.310855e-02
7.075210e+00 1.088445e+00 -1.155678e-02
7.075210e+00 1.523711e+00 -1.132133e-02
7.075210e+00 2.088426e+00 -1.199464e-02
7.075210e+00 2.685505e+00 -1.163727e-02
7.236714e+00 1.570796e-02 -6.316448e-04
7.236714e+00 2.346256e-02 -1.497994e-03
7.236714e+00 3.503514e-02 -3.361334e-03
7.236714e+00 5.263151e-02 -6.166075e-03
7.236714e+00 7.314235e-02 -1.148257e-02
7.236714e+00 1.025928e-01 -1.429582e-02
7.236714e+00 1.448116e-01 -1.918880e-02
7.236714e+00 2.023460e-01 -2.074131e-02
7.236714e+00 2.834245e-01 -2.141581e-02
7.236714e+00 3.967448e-01 -2.026468e-02
7.236714e+00 5.552783e-01 -1.910031e-02
7.236714e+00 7.774819e-01 -1.712628e-02
7.236714e+00 1.088445e+00 -1.504991e-02
7.236714e+00 1.523711e+00 -1.461070e-02
7.236714e+00 2.088426e+00 -1.530272e-02
7.236714e+00 2.685505e+00 -1.472882e-02
7.401449e+00 1.570796e-02 -5.972737e-04
7.401449e+00 2.346256e-02 -1.434928e-03
7.401449e+00 3.503514e-02 -3.219812e-03
7.401449e+00 5.263151e-02 -6.128381e-03
7.401449e+00 7.314235e-02 -1.174714e-02
7.401449e+00 1.025928e-01 -1.550335e-02
7.401449e+00 1.448116e-01 -2.150331e-02
7.401449e+00 2.023460e-01 -2.404911e-02
7.401449e+00 2.834245e-01 -2.530459e-02
7.401449e+00 3.967448e-01 -2.445729e-02
7.401449e+00 5.552783e-01 -2.324024e-02
7.401449e+00 7.774819e-01 -2.080702e-02
7.401449e+00 1.088445e+00 -1.839478e-02
7.401449e+00 1.523711e+00 -1.767721e-02
7.401449e+00 2.088426e+00 -1.836757e-02
7.401449e+00 2.685505e+00 -1.762413e-02
7.569477e+00 1.570796e-02 -5.473431e-04
7.569477e+00 2.346256e-02 -1.331610e-03
7.569477e+00 3.503514e-02 -3.048316e-03
7.569477e+00 5.263151e-02 -5.919148e-03
7.569477e+00 7.314235e-02 -1.151873e-02
7.569477e+00 1.025928e-01 -1.593125e-02
7.569477e+00 1.448116e-01 -2.285578e-02
7.569477e+00 2.023460e-01 -2.635824e-02
7.569477e+00 2.834245e-01 -2.834459e-02
7.569477e+00 3.967448e-01 -2.795623e-02
7.569477e+00 5.552783e-01 -2.686288e-02
7.569477e+00 7.774819e-01 -2.424439e-02
7.569477e+00 1.088445e+00 -2.146377e-02
7.569477e+00 1.523711e+00 -2.051838e-02
7.569477e+00 2.088426e+00 -2.110745e-02
7.569477e+00 2.685505e+00 -2.008295e-02
7.740867e+00 1.570796e-02 -5.066444e-04
7.740867e+00 2.346256e-02 -1.255824e-03
7.740867e+00 3.503514e-02 -2.797112e-03
7.740867e+00 5.263151e-02 -5.546717e-03
7.740867e+00 7.314235e-02 -1.094746e-02
7.740867e+00 1.025928e-01 -1.571693e-02
7.740867e+00 1.448116e-01 -2.331748e-02
7.740867e+00 2.023460e-01 -2.766339e-02
7.740867e+00 2.834245e-01 -3.048763e-02
7.740867e+00 3.967448e-01 -3.080997e-02
7.740867e+00 5.552783e-01 -2.989790e-02
7.740867e+00 7.774819e-01 -2.722717e-02
7.740867e+00 1.088445e+00 -2.420163e-02
7.740867e+00 1.523711e+00 -2.298569e-02
7.740867e+00 2.088426e+00 -2.352892e-02
7.740867e+00 2.685505e+00 -2.217990e-02
7.915684e+00 1.570796e-02 -4.699228e-04
7.915684e+00 2.346256e-02 -1.170503e-03
7.915684e+00 3.503514e-02 -2.512029e-03
7.915684e+00 5.263151e-02 -5.130122e-03
7.915684e+00 7.314235e-02 -1.028190e-02
7.915684e+00 1.025928e-01 -1.506848e-02
7.915684e+00 1.448116e-01 -2.309158e-02
7.915684e+00 2.023460e-01 -2.819985e-02
7.915684e+00 2.834245e-01 -3.187594e-02
7.915684e+00 3.967448e-01 -3.289968e-02
7.915684e+00 5.552783e-01 -3.235023e-02
7.915684e+00 7.774819e-01 -2.977584e-02
7.915684e+00 1.088445e+00 -2.653463e-02
7.915684e+00 1.523711e+00 -2.509788e-02
7.915684e+00 2.088426e+00 -2.542895e-02
7.915684e+00 2.685505e+00 -2.376534e-02
8.093998e+00 1.570796e-02 -4.342722e-04
8.093998e+00 2.346256e-02 -1.080961e-03
8.093998e+00 3.503514e-02 -2.261083e-03
8.093998e+00 5.263151e-02 -4.714857e-03
8.093998e+00 7.314235e-02 -9.506807e-03
8.093998e+00 1.025928e-01 -1.424744e-02
8.093998e+00 1.448116e-01 -2.228923e-02
8.093998e+00 2.023460e-01 -2.799468e-02
8.093998e+00 2.834245e-01 -3.246196e-02
8.093998e+00 3.967448e-01 -3.420977e-02
8.093998e+00 5.552783e-01 -3.413202e-02
8.093998e+00 7.774819e-01 -3.175836e-02
8.093998e+00 1.088445e+00 -2.845179e-02
8.093998e+00 1.523711e+00 -2.684348e-02
8.093998e+00 2.088426e+00 -2.695391e-02
8.093998e+00 2.685505e+00 -2.493702e-02
8.275878e+00 1.570796e-02 -3.986864e-04
8.275878e+00 2.346256e-02 -1.006023e-03
8.275878e+00 3.503514e-02 -2.058822e-03
8.275878e+00 5.263151e-02 -4.321444e-03
8.275878e+00 7.314235e-02 -8.731303e-03
8.275878e+00 1.025928e-01 -1.320577e-02
8.275878e+00 1.448116e-01 -2.103645e-02
8.275878e+00 2.023460e-01 -2.713653e-02
8.275878e+00 2.834245e-01 -3.232486e-02
8.275878e+00 3.967448e-01 -3.483974e-02
8.275878e+00 5.552783e-01 -3.532368e-02
8.275878e+00 7.774819e-01 -3.321043e-02
8.275878e+00 1.088445e+00 -2.998603e-02
8.275878e+00 1.523711e+00 -2.825422e-02
8.275878e+00 2.088426e+00 -2.815765e-02
8.275878e+00 2.685505e+00 -2.575874e-02
8.461396e+00 1.570796e-02 -3.605662e-04
8.461396e+00 2.346256e-02 -9.248205e-04
8.461396e+00 3.503514e-02 -1.874318e-03
8.461396e+00 5.263151e-02 -3.945083e-03
8.461396e+00 7.314235e-02 -7.954514e-03
8.461396e+00 1.025928e-01 -1.207658e-02
8.461396e+00 1.448116e-01 -1.956064e-02
8.461396e+00 2.023460e-01 -2.588683e-02
8.461396e+00 2.834245e-01 -3.166078e-02
8.461396e+00 3.967448e-01 -3.487277e-02
8.461396e+00 5.552783e-01 -3.593733e-02
8.461396e+00 7.774819e-01 -3.422983e-02
8.461396e+00 1.088445e+00 -3.110078e-02
8.461396e+00 1.523711e+00 -2.937059e-02
8.461396e+00 2.088426e+00 -2.913466e-02
8.461396e+00 2.685505e+00 -2.636348e-02
8.650623e+00 1.570796e-02 -3.221676e-04
8.650623e+00 2.346256e-02 -8.496112e-04
8.650623e+00 3.503514e-02 -1.701323e-03
8.650623e+00 5.263151e-02 -3.585193e-03
8.650623e+00 7.314235e-02 -7.227073e-03
8.650623e+00 1.025928e-01 -1.097913e-02
8.650623e+00 1.448116e-01 -1.802283e-02
8.650623e+00 2.023460e-01 -2.437374e-02
8.650623e+00 2.834245e-01 -3.051790e-02
8.650623e+00 3.967448e-01 -3.436274e-02
8.650623e+00 5.552783e-01 -3.596564e-02
8.650623e+00 7.774819e-01 -3.470989e-02
8.650623e+00 1.088445e+00 -3.183228e-02
8.650623e+00 1.523711e+00 -3.014939e-02
8.650623e+00 2.088426e+00 -2.974577e-02
8.650623e+00 2.685505e+00 -2.672926e-02
8.843636e+00 1.570796e-02 -2.857226e-04
8.843636e+00 2.346256e-02 -7.806024e-04
8.843636e+00 3.503514e-02 -1.541832e-03
8.843636e+00 5.263151e-02 -3.243389e-03
8.843636e+00 7.314235e-02 -6.544639e-03
8.843636e+00 1.025928e-01 -9.945166e-03
8.843636e+00 1.448116e-01 -1.648382e-02
8.843636e+00 2.023460e-01 -2.268708e-02
8.843636e+00 2.834245e-01 -2.902732e-02
8.843636e+00 3.967448e-01 -3.336365e-02
8.843636e+00 5.552783e-01 -3.549831e-02
8.843636e+00 7.774819e-01 -3.471226e-02
8.843636e+00 1.088445e+00 -3.217967e-02
8.843636e+00 1.523711e+00 -3.056052e-02
8.843636e+00 2.088426e+00 -3.008487e-02
8.843636e+00 2.685505e+00 -2.689330e-02
9.040509e+00 1.570796e-02 -2.540554e-04
9.040509e+00 2.346256e-02 -7.122156e-04
9.040509e+00 3.503514e-02 -1.401525e-03
9.040509e+00 5.263151e-02 -2.927008e-03
9.040509e+00 7.314235e-02 -5.908779e-03
9.040509e+00 1.025928e-01 -8.975908e-03
9.040509e+00 1.448116e-01 -1.496831e-02
9.040509e+00 2.023460e-01 -2.091330e-02
9.040509e+00 2.834245e-01 -2.725427e-02
9.040509e+00 3.967448e-01 -3.195160e-02
9.040509e+00 5.552783e-01 -3.459121e-02
9.040509e+00 7.774819e-01 -3.432279e-02
9.040509e+00 1.088445e+00 -3.216686e-02
9.040509e+00 1.523711e+00 -3.076139e-02
9.040509e+00 2.088426e+00 -3.024004e-02
9.040509e+00 2.685505e+00 -2.687574e-02
9.241319e+00 1.570796e-02 -2.283635e-04
9.241319e+00 2.346256e-02 -6.428892e-04
9.241319e+00 3.503514e-02 -1.267356e-03
9.241319e+00 5.263151e-02 -2.638357e-03
9.241319e+00 7.314235e-02 -5.320018e-03
9.241319e+00 1.025928e-01 -8.092448e-03
9.241319e+00 1.448116e-01 -1.355366e-02
9.241319e+00 2.023460e-01 -1.912499e-02
9.241319e+00 2.834245e-01 -2.534577e-02
9.241319e+00 3.967448e-01 -3.026176e-02
9.241319e+00 5.552783e-01 -3.329048e-02
9.241319e+00 7.774819e-01 -3.351877e-02
9.241319e+00 1.088445e+00 -3.180046e-02
9.241319e+00 1.523711e+00 -3.065271e-02
9.241319e+00 2.088426e+00 -3.015446e-02
9.241319e+00 2.685505e+00 -2.669792e-02
9.446145e+00 1.570796e-02 -2.058503e-04
9.446145e+00 2.346256e-02 -5.793325e-04
9.446145e+00 3.503514e-02 -1.145534e-03
9.446145e+00 5.263151e-02 -2.375125e-03
9.446145e+00 7.314235e-02 -4.785058e-03
9.446145e+00 1.025928e-01 -7.297546e-03
9.446145e+00 1.448116e-01 -1.222862e-02
9.446145e+00 2.023460e-01 -1.736324e-02
9.446145e+00 2.834245e-01 -2.333648e-02
9.446145e+00 3.967448e-01 -2.833532e-02
9.446145e+00 5.552783e-01 -3.169915e-02
9.446145e+00 7.774819e-01 -3.239651e-02
9.446145e+00 1.088445e+00 -3.116575e-02
9.446145e+00 1.523711e+00 -3.028984e-02
9.446145e+00 2.088426e+00 -2.988857e-02
9.446145e+00 2.685505e+00 -2.643761e-02
9.655068e+00 1.570796e-02 -1.843893e-04
9.655068e+00 2.346256e-02 -5.227023e-04
9.655068e+00 3.503514e-02 -1.032413e-03
9.655068e+00 5.263151e-02 -2.128250e-03
9.655068e+00 7.314235e-02 -4.296996e-03
9.655068e+00 1.025928e-01 -6.569410e-03
9.655068e+00 1.448116e-01 -1.098749e-02
9.655068e+00 2.023460e-01 -1.567856e-02
9.655068e+00 2.834245e-01 -2.130294e-02
9.655068e+00 3.967448e-01 -2.627098e-02
9.655068e+00 5.552783e-01 -2.988112e-02
9.655068e+00 7.774819e-01 -3.101997e-02
9.655068e+00 1.088445e+00 -3.027090e-02
9.655068e+00 1.523711e+00 -2.971165e-02
9.655068e+00 2.088426e+00 -2.938658e-02
9.655068e+00 2.685505e+00 -2.585098e-02
9.868170e+00 1.570796e-02 -1.656916e-04
9.868170e+00 2.346256e-02 -4.647547e-04
9.868170e+00 3.503514e-02 -9.285768e-04
9.868170e+00 5.263151e-02 -1.903128e-03
9.868170e+00 7.314235e-02 -3.842311e-03
9.868170e+00 1.025928e-01 -5.886857e-03
9.868170e+00 1.448116e-01 -9.835618e-03
9.868170e+00 2.023460e-01 -1.407766e-02
9.868170e+00 2.834245e-01 -1.932187e-02
9.868170e+00 3.967448e-01 -2.414751e-02
9.868170e+00 5.552783e-01 -2.788667e-02
9.868170e+00 7.774819e-01 -2.943301e-02
9.868170e+00 1.088445e+00 -2.916892e-02
9.868170e+00 1.523711e+00 -2.889702e-02
9.868170e+00 2.088426e+00 -2.872276e-02
9.868170e+00 2.685505e+00 -2.516430e-02
1.008553e+01 1.570796e-02 -1.480775e-04
1.008553e+01 2.346256e-02 -4.118211e-04
1.008553e+01 3.503514e-02 -8.328728e-04
1.008553e+01 5.263151e-02 -1.693324e-03
1.008553e+01 7.314235e-02 -3.420436e-03
1.008553e+01 1.025928e-01 -5.246431e-03
1.008553e+01 1.448116e-01 -8.769236e-03
1.008553e+01 2.023460e-01 -1.257304e-02
1.008553e+01 2.834245e-01 -1.740116e-02
1.008553e+01 3.967448e-01 -2.202389e-02
1.008553e+01 5.552783e-01 -2.580428e-02
1.008553e+01 7.774819e-01 -2.766735e-02
1.008553e+01 1.088445e+00 -2.787968e-02
1.008553e+01 1.523711e+00 -2.794594e-02
1.008553e+01 2.088426e+00 -2.788742e-02
1.008553e+01 2.685505e+00 -2.441391e-02
1.030724e+01 1.570796e-02 -1.329420e-04
1.030724e+01 2.346256e-02 -3.636000e-04
1.030724e+01 3.503514e-02 -7.388145e-04
1.030724e+01 5.263151e-02 -1.504346e-03
1.030724e+01 7.314235e-02 -3.041187e-03
1.030724e+01 1.025928e-01 -4.652844e-03
1.030724e+01 1.448116e-01 -7.783795e-03
1.030724e+01 2.023460e-01 -1.118483e-02
1.030724e+01 2.834245e-01 -1.560591e-02
1.030724e+01 3.967448e-01 -1.996072e-02
1.030724e+01 5.552783e-01 -2.371226e-02
1.030724e+01 7.774819e-01 -2.582893e-02
1.030724e+01 1.088445e+00 -2.645451e-02
1.030724e+01 1.523711e+00 -2.683653e-02
1.030724e+01 2.088426e+00 -2.697110e-02
1.030724e+01 2.685505e+00 -2.357335e-02
1.053339e+01 1.570796e-02 -1.183890e-04
1.053339e+01 2.346256e-02 -3.208272e-04
1.053339e+01 3.503514e-02 -6.542085e-04
1.053339e+01 5.263151e-02 -1.330833e-03
1.053339e+01 7.314235e-02 -2.691303e-03
1.053339e+01 1.025928e-01 -4.116113e-03
1.053339e+01 1.448116e-01 -6.886703e-03
1.053339e+01 2.023460e-01 -9.918070e-03
1.053339e+01 2.834245e-01 -1.391202e-02
1.053339e+01 3.967448e-01 -1.796612e-02
1.053339e+01 5.552783e-01 -2.161592e-02
1.053339e+01 7.774819e-01 -2.391755e-02
1.053339e+01 1.088445e+00 -2.491804e-02
1.053339e+01 1.523711e+00 -2.563472e-02
1.053339e+01 2.088426e+00 -2.592671e-02
1.053339e+01 2.685505e+00 -2.264672e-02
1.076406e+01 1.570796e-02 -1.049387e-04
1.076406e+01 2.346256e-02 -2.796335e-04
1.076406e+01 3.503514e-02 -5.780538e-04
1.076406e+01 5.263151e-02 -1.175053e-03
1.076406e+01 7.314235e-02 -2.373186e-03
1.076406e+01 1.025928e-01 -3.630447e-03
1.076406e+01 1.448116e-01 -6.067006e-03
1.076406e+01 2.023460e-01 -8.764901e-03
1.076406e+01 2.834245e-01 -1.234392e-02
1.076406e+01 3.967448e-01 -1.606371e-02
1.076406e+01 5.552783e-01 -1.956958e-02
1.076406e+01 7.774819e-01 -2.197506e-02
1.076406e+01 1.088445e+00 -2.326993e-02
1.076406e+01 1.523711e+00 -2.430436e-02
1.076406e+01 2.088426e+00 -2.478926e-02
1.076406e+01 2.685505e+00 -2.156748e-02
1.099934e+01 1.570796e-02 -9.252847e-05
1.099934e+01 2.346256e-02 -2.456220e-04
1.099934e+01 3.503514e-02 -5.103255e-04
1.099934e+01 5.263151e-02 -1.032502e-03
1.099934e+01 7.314235e-02 -2.085909e-03
1.099934e+01 1.025928e-01 -3.189242e-03
1.099934e+01 1.448116e-01 -5.320575e-03
1.099934e+01 2.023460e-01 -7.720749e-03
1.099934e+01 2.834245e-01 -1.089965e-02
1.099934e+01 3.967448e-01 -1.428576e-02
1.099934e+01 5.552783e-01 -1.757844e-02
1.099934e+01 7.774819e-01 -2.005987e-02
1.099934e+01 1.088445e+00 -2.156255e-02
1.099934e+01 1.523711e+00 -2.288167e-02
1.099934e+01 2.088426e+00 -2.350120e-02
1.099934e+01 2.685505e+00 -2.041998e-02
1.123932e+01 1.570796e-02 -8.059406e-05
1.123932e+01 2.346256e-02 -2.147801e-04
1.123932e+01 3.503514e-02 -4.466663e-04
1.123932e+01 5.263151e-02 -9.032023e-04
1.123932e+01 7.314235e-02 -1.821969e-03
1.123932e+01 1.025928e-01 -2.796288e-03
1.123932e+01 1.448116e-01 -4.653847e-03
1.123932e+01 2.023460e-01 -6.771363e-03
1.123932e+01 2.834245e-01 -9.588167e-03
1.123932e+01 3.967448e-01 -1.262111e-02
1.123932e+01 5.552783e-01 -1.569881e-02
1.123932e+01 7.774819e-01 -1.816733e-02
1.123932e+01 1.088445e+00 -1.986508e-02
1.123932e+01 1.523711e+00 -2.141827e-02
1.123932e+01 2.088426e+00 -2.219984e-02
1.123932e+01 2.685505e+00 -1.922941e-02
1.148411e+01 1.570796e-02 -7.051988e-05
1.148411e+01 2.346256e-02 -1.844990e-04
1.148411e+01 3.503514e-02 -3.881082e-04
1.148411e+01 5.263151e-02 -7.873995e-04
1.148411e+01 7.314235e-02 -1.590944e-03
1.148411e+01 1.025928e-01 -2.442477e-03
1.148411e+01 1.448116e-01 -4.058716e-03
1.148411e+01 2.023460e-01 -5.916653e-03
1.148411e+01 2.834245e-01 -8.390612e-03
1.148411e+01 3.967448e-01 -1.109578e-02
1.148411e+01 5.552783e-01 -1.393672e-02
1.148411e+01 7.774819e-01 -1.635948e-02
1.148411e+01 1.088445e+00 -1.819755e-02
1.148411e+01 1.523711e+00 -1.988813e-02
1.148411e+01 2.088426e+00 -2.081550e-02
1.148411e+01 2.685505e+00 -1.805426e-02
1.173379e+01 1.570796e-02 -6.036329e-05
1.173379e+01 2.346256e-02 -1.589245e-04
1.173379e+01 3.503514e-02 -3.379413e-04
1.173379e+01 5.263151e-02 -6.860180e-04
1.173379e+01 7.314235e-02 -1.380700e-03
1.173379e+01 1.025928e-01 -2.121031e-03
1.173379e+01 1.448116e-01 -3.528369e-03
1.173379e+01 2.023460e-01 -5.150232e-03
1.173379e+01 2.834245e-01 -7.313513e-03
1.173379e+01 3.967448e-01 -9.703859e-03
1.173379e+01 5.552783e-01 -1.227928e-02
1.173379e+01 7.774819e-01 -1.463813e-02
1.173379e+01 1.088445e+00 -1.656760e-02
1.173379e+01 1.523711e+00 -1.836678e-02
1.173379e+01 2.088426e+00 -1.941079e-02
1.173379e+01 2.685505e+00 -1.688938e-02
1.198847e+01 1.570796e-02 -5.259901e-05
1.198847e+01 2.346256e-02 -1.371543e-04
1.198847e+01 3.503514e-02 -2.928661e-04
1.198847e+01 5.263151e-02 -5.924834e-04
1.198847e+01 7.314235e-02 -1.194963e-03
1.198847e+01 1.025928e-01 -1.832054e-03
1.198847e+01 1.448116e-01 -3.046874e-03
1.198847e+01 2.023460e-01 -4.457310e-03
1.198847e+01 2.834245e-01 -6.342405e-03
1.198847e+01 3.967448e-01 -8.440538e-03
1.198847e+01 5.552783e-01 -1.076324e-02
1.198847e+01 7.774819e-01 -1.301474e-02
1.198847e+01 1.088445e+00 -1.497268e-02
1.198847e+01 1.523711e+00 -1.685896e-02
1.198847e+01 2.088426e+00 -1.797945e-02
1.198847e+01 2.685505e+00 -1.565663e-02
1.224824e+01 1.570796e-02 -4.533817e-05
1.224824e+01 2.346256e-02 -1.172751e-04
1.224824e+01 3.503514e-02 -2.516419e-04
1.224824e+01 5.263151e-02 -5.106369e-04
1.224824e+01 7.314235e-02 -1.026213e-03
1.224824e+01 1.025928e-01 -1.576331e-03
1.224824e+01 1.448116e-01 -2.620471e-03
1.224824e+01 2.023460e-01 -3.841098e-03
1.224824e+01 2.834245e-01 -5.467112e-03
1.224824e+01 3.967448e-01 -7.305522e-03
1.224824e+01 5.552783e-01 -9.376414e-03
1.224824e+01 7.774819e-01 -1.148664e-02
1.224824e+01 1.088445e+00 -1.344237e-02
1.224824e+01 1.523711e+00 -1.533865e-02
1.224824e+01 2.088426e+00 -1.647376e-02
1.224824e+01 2.685505e+00 -1.431410e-02
1.251320e+01 1.570796e-02 -3.829595e-05
1.251320e+01 2.346256e-02 -1.002836e-04
1.251320e+01 3.503514e-02 -2.154801e-04
1.251320e+01 5.263151e-02 -4.357470e-04
1.251320e+01 7.314235e-02 -8.768200e-04
1.251320e+01 1.025928e-01 -1.347116e-03
1.251320e+01 1.448116e-01 -2.236702e-03
1.251320e+01 2.023460e-01 -3.285819e-03
1.251320e+01 2.834245e-01 -4.675283e-03
1.251320e+01 3.967448e-01 -6.277618e-03
1.251320e+01 5.552783e-01 -8.104505e-03
1.251320e+01 7.774819e-01 -1.006329e-02
1.251320e+01 1.088445e+00 -1.196156e-02
1.251320e+01 1.523711e+00 -1.385420e-02
1.251320e+01 2.088426e+00 -1.501156e-02
1.251320e+01 2.685505e+00 -1.300333e-02
1.278347e+01 1.570796e-02 -3.284957e-05
1.278347e+01 2.346256e-02 -8.506684e-05
1.278347e+01 3.503514e-02 -1.835269e-04
1.278347e+01 5.263151e-02 -3.705224e-04
1.278347e+01 7.314235e-02 -7.431922e-04
1.278347e+01 1.025928e-01 -1.145552e-03
1.278347e+01 1.448116e-01 -1.899936e-03
1.278347e+01 2.023460e-01 -2.792982e-03
1.278347e+01 2.834245e-01 -3.981327e-03
1.278347e+01 3.967448e-01 -5.357745e-03
1.278347e+01 5.552783e-01 -6.964613e-03
1.278347e+01 7.774819e-01 -8.751067e-03
1.278347e+01 1.088445e+00 -1.056109e-02
1.278347e+01 1.523711e+00 -1.241493e-02
1.278347e+01 2.088426e+00 -1.356252e-02
1.278347e+01 2.685505e+00 -1.181639e-02
1.305914e+01 1.570796e-02 -2.802157e-05
1.305914e+01 2.346256e-02 -7.142815e-05
1.305914e+01 3.503514e-02 -1.555697e-04
1.305914e+01 5.263151e-02 -3.134085e-04
1.305914e+01 7.314235e-02 -6.281680e-04
1.305914e+01 1.025928e-01 -9.671916e-04
1.305914e+01 1.448116e-01 -1.608788e-03
1.305914e+01 2.023460e-01 -2.364649e-03
1.305914e+01 2.834245e-01 -3.376050e-03
1.305914e+01 3.967448e-01 -4.553686e-03
1.305914e+01 5.552783e-01 -5.966582e-03
1.305914e+01 7.774819e-01 -7.579042e-03
1.305914e+01 1.088445e+00 -9.280637e-03
1.305914e+01 1.523711e+00 -1.107582e-02
1.305914e+01 2.088426e+00 -1.219262e-02
1.305914e+01 2.685505e+00 -1.065522e-02
1.334032e+01 1.570796e-02 -2.384862e-05
1.334032e+01 2.346256e-02 -5.964021e-05
1.334032e+01 3.503514e-02 -1.300853e-04
1.334032e+01 5.263151e-02 -2.627323e-04
1.334032e+01 7.314235e-02 -5.281173e-04
1.334032e+01 1.025928e-01 -8.127802e-04
1.334032e+01 1.448116e-01 -1.349756e-03
1.334032e+01 2.023460e-01 -1.987720e-03
1.334032e+01 2.834245e-01 -2.839372e-03
1.334032e+01 3.967448e-01 -3.846714e-03
1.334032e+01 5.552783e-01 -5.062155e-03
1.334032e+01 7.774819e-01 -6.515078e-03
1.334032e+01 1.088445e+00 -8.096685e-03
1.334032e+01 1.523711e+00 -9.785256e-03
1.334032e+01 2.088426e+00 -1.088123e-02
1.334032e+01 2.685505e+00 -9.573851e-03
1.362713e+01 1.570796e-02 -1.996067e-05
1.362713e+01 2.346256e-02 -4.958347e-05
1.362713e+01 3.503514e-02 -1.088573e-04
1.362713e+01 5.263151e-02 -2.187902e-04
1.362713e+01 7.314235e-02 -4.419709e-04
1.362713e+01 1.025928e-01 -6.788888e-04
1.362713e+01 1.448116e-01 -1.126585e-03
1.362713e+01 2.023460e-01 -1.665535e-03
1.362713e+01 2.834245e-01 -2.378222e-03
1.362713e+01 3.967448e-01 -3.227510e-03
1.362713e+01 5.552783e-01 -4.281017e-03
1.362713e+01 7.774819e-01 -5.556917e-03
1.362713e+01 1.088445e+00 -7.026777e-03
1.362713e+01 1.523711e+00 -8.596190e-03
1.362713e+01 2.088426e+00 -9.652204e-03
1.362713e+01 2.685505e+00 -8.560767e-03
1.391967e+01 1.570796e-02 -1.672874e-05
1.391967e+01 2.346256e-02 -4.141774e-05
1.391967e+01 3.503514e-02 -9.060782e-05
1.391967e+01 5.263151e-02 -1.819861e-04
1.391967e+01 7.314235e-02 -3.667200e-04
1.391967e+01 1.025928e-01 -5.650133e-04
1.391967e+01 1.448116e-01 -9.386524e-04
1.391967e+01 2.023460e-01 -1.388553e-03
1.391967e+01 2.834245e-01 -1.983167e-03
1.391967e+01 3.967448e-01 -2.695829e-03
1.391967e+01 5.552783e-01 -3.599010e-03
1.391967e+01 7.774819e-01 -4.722924e-03
1.391967e+01 1.088445e+00 -6.045224e-03
1.391967e+01 1.523711e+00 -7.501879e-03
1.391967e+01 2.088426e+00 -8.499297e-03
1.391967e+01 2.685505e+00 -7.629834e-03
1.421806e+01 1.570796e-02 -1.376798e-05
1.421806e+01 2.346256e-02 -3.369920e-05
1.421806e+01 3.503514e-02 -7.531611e-05
1.421806e+01 5.263151e-02 -1.504798e-04
1.421806e+01 7.314235e-02 -3.010569e-04
1.421806e+01 1.025928e-01 -4.656167e-04
1.421806e+01 1.448116e-01 -7.751098e-04
1.421806e+01 2.023460e-01 -1.147662e-03
1.421806e+01 2.834245e-01 -1.640191e-03
1.421806e+01 3.967448e-01 -2.238051e-03
1.421806e+01 5.552783e-01 -3.004131e-03
1.421806e+01 7.774819e-01 -3.982332e-03
1.421806e+01 1.088445e+00 -5.173338e-03
1.421806e+01 1.523711e+00 -6.511470e-03
1.421806e+01 2.088426e+00 -7.453561e-03
1.421806e+01 2.685505e+00 -6.756288e-03
1.452242e+01 1.570796e-02 -1.133725e-05
1.452242e+01 2.346256e-02 -2.764999e-05
1.452242e+01 3.503514e-02 -6.194482e-05
1.452242e+01 5.263151e-02 -1.235345e-04
1.452242e+01 7.314235e-02 -2.483544e-04
1.452242e+01 1.025928e-01 -3.829087e-04
1.452242e+01 1.448116e-01 -6.376707e-04
1.452242e+01 2.023460e-01 -9.444045e-04
1.452242e+01 2.834245e-01 -1.349889e-03
1.452242e+01 3.967448e-01 -1.848014e-03
1.452242e+01 5.552783e-01 -2.496669e-03
1.452242e+01 7.774819e-01 -3.343492e-03
1.452242e+01 1.088445e+00 -4.404178e-03
1.452242e+01 1.523711e+00 -5.608532e-03
1.452242e+01 2.088426e+00 -6.498162e-03
1.452242e+01 2.685505e+00 -5.945381e-03
1.483287e+01 1.570796e-02 -9.257405e-06
1.483287e+01 2.346256e-02 -2.211465e-05
1.483287e+01 3.503514e-02 -5.081002e-05
1.483287e+01 5.263151e-02 -1.004179e-04
1.483287e+01 7.314235e-02 -2.023380e-04
1.483287e+01 1.025928e-01 -3.142793e-04
1.483287e+01 1.448116e-01 -5.227963e-04
1.483287e+01 2.023460e-01 -7.729698e-04
1.483287e+01 2.834245e-01 -1.105995e-03
1.483287e+01 3.967448e-01 -1.520153e-03
1.483287e+01 5.552783e-01 -2.067848e-03
1.483287e+01 7.774819e-01 -2.795263e-03
1.483287e+01 1.088445e+00 -3.733777e-03
1.483287e+01 1.523711e+00 -4.805632e-03
1.483287e+01 2.088426e+00 -5.624368e-03
1.483287e+01 2.685505e+00 -5.207451e-03
1.514953e+01 1.570796e-02 -7.614951e-06
1.514953e+01 2.346256e-02 -1.831439e-05
1.514953e+01 3.503514e-02 -4.112349e-05
1.514953e+01 5.263151e-02 -8.110519e-05
1.514953e+01 7.314235e-02 -1.645527e-04
1.514953e+01 1.025928e-01 -2.539182e-04
1.514953e+01 1.448116e-01 -4.245554e-04
1.514953e+01 2.023460e-01 -6.291184e-04
1.514953e+01 2.834245e-01 -8.998425e-04
1.514953e+01 3.967448e-01 -1.242811e-03
1.514953e+01 5.552783e-01 -1.698099e-03
1.514953e+01 7.774819e-01 -2.318801e-03
1.514953e+01 1.088445e+00 -3.132749e-03
1.514953e+01 1.523711e+00 -4.090260e-03
1.514953e+01 2.088426e+00 -4.837576e-03
1.514953e+01 2.685505e+00 -4.526217e-03
1.547252e+01 1.570796e-02 -6.221622e-06
1.547252e+01 2.346256e-02 -1.503800e-05
1.547252e+01 3.503514e-02 -3.361358e-05
1.547252e+01 5.263151e-02 -6.529980e-05
1.547252e+01 7.314235e-02 -1.329817e-04
1.547252e+01 1.025928e-01 -2.049805e-04
1.547252e+01 1.448116e-01 -3.430104e-04
1.547252e+01 2.023460e-01 -5.061354e-04
1.547252e+01 2.834245e-01 -7.273458e-04
1.547252e+01 3.967448e-01 -1.007112e-03
1.547252e+01 5.552783e-01 -1.385230e-03
1.547252e+01 7.774819e-01 -1.909146e-03
1.547252e+01 1.088445e+00 -2.612218e-03
1.547252e+01 1.523711e+00 -3.453700e-03
1.547252e+01 2.088426e+00 -4.126327e-03
1.547252e+01 2.685505e+00 -3.888979e-03
1.580197e+01 1.570796e-02 -5.031336e-06
1.580197e+01 2.346256e-02 -1.197076e-05
1.580197e+01 3.503514e-02 -2.712747e-05
1.580197e+01 5.263151e-02 -5.262448e-05
1.580197e+01 7.314235e-02 -1.070603e-04
1.580197e+01 1.025928e-01 -1.642812e-04
1.580197e+01 1.448116e-01 -2.759368e-04
1.580197e+01 2.023460e-01 -4.070484e-04
1.580197e+01 2.834245e-01 -5.862119e-04
1.580197e+01 3.967448e-01 -8.142924e-04
1.580197e+01 5.552783e-01 -1.128874e-03
1.580197e+01 7.774819e-01 -1.572189e-03
1.580197e+01 1.088445e+00 -2.173241e-03
1.580197e+01 1.523711e+00 -2.901026e-03
1.580197e+01 2.088426e+00 -3.509304e-03
1.580197e+01 2.685505e+00 -3.357629e-03
1.613801e+01 1.570796e-02 -4.032035e-06
1.613801e+01 2.346256e-02 -9.498499e-06
1.613801e+01 3.503514e-02 -2.162807e-05
1.613801e+01 5.263151e-02 -4.254793e-05
1.613801e+01 7.314235e-02 -8.518228e-05
1.613801e+01 1.025928e-01 -1.313289e-04
1.613801e+01 1.448116e-01 -2.209855e-04
1.613801e+01 2.023460e-01 -3.257836e-04
1.613801e+01 2.834245e-01 -4.700099e-04
1.613801e+01 3.967448e-01 -6.573768e-04
1.613801e+01 5.552783e-01 -9.138062e-04
1.613801e+01 7.774819e-01 -1.286886e-03
1.613801e+01 1.088445e+00 -1.800849e-03
1.613801e+01 1.523711e+00 -2.425379e-03
1.613801e+01 2.088426e+00 -2.963349e-03
1.613801e+01 2.685505e+00 -2.887857e-03
1.648077e+01 1.570796e-02 -3.240376e-06
1.648077e+01 2.346256e-02 -7.520828e-06
1.648077e+01 3.503514e-02 -1.710357e-05
1.648077e+01 5.263151e-02 -3.378191e-05
1.648077e+01 7.314235e-02 -6.772969e-05
1.648077e+01 1.025928e-01 -1.041212e-04
1.648077e+01 1.448116e-01 -1.750848e-04
1.648077e+01 2.023460e-01 -2.591990e-04
1.648077e+01 2.834245e-01 -3.741529e-04
1.648077e+01 3.967448e-01 -5.249610e-04
1.648077e+01 5.552783e-01 -7.343898e-04
1.648077e+01 7.774819e-01 -1.045829e-03
1.648077e+01 1.088445e+00 -1.475317e-03
1.648077e+01 1.523711e+00 -2.005528e-03
1.648077e+01 2.088426e+00 -2.476149e-03
1.648077e+01 2.685505e+00 -2.423619e-03
1.683038e+01 1.570796e-02 -2.620454e-06
1.683038e+01 2.346256e-02 -5.781415e-06
1.683038e+01 3.503514e-02 -1.372093e-05
1.683038e+01 5.263151e-02 -2.665485e-05
1.683038e+01 7.314235e-02 -5.317780e-05
1.683038e+01 1.025928e-01 -8.174052e-05
1.683038e+01 1.448116e-01 -1.379733e-04
1.683038e+01 2.023460e-01 -2.046350e-04
1.683038e+01 2.834245e-01 -2.955807e-04
1.683038e+01 3.967448e-01 -4.149367e-04
1.683038e+01 5.552783e-01 -5.871111e-04
1.683038e+01 7.774819e-01 -8.447784e-04
1.683038e+01 1.088445e+00 -1.201468e-03
1.683038e+01 1.523711e+00 -1.645083e-03
1.683038e+01 2.088426e+00 -2.058934e-03
1.683038e+01 2.685505e+00 -2.025192e-03
1.718699e+01 1.570796e-02 -2.080593e-06
1.718699e+01 2.346256e-02 -4.315444e-06
1.718699e+01 3.503514e-02 -1.085952e-05
1.718699e+01 5.263151e-02 -2.070026e-05
1.718699e+01 7.314235e-02 -4.179641e-05
1.718699e+01 1.025928e-01 -6.445746e-05
1.718699e+01 1.448116e-01 -1.076415e-04
1.718699e+01 2.023460e-01 -1.608301e-04
1.718699e+01 2.834245e-01 -2.325552e-04
1.718699e+01 3.967448e-01 -3.272043e-04
1.718699e+01 5.552783e-01 -4.664715e-04
1.718699e+01 7.774819e-01 -6.802798e-04
1.718699e+01 1.088445e+00 -9.697946e-04
1.718699e+01 1.523711e+00 -1.340859e-03
1.718699e+01 2.088426e+00 -1.692659e-03
1.718699e+01 2.685505e+00 -1.672280e-03
1.755073e+01 1.570796e-02 -1.620538e-06
1.755073e+01 2.346256e-02 -3.303553e-06
1.755073e+01 3.503514e-02 -8.513532e-06
1.755073e+01 5.263151e-02 -1.628395e-05
1.755073e+01 7.314235e-02 -3.213967e-05
1.755073e+01 1.025928e-01 -5.005482e-05
1.755073e+01 1.448116e-01 -8.387490e-05
1.755073e+01 2.023460e-01 -1.256998e-04
1.755073e+01 2.834245e-01 -1.810634e-04
1.755073e+01 3.967448e-01 -2.572052e-04
1.755073e+01 5.552783e-01 -3.700524e-04
1.755073e+01 7.774819e-01 -5.429173e-04
1.755073e+01 1.088445e+00 -7.781066e-04
1.755073e+01 1.523711e+00 -1.081322e-03
1.755073e+01 2.088426e+00 -1.380170e-03
1.755073e+01 2.685505e+00 -1.376160e-03
1.792175e+01 1.570796e-02 -1.296610e-06
1.792175e+01 2.346256e-02 -2.435771e-06
1.792175e+01 3.503514e-02 -6.536658e-06
1.792175e+01 5.263151e-02 -1.254366e-05
1.792175e+01 7.314235e-02 -2.472354e-05
1.792175e+01 1.025928e-01 -3.892275e-05
1.792175e+01 1.448116e-01 -6.478842e-05
1.792175e+01 2.023460e-01 -9.731733e-05
1.792175e+01 2.834245e-01 -1.410046e-04
1.792175e+01 3.967448e-01 -2.006988e-04
1.792175e+01 5.552783e-01 -2.905182e-04
1.792175e+01 7.774819e-01 -4.305709e-04
1.792175e+01 1.088445e+00 -6.203775e-04
1.792175e+01 1.523711e+00 -8.718771e-04
1.792175e+01 2.088426e+00 -1.117323e-03
1.792175e+01 2.685505e+00 -1.115755e-03
1.830018e+01 1.570796e-02 -1.002025e-06
1.830018e+01 2.346256e-02 -1.860778e-06
1.830018e+01 3.503514e-02 -4.843815e-06
1.830018e+01 5.263151e-02 -9.698499e-06
1.830018e+01 7.314235e-02 -1.901704e-05
1.830018e+01 1.025928e-01 -2.979705e-05
1.830018e+01 1.448116e-01 -4.994982e-05
1.830018e+01 2.023460e-01 -7.476809e-05
1.830018e+01 2.834245e-01 -1.081558e-04
1.830018e+01 3.967448e-01 -1.550401e-04
1.830018e+01 5.552783e-01 -2.262918e-04
1.830018e+01 7.774819e-01 -3.385969e-04
1.830018e+01 1.088445e+00 -4.891606e-04
1.830018e+01 1.523711e+00 -6.913223e-04
1.830018e+01 2.088426e+00 -8.905040e-04
1.830018e+01 2.685505e+00 -8.906727e-04
1.868618e+01 1.570796e-02 -7.668182e-07
1.868618e+01 2.346256e-02 -1.407895e-06
1.868618e+01 3.503514e-02 -3.635147e-06
1.868618e+01 5.263151e-02 -7.247736e-06
1.868618e+01 7.314235e-02 -1.440188e-05
1.868618e+01 1.025928e-01 -2.246698e-05
1.868618e+01 1.448116e-01 -3.746380e-05
1.868618e+01 2.023460e-01 -5.648960e-05
1.868618e+01 2.834245e-01 -8.200504e-05
1.868618e+01 3.967448e-01 -1.182405e-04
1.868618e+01 5.552783e-01 -1.736853e-04
1.868618e+01 7.774819e-01 -2.619522e-04
1.868618e+01 1.088445e+00 -3.806840e-04
1.868618e+01 1.523711e+00 -5.390558e-04
1.868618e+01 2.088426e+00 -7.002760e-04
1.868618e+01 2.685505e+00 -6.946703e-04
1.907991e+01 1.570796e-02 -5.668617e-07
1.907991e+01 2.346256e-02 -1.027211e-06
1.907991e+01 3.503514e-02 -2.770277e-06
1.907991e+01 5.263151e-02 -5.364199e-06
1.907991e+01 7.314235e-02 -1.072589e-05
1.907991e+01 1.025928e-01 -1.664620e-05
1.907991e+01 1.448116e-01 -2.794260e-05
1.907991e+01 2.023460e-01 -4.257443e-05
1.907991e+01 2.834245e-01 -6.115639e-05
1.907991e+01 3.967448e-01 -8.996806e-05
1.907991e+01 5.552783e-01 -1.326497e-04
1.907991e+01 7.774819e-01 -2.018204e-04
1.907991e+01 1.088445e+00 -2.928377e-04
1.907991e+01 1.523711e+00 -4.179230e-04
1.907991e+01 2.088426e+00 -5.460556e-04
1.907991e+01 2.685505e+00 -5.393515e-04
1.948151e+01 1.570796e-02 -4.204343e-07
1.948151e+01 2.346256e-02 -7.026759e-07
1.948151e+01 3.503514e-02 -2.103552e-06
1.948151e+01 5.263151e-02 -3.986481e-06
1.948151e+01 7.314235e-02 -7.942379e-06
1.948151e+01 1.025928e-01 -1.224609e-05
1.948151e+01 1.448116e-01 -2.069099e-05
1.948151e+01 2.023460e-01 -3.153449e-05
1.948151e+01 2.834245e-01 -4.563477e-05
1.948151e+01 3.967448e-01 -6.724097e-05
1.948151e+01 5.552783e-01 -1.002818e-04
1.948151e+01 7.774819e-01 -1.524819e-04
1.948151e+01 1.088445e+00 -2.211480e-04
1.948151e+01 1.523711e+00 -3.164058e-04
1.948151e+01 2.088426e+00 -4.169939e-04
1.948151e+01 2.685505e+00 -4.131578e-04
1.989114e+01 1.570796e-02 -3.159032e-07
1.989114e+01 2.346256e-02 -4.875742e-07
1.989114e+01 3.503514e-02 -1.505787e-06
1.989114e+01 5.263151e-02 -2.825159e-06
1.989114e+01 7.314235e-02 -5.712040e-06
1.989114e+01 1.025928e-01 -8.737980e-06
1.989114e+01 1.448116e-01 -1.486755e-05
1.989114e+01 2.023460e-01 -2.282967e-05
1.989114e+01 2.834245e-01 -3.315205e-05
1.989114e+01 3.967448e-01 -4.908588e-05
1.989114e+01 5.552783e-01 -7.420710e-05
1.989114e+01 7.774819e-01 -1.126442e-04
1.989114e+01 1.088445e+00 -1.636642e-04
1.989114e+01 1.523711e+00 -2.343583e-04
1.989114e+01 2.088426e+00 -3.099910e-04
1.989114e+01 2.685505e+00 -3.090242e-04
2.030896e+01 1.570796e-02 -2.266258e-07
2.030896e+01 2.346256e-02 -3.349693e-07
2.030896e+01 3.503514e-02 -1.069674e-06
2.030896e+01 5.263151e-02 -1.977956e-06
2.030896e+01 7.314235e-02 -3.946914e-06
2.030896e+01 1.025928e-01 -6.207123e-06
2.030896e+01 1.448116e-01 -1.053330e-05
2.030896e+01 2.023460e-01 -1.612920e-05
2.030896e+01 2.834245e-01 -2.344559e-05
2.030896e+01 3.967448e-01 -3.488664e-05
2.030896e+01 5.552783e-01 -5.341199e-05
2.030896e+01 7.774819e-01 -8.150096e-05
2.030896e+01 1.088445e+00 -1.181063e-04
2.030896e+01 1.523711e+00 -1.703692e-04
2.030896e+01 2.088426e+00 -2.254856e-04
2.030896e+01 2.685505e+00 -2.229786e-04
2.073514e+01 1.570796e-02 -1.495851e-07
2.073514e+01 2.346256e-02 -2.120693e-07
2.073514e+01 3.503514e-02 -7.678010e-07
2.073514e+01 5.263151e-02 -1.378367e-06
2.073514e+01 7.314235e-02 -2.748188e-06
2.073514e+01 1.025928e-01 -4.240632e-06
2.073514e+01 1.448116e-01 -7.198388e-06
2.073514e+01 2.023460e-01 -1.120672e-05
2.073514e+01 2.834245e-01 -1.630421e-05
2.073514e+01 3.967448e-01 -2.425715e-05
2.073514e+01 5.552783e-01 -3.738981e-05
2.073514e+01 7.774819e-01 -5.728649e-05
2.073514e+01 1.088445e+00 -8.368306e-05
2.073514e+01 1.523711e+00 -1.212525e-04
2.073514e+01 2.088426e+00 -1.599607e-04
2.073514e+01 2.685505e+00 -1.566601e-04
2.116984e+01 1.570796e-02 -1.062870e-07
2.116984e+01 2.346256e-02 -1.170884e-07
2.116984e+01 3.503514e-02 -5.127860e-07
2.116984e+01 5.263151e-02 -9.416699e-07
2.116984e+01 7.314235e-02 -1.811319e-06
2.116984e+01 1.025928e-01 -2.764278e-06
2.116984e+01 1.448116e-01 -4.911468e-06
2.116984e+01 2.023460e-01 -7.566543e-06
2.116984e+01 2.834245e-01 -1.116815e-05
2.116984e+01 3.967448e-01 -1.663849e-05
2.116984e+01 5.552783e-01 -2.562629e-05
2.116984e+01 7.774819e-01 -3.943023e-05
2.116984e+01 1.088445e+00 -5.795555e-05
2.116984e+01 1.523711e+00 -8.416209e-05
2.116984e+01 2.088426e+00 -1.115852e-04
2.116984e+01 2.685505e+00 -1.098968e-04
2.161324e+01 1.570796e-02 -8.051589e-08
2.161324e+01 2.346256e-02 -5.980200e-08
2.161324e+01 3.503514e-02 -3.270853e-07
2.161324e+01 5.263151e-02 -6.327769e-07
2.161324e+01 7.314235e-02 -1.232010e-06
2.161324e+01 1.025928e-01 -1.869785e-06
2.161324e+01 1.448116e-01 -3.329074e-06
2.161324e+01 2.023460e-01 -5.085897e-06
2.161324e+01 2.834245e-01 -7.507189e-06
2.161324e+01 3.967448e-01 -1.131229e-05
2.161324e+01 5.552783e-01 -1.747900e-05
2.161324e+01 7.774819e-01 -2.711755e-05
2.161324e+01 1.088445e+00 -3.956261e-05
2.161324e+01 1.523711e+00 -5.798421e-05
2.161324e+01 2.088426e+00 -7.667740e-05
2.161324e+01 2.685505e+00 -7.530215e-05
2.206550e+01 1.570796e-02 -5.652080e-08
2.206550e+01 2.346256e-02 -3.792311e-08
2.206550e+01 3.503514e-02 -2.199743e-07
2.206550e+01 5.263151e-02 -3.988164e-07
2.206550e+01 7.314235e-02 -8.054847e-07
2.206550e+01 1.025928e-01 -1.222463e-06
2.206550e+01 1.448116e-01 -2.214453e-06
2.206550e+01 2.023460e-01 -3.312462e-06
2.206550e+01 2.834245e-01 -4.953388e-06
2.206550e+01 3.967448e-01 -7.540136e-06
2.206550e+01 5.552783e-01 -1.178303e-05
2.206550e+01 7.774819e-01 -1.809326e-05
2.206550e+01 1.088445e+00 -2.646486e-05
2.206550e+01 1.523711e+00 -3.881647e-05
2.206550e+01 2.088426e+00 -5.192852e-05
2.206550e+01 2.685505e+00 -5.053139e-05
2.252681e+01 1.570796e-02 -3.487916e-08
2.252681e+01 2.346256e-02 -2.151405e-08
2.252681e+01 3.503514e-02 -1.401045e-07
2.252681e+01 5.263151e-02 -2.557657e-07
2.252681e+01 7.314235e-02 -5.161788e-07
2.252681e+01 1.025928e-01 -7.877143e-07
2.252681e+01 1.448116e-01 -1.406525e-06
2.252681e+01 2.023460e-01 -2.105781e-06
2.252681e+01 2.834245e-01 -3.166172e-06
2.252681e+01 3.967448e-01 -4.940551e-06
2.252681e+01 5.552783e-01 -7.738514e-06
2.252681e+01 7.774819e-01 -1.190737e-05
2.252681e+01 1.088445e+00 -1.744861e-05
2.252681e+01 1.523711e+00 -2.575869e-05
2.252681e+01 2.088426e+00 -3.457338e-05
2.252681e+01 2.685505e+00 -3.361831e-05
2.299735e+01 1.570796e-02 -2.210808e-08
2.299735e+01 2.346256e-02 -1.547374e-08
2.299735e+01 3.503514e-02 -8.553411e-08
2.299735e+01 5.263151e-02 -1.587779e-07
2.299735e+01 7.314235e-02 -3.250811e-07
2.299735e+01 1.025928e-01 -4.961603e-07
2.299735e+01 1.448116e-01 -9.144934e-07
2.299735e+01 2.023460e-01 -1.346050e-06
2.299735e+01 2.834245e-01 -2.035488e-06
2.299735e+01 3.967448e-01 -3.245579e-06
2.299735e+01 5.552783e-01 -5.118502e-06
2.299735e+01 7.774819e-01 -7.828029e-06
2.299735e+01 1.088445e+00 -1.145848e-05
2.299735e+01 1.523711e+00 -1.697299e-05
2.299735e+01 2.088426e+00 -2.270424e-05
2.299735e+01 2.685505e+00 -2.202938e-05
2.347730e+01 1.570796e-02 -1.614080e-08
2.347730e+01 2.346256e-02 -8.745507e-09
2.347730e+01 3.503514e-02 -5.421428e-08
2.347730e+01 5.263151e-02 -9.902279e-08
2.347730e+01 7.314235e-02 -2.041505e-07
2.347730e+01 1.025928e-01 -3.059986e-07
2.347730e+01 1.448116e-01 -5.556351e-07
2.347730e+01 2.023460e-01 -8.513386e-07
2.347730e+01 2.834245e-01 -1.267093e-06
2.347730e+01 3.967448e-01 -2.030734e-06
2.347730e+01 5.552783e-01 -3.272619e-06
2.347730e+01 7.774819e-01 -4.997855e-06
2.347730e+01 1.088445e+00 -7.253079e-06
2.347730e+01 1.523711e+00 -1.089198e-05
2.347730e+01 2.088426e+00 -1.461694e-05
2.347730e+01 2.685505e+00 -1.386171e-05
2.396684e+01 1.570796e-02 3.405621e-10
2.396684e+01 2.346256e-02 8.687523e-10
2.396684e+01 3.503514e-02 1.755230e-09
2.396684e+01 5.263151e-02 3.584471e-09
2.396684e+01 7.314235e-02 7.536491e-09
2.396684e+01 1.025928e-01 1.121549e-08
2.396684e+01 1.448116e-01 1.915436e-08
2.396684e+01 2.023460e-01 2.846071e-08
2.396684e+01 2.834245e-01 4.257257e-08
2.396684e+01 3.967448e-01 6.177123e-08
2.396684e+01 5.552783e-01 8.753588e-08
2.396684e+01 7.774819e-01 1.139182e-07
2.396684e+01 1.088445e+00 1.263417e-07
2.396684e+01 1.523711e+00 1.104258e-07
2.396684e+01 2.088426e+00 7.367388e-08
2.396684e+01 2.685505e+00 3.535358e-08
2.446618e+01 1.570796e-02 3.181510e-10
2.446618e+01 2.346256e-02 8.110864e-10
2.446618e+01 3.503514e-02 1.639019e-09
2.446618e+01 5.263151e-02 3.345284e-09
2.446618e+01 7.314235e-02 7.039664e-09
2.446618e+01 1.025928e-01 1.047456e-08
2.446618e+01 1.448116e-01 1.791921e-08
2.446618e+01 2.023460e-01 2.673378e-08
2.446618e+01 2.834245e-01 4.022465e-08
2.446618e+01 3.967448e-01 5.871607e-08
2.446618e+01 5.552783e-01 8.363205e-08
2.446618e+01 7.774819e-01 1.093760e-07
2.446618e+01 1.088445e+00 1.223172e-07
2.446618e+01 1.523711e+00 1.085916e-07
2.446618e+01 2.088426e+00 7.379133e-08
2.446618e+01 2.685505e+00 3.536998e-08
2.497550e+01 1.570796e-02 2.960158e-10
2.497550e+01 2.346256e-02 7.549938e-10
2.497550e+01 3.503514e-02 1.525188e-09
2.497550e+01 5.263151e-02 3.110965e-09
2.497550e+01 7.314235e-02 6.552996e-09
2.497550e+01 1.025928e-01 9.749150e-09
2.497550e+01 1.448116e-01 1.670759e-08
2.497550e+01 2.023460e-01 2.504600e-08
2.497550e+01 2.834245e-01 3.789720e-08
2.497550e+01 3.967448e-01 5.563197e-08
2.497550e+01 5.552783e-01 7.963646e-08
2.497550e+01 7.774819e-01 1.046846e-07
2.497550e+01 1.088445e+00 1.180940e-07
2.497550e+01 1.523711e+00 1.066522e-07
2.497550e+01 2.088426e+00 7.386016e-08
2.497550e+01 2.685505e+00 3.570795e-08
2.549501e+01 1.570796e-02 2.743722e-10
2.549501e+01 2.346256e-02 7.005818e-10
2.549501e+01 3.503514e-02 1.413516e-09
2.549501e+01 5.263151e-02 2.882373e-09
2.549501e+01 7.314235e-02 6.075516e-09
2.549501e+01 1.025928e-01 9.045486e-09
2.549501e+01 1.448116e-01 1.552156e-08
2.549501e+01 2.023460e-01 2.338403e-08
2.549501e+01 2.834245e-01 3.558101e-08
2.549501e+01 3.967448e-01 5.251114e-08
2.549501e+01 5.552783e-01 7.554087e-08
2.549501e+01 7.774819e-01 9.985084e-08
2.549501e+01 1.088445e+00 1.137147e-07
2.549501e+01 1.523711e+00 1.045487e-07
2.549501e+01 2.088426e+00 7.396745e-08
2.549501e+01 2.685505e+00 3.616785e-08
2.602491e+01 1.570796e-02 2.531365e-10
2.602491e+01 2.346256e-02 6.471537e-10
2.602491e+01 3.503514e-02 1.303792e-09
2.602491e+01 5.263151e-02 2.659235e-09
2.602491e+01 7.314235e-02 5.609775e-09
2.602491e+01 1.025928e-01 8.356820e-09
2.602491e+01 1.448116e-01 1.436171e-08
2.602491e+01 2.023460e-01 2.174666e-08
2.602491e+01 2.834245e-01 3.327150e-08
2.602491e+01 3.967448e-01 4.935592e-08
2.602491e+01 5.552783e-01 7.136178e-08
2.602491e+01 7.774819e-01 9.486741e-08
2.602491e+01 1.088445e+00 1.091131e-07
2.602491e+01 1.523711e+00 1.023102e-07
2.602491e+01 2.088426e+00 7.415897e-08
2.602491e+01 2.685505e+00 3.687898e-08
2.656541e+01 1.570796e-02 2.323694e-10
2.656541e+01 2.346256e-02 5.951844e-10
2.656541e+01 3.503514e-02 1.196695e-09
2.656541e+01 5.263151e-02 2.441766e-09
2.656541e+01 7.314235e-02 5.155585e-09
2.656541e+01 1.025928e-01 7.684507e-09
2.656541e+01 1.448116e-01 1.322650e-08
2.656541e+01 2.023460e-01 2.013599e-08
2.656541e+01 2.834245e-01 3.096793e-08
2.656541e+01 3.967448e-01 4.616806e-08
2.656541e+01 5.552783e-01 6.706963e-08
2.656541e+01 7.774819e-01 8.967246e-08
2.656541e+01 1.088445e+00 1.043129e-07
2.656541e+01 1.523711e+00 9.981293e-08
2.656541e+01 2.088426e+00 7.437903e-08
2.656541e+01 2.685505e+00 3.788063e-08
2.711672e+01 1.570796e-02 2.121446e-10
2.711672e+01 2.346256e-02 5.440889e-10
2.711672e+01 3.503514e-02 1.092325e-09
2.711672e+01 5.263151e-02 2.229662e-09
2.711672e+01 7.314235e-02 4.712491e-09
2.711672e+01 1.025928e-01 7.028939e-09
2.711672e+01 1.448116e-01 1.211906e-08
2.711672e+01 2.023460e-01 1.854959e-08
2.711672e+01 2.834245e-01 2.868169e-08
2.711672e+01 3.967448e-01 4.294407e-08
2.711672e+01 5.552783e-01 6.268502e-08
2.711672e+01 7.774819e-01 8.430702e-08
2.711672e+01 1.088445e+00 9.920189e-08
2.711672e+01 1.523711e+00 9.702625e-08
2.711672e+01 2.088426e+00 7.442677e-08
2.711672e+01 2.685505e+00 3.914193e-08
2.767905e+01 1.570796e-02 1.923819e-10
2.767905e+01 2.346256e-02 4.947383e-10
2.767905e+01 3.503514e-02 9.906159e-10
2.767905e+01 5.263151e-02 2.023391e-09
2.767905e+01 7.314235e-02 4.280999e-09
2.767905e+01 1.025928e-01 6.392151e-09
2.767905e+01 1.448116e-01 1.103281e-08
2.767905e+01 2.023460e-01 1.698099e-08
2.767905e+01 2.834245e-01 2.638613e-08
2.767905e+01 3.967448e-01 3.967435e-08
2.767905e+01 5.552783e-01 5.819131e-08
2.767905e+01 7.774819e-01 7.871324e-08
2.767905e+01 1.088445e+00 9.380134e-08
2.767905e+01 1.523711e+00 9.379766e-08
2.767905e+01 2.088426e+00 7.438135e-08
2.767905e+01 2.685505e+00 4.071135e-08
2.825263e+01 1.570796e-02 1.731748e-10
2.825263e+01 2.346256e-02 4.462443e-10
2.825263e+01 3.503514e-02 8.912132e-10
2.825263e+01 5.263151e-02 1.822084e-09
2.825263e+01 7.314235e-02 3.859577e-09
2.825263e+01 1.025928e-01 5.768685e-09
2.825263e+01 1.448116e-01 9.975178e-09
2.825263e+01 2.023460e-01 1.542875e-08
2.825263e+01 2.834245e-01 2.409316e-08
2.825263e+01 3.967448e-01 3.637469e-08
2.825263e+01 5.552783e-01 5.357892e-08
2.825263e+01 7.774819e-01 7.296660e-08
2.825263e+01 1.088445e+00 8.801693e-08
2.825263e+01 1.523711e+00 9.018931e-08
2.825263e+01 2.088426e+00 7.412236e-08
2.825263e+01 2.685505e+00 4.272213e-08
2.883769e+01 1.570796e-02 1.544160e-10
2.883769e+01 2.346256e-02 3.988964e-10
2.883769e+01 3.503514e-02 7.945645e-10
2.883769e+01 5.263151e-02 1.626416e-09
2.883769e+01 7.314235e-02 3.448395e-09
2.883769e+01 1.025928e-01 5.161736e-09
2.883769e+01 1.448116e-01 8.937359e-09
2.883769e+01 2.023460e-01 1.389388e-08
2.883769e+01 2.834245e-01 2.179471e-08
2.883769e+01 3.967448e-01 3.301481e-08
2.883769e+01 5.552783e-01 4.886267e-08
2.883769e+01 7.774819e-01 6.696628e-08
2.883769e+01 1.088445e+00 8.187763e-08
2.883769e+01 1.523711e+00 8.593897e-08
2.883769e+01 2.088426e+00 7.343982e-08
2.883769e+01 2.685505e+00 4.498385e-08
2.943444e+01 1.570796e-02 1.361161e-10
2.943444e+01 2.346256e-02 3.524727e-10
2.943444e+01 3.503514e-02 7.001242e-10
2.943444e+01 5.263151e-02 1.434906e-09
2.943444e+01 7.314235e-02 3.047410e-09
2.943444e+01 1.025928e-01 4.568321e-09
2.943444e+01 1.448116e-01 7.919827e-09
2.943444e+01 2.023460e-01 1.237363e-08
2.943444e+01 2.834245e-01 1.948988e-08
2.943444e+01 3.967448e-01 2.961890e-08
2.943444e+01 5.552783e-01 4.403567e-08
2.943444e+01 7.774819e-01 6.075502e-08
2.943444e+01 1.088445e+00 7.530939e-08
2.943444e+01 1.523711e+00 8.111761e-08
2.943444e+01 2.088426e+00 7.228099e-08
2.943444e+01 2.685505e+00 4.752793e-08
3.004313e+01 1.570796e-02 1.182255e-10
3.004313e+01 2.346256e-02 3.071544e-10
3.004313e+01 3.503514e-02 6.084011e-10
3.004313e+01 5.263151e-02 1.248423e-09
3.004313e+01 7.314235e-02 2.655604e-09
3.004313e+01 1.025928e-01 3.986731e-09
3.004313e+01 1.448116e-01 6.920522e-09
3.004313e+01 2.023460e-01 1.086477e-08
3.004313e+01 2.834245e-01 1.718552e-08
3.004313e+01 3.967448e-01 2.618311e-08
3.004313e+01 5.552783e-01 3.910438e-08
3.004313e+01 7.774819e-01 5.428234e-08
3.004313e+01 1.088445e+00 6.824381e-08
3.004313e+01 1.523711e+00 7.544396e-08
3.004313e+01 2.088426e+00 7.038470e-08
3.004313e+01 2.685505e+00 4.993055e-08
3.066399e+01 1.570796e-02 1.009756e-10
3.066399e+01 2.346256e-02 2.630250e-10
3.066399e+01 3.503514e-02 5.188740e-10
3.066399e+01 5.263151e-02 1.066549e-09
3.066399e+01 7.314235e-02 2.272513e-09
3.066399e+01 1.025928e-01 3.416513e-09
3.066399e+01 1.448116e-01 5.940133e-09
3.066399e+01 2.023460e-01 9.371009e-09
3.066399e+01 2.834245e-01 1.487647e-08
3.066399e+01 3.967448e-01 2.271477e-08
3.066399e+01 5.552783e-01 3.407159e-08
3.066399e+01 7.774819e-01 4.760135e-08
3.066399e+01 1.088445e+00 6.070942e-08
3.066399e+01 1.523711e+00 6.900550e-08
3.066399e+01 2.088426e+00 6.754646e-08
3.066399e+01 2.685505e+00 5.199052e-08
3.129727e+01 1.570796e-02 8.406014e-11
3.129727e+01 2.346256e-02 2.199576e-10
3.129727e+01 3.503514e-02 4.318918e-10
3.129727e+01 5.263151e-02 8.895109e-10
3.129727e+01 7.314235e-02 1.898391e-09
3.129727e+01 1.025928e-01 2.858870e-09
3.129727e+01 1.448116e-01 4.977782e-09
3.129727e+01 2.023460e-01 7.886063e-09
3.129727e+01 2.834245e-01 1.256333e-08
3.129727e+01 3.967448e-01 1.922357e-08
3.129727e+01 5.552783e-01 2.895011e-08
3.129727e+01 7.774819e-01 4.068318e-08
3.129727e+01 1.088445e+00 5.265267e-08
3.129727e+01 1.523711e+00 6.160242e-08
3.129727e+01 2.088426e+00 6.346566e-08
3.129727e+01 2.685505e+00 5.315760e-08
3.194322e+01 1.570796e-02 6.767589e-11
3.194322e+01 2.346256e-02 1.774269e-10
3.194322e+01 3.503514e-02 3.471044e-10
3.194322e+01 5.263151e-02 7.166127e-10
3.194322e+01 7.314235e-02 1.532546e-09
3.194322e+01 1.025928e-01 2.311208e-09
3.194322e+01 1.448116e-01 4.030304e-09
3.194322e+01 2.023460e-01 6.412522e-09
3.194322e+01 2.834245e-01 1.024623e-08
3.194322e+01 3.967448e-01 1.570598e-08
3.194322e+01 5.552783e-01 2.374446e-08
3.194322e+01 7.774819e-01 3.358668e-08
3.194322e+01 1.088445e+00 4.407838e-08
3.194322e+01 1.523711e+00 5.314483e-08
3.194322e+01 2.088426e+00 5.775370e-08
3.194322e+01 2.685505e+00 5.296310e-08
3.260208e+01 1.570796e-02 5.175196e-11
3.260208e+01 2.346256e-02 1.361915e-10
3.260208e+01 3.503514e-02 2.649757e-10
3.260208e+01 5.263151e-02 5.484823e-10
3.260208e+01 7.314235e-02 1.175631e-09
3.260208e+01 1.025928e-01 1.775685e-09
3.260208e+01 1.448116e-01 3.100575e-09
3.260208e+01 2.023460e-01 4.952213e-09
3.260208e+01 2.834245e-01 7.935093e-09
3.260208e+01 3.967448e-01 1.218238e-08
3.260208e+01 5.552783e-01 1.846885e-08
3.260208e+01 7.774819e-01 2.629790e-08
3.260208e+01 1.088445e+00 3.496867e-08
3.260208e+01 1.523711e+00 4.345677e-08
3.260208e+01 2.088426e+00 4.999854e-08
3.260208e+01 2.685505e+00 5.022088e-08
3.327412e+01 1.570796e-02 3.618578e-11
3.327412e+01 2.346256e-02 9.566289e-11
3.327412e+01 3.503514e-02 1.853060e-10
3.327412e+01 5.263151e-02 3.842733e-10
3.327412e+01 7.314235e-02 8.253218e-10
3.327412e+01 1.025928e-01 1.248840e-09
3.327412e+01 1.448116e-01 2.184335e-09
3.327412e+01 2.023460e-01 3.502896e-09
3.327412e+01 2.834245e-01 5.628541e-09
3.327412e+01 3.967448e-01 8.650502e-09
3.327412e+01 5.552783e-01 1.316407e-08
3.327412e+01 7.774819e-01 1.885713e-08
3.327412e+01 1.088445e+00 2.539467e-08
3.327412e+01 1.523711e+00 3.253875e-08
3.327412e+01 2.088426e+00 3.974231e-08
3.327412e+01 2.685505e+00 4.368991e-08
3.395961e+01 1.570796e-02 2.206489e-11
3.395961e+01 2.346256e-02 5.848455e-11
3.395961e+01 3.503514e-02 1.127268e-10
3.395961e+01 5.263151e-02 2.345061e-10
3.395961e+01 7.314235e-02 5.047455e-10
3.395961e+01 1.025928e-01 7.637029e-10
3.395961e+01 1.448116e-01 1.333608e-09
3.395961e+01 2.023460e-01 2.134475e-09
3.395961e+01 2.834245e-01 3.418104e-09
3.395961e+01 3.967448e-01 5.223441e-09
3.395961e+01 5.552783e-01 7.914151e-09
3.395961e+01 7.774819e-01 1.134428e-08
3.395961e+01 1.088445e+00 1.540211e-08
3.395961e+01 1.523711e+00 2.027830e-08
3.395961e+01 2.088426e+00 2.616413e-08
3.395961e+01 2.685505e+00 3.098467e-08
3.465880e+01 1.570796e-02 7.087461e-12
3.465880e+01 2.346256e-02 1.631727e-11
3.465880e+01 3.503514e-02 3.720044e-11
3.465880e+01 5.263151e-02 7.113171e-11
3.465880e+01 7.314235e-02 1.565363e-10
3.465880e+01 1.025928e-01 2.358654e-10
3.465880e+01 1.448116e-01 4.134330e-10
3.465880e+01 2.023460e-01 6.729410e-10
3.465880e+01 2.834245e-01 1.090463e-09
3.465880e+01 3.967448e-01 1.684441e-09
3.465880e+01 5.552783e-01 2.569174e-09
3.465880e+01 7.774819e-01 3.719180e-09
3.465880e+01 1.088445e+00 5.124298e-09
3.465880e+01 1.523711e+00 6.932456e-09
3.465880e+01 2.088426e+00 9.444640e-09
3.465880e+01 2.685505e+00 1.211935e-08
3.537197e+01 1.570796e-02 0.000000e+00
3.537197e+01 2.346256e-02 0.000000e+00
3.537197e+01 3.503514e-02 0.000000e+00
3.537197e+01 5.263151e-02 0.000000e+00
3.537197e+01 7.314235e-02 0.000000e+00
3.537197e+01 1.025928e-01 0.000000e+00
3.537197e+01 1.448116e-01 0.000000e+00
3.537197e+01 2.023460e-01 0.000000e+00
3.537197e+01 2.834245e-01 0.000000e+00
3.537197e+01 3.967448e-01 0.000000e+00
3.537197e+01 5.552783e-01 0.000000e+00
3.537197e+01 7.774819e-01 0.000000e+00
3.537197e+01 1.088445e+00 0.000000e+00
3.537197e+01 1.523711e+00 0.000000e+00
3.537197e+01 2.088426e+00 0.000000e+00
3.537197e+01 2.685505e+00 0.000000e+00
