5.000000e+00 1.570796e-02 0.000000e+00
5.000000e+00 2.346256e-02 0.000000e+00
5.000000e+00 3.503514e-02 0.000000e+00
5.000000e+00 5.263151e-02 0.000000e+00
5.000000e+00 7.314235e-02 0.000000e+00
5.000000e+00 1.025928e-01 0.000000e+00
5.000000e+00 1.448116e-01 0.000000e+00
5.000000e+00 2.023460e-01 0.000000e+00
5.000000e+00 2.834245e-01 0.000000e+00
5.000000e+00 3.967448e-01 0.000000e+00
5.000000e+00 5.552783e-01 0.000000e+00
5.000000e+00 7.774819e-01 0.000000e+00
5.000000e+00 1.088445e+00 0.000000e+00
5.000000e+00 1.523711e+00 0.000000e+00
5.000000e+00 2.088426e+00 0.000000e+00
5.000000e+00 2.685505e+00 0.000000e+00
5.120000e+00 1.570796e-02 -1.255020e-07
5.120000e+00 2.346256e-02 -8.924206e-08
5.120000e+00 3.503514e-02 -2.047880e-07
5.120000e+00 5.263151e-02 -8.267297e-08
5.120000e+00 7.314235e-02 -9.323376e-08
5.120000e+00 1.025928e-01 -1.973627e-07
5.120000e+00 1.448116e-01 3.755607e-07
5.120000e+00 2.023460e-01 -2.902347e-07
5.120000e+00 2.834245e-01 3.447613e-08
5.120000e+00 3.967448e-01 3.539899e-07
5.120000e+00 5.552783e-01 -9.076660e-07
5.120000e+00 7.774819e-01 3.394268e-07
5.120000e+00 1.088445e+00 -1.647108e-07
5.120000e+00 1.523711e+00 -1.670362e-07
5.120000e+00 2.088426e+00 -6.615478e-08
5.120000e+00 2.685505e+00 -9.717436e-08
5.242400e+00 1.570796e-02 -6.889063e-05
5.242400e+00 2.346256e-02 -4.796880e-05
5.242400e+00 3.503514e-02 -7.746861e-05
5.242400e+00 5.263151e-02 -7.129275e-05
5.242400e+00 7.314235e-02 -1.396662e-04
5.242400e+00 1.025928e-01 -3.128637e-05
5.242400e+00 1.448116e-01 -1.023078e-04
5.242400e+00 2.023460e-01 -7.752696e-05
5.242400e+00 2.834245e-01 -1.189973e-04
5.242400e+00 3.967448e-01 -5.897965e-05
5.242400e+00 5.552783e-01 -5.571551e-05
5.242400e+00 7.774819e-01 -5.992051e-05
5.242400e+00 1.088445e+00 -5.577687e-05
5.242400e+00 1.523711e+00 -5.233166e-05
5.242400e+00 2.088426e+00 -5.867767e-05
5.242400e+00 2.685505e+00 -6.208304e-05
5.367248e+00 1.570796e-02 -2.110978e-04
5.367248e+00 2.346256e-02 -1.810222e-04
5.367248e+00 3.503514e-02 -2.603420e-04
5.367248e+00 5.263151e-02 -4.211293e-04
5.367248e+00 7.314235e-02 -5.367404e-04
5.367248e+00 1.025928e-01 -3.659387e-04
5.367248e+00 1.448116e-01 -4.499773e-04
5.367248e+00 2.023460e-01 -4.589493e-04
5.367248e+00 2.834245e-01 -5.660989e-04
5.367248e+00 3.967448e-01 -3.771699e-04
5.367248e+00 5.552783e-01 -3.434958e-04
5.367248e+00 7.774819e-01 -3.096415e-04
5.367248e+00 1.088445e+00 -2.722673e-04
5.367248e+00 1.523711e+00 -2.657769e-04
5.367248e+00 2.088426e+00 -2.984393e-04
5.367248e+00 2.685505e+00 -3.078704e-04
5.494593e+00 1.570796e-02 -4.680897e-04
5.494593e+00 2.346256e-02 -5.171962e-04
5.494593e+00 3.503514e-02 -8.506061e-04
5.494593e+00 5.263151e-02 -1.429814e-03
5.494593e+00 7.314235e-02 -2.013755e-03
5.494593e+00 1.025928e-01 -1.574498e-03
5.494593e+00 1.448116e-01 -2.011661e-03
5.494593e+00 2.023460e-01 -1.811950e-03
5.494593e+00 2.834245e-01 -1.870018e-03
5.494593e+00 3.967448e-01 -1.413783e-03
5.494593e+00 5.552783e-01 -1.262571e-03
5.494593e+00 7.774819e-01 -1.157663e-03
5.494593e+00 1.088445e+00 -1.011061e-03
5.494593e+00 1.523711e+00 -9.690995e-04
5.494593e+00 2.088426e+00 -1.074194e-03
5.494593e+00 2.685505e+00 -1.117128e-03
5.624485e+00 1.570796e-02 -6.679425e-04
5.624485e+00 2.346256e-02 -1.152284e-03
5.624485e+00 3.503514e-02 -1.816831e-03
5.624485e+00 5.263151e-02 -2.832947e-03
5.624485e+00 7.314235e-02 -4.673262e-03
5.624485e+00 1.025928e-01 -3.414323e-03
5.624485e+00 1.448116e-01 -4.224508e-03
5.624485e+00 2.023460e-01 -4.248799e-03
5.624485e+00 2.834245e-01 -4.134619e-03
5.624485e+00 3.967448e-01 -3.433454e-03
5.624485e+00 5.552783e-01 -3.122838e-03
5.624485e+00 7.774819e-01 -2.690614e-03
5.624485e+00 1.088445e+00 -2.356366e-03
5.624485e+00 1.523711e+00 -2.260392e-03
5.624485e+00 2.088426e+00 -2.452000e-03
5.624485e+00 2.685505e+00 -2.591911e-03
5.756975e+00 1.570796e-02 -7.365232e-04
5.756975e+00 2.346256e-02 -1.693287e-03
5.756975e+00 3.503514e-02 -3.053066e-03
5.756975e+00 5.263151e-02 -4.507328e-03
5.756975e+00 7.314235e-02 -7.585320e-03
5.756975e+00 1.025928e-01 -6.444953e-03
5.756975e+00 1.448116e-01 -7.463158e-03
5.756975e+00 2.023460e-01 -7.841240e-03
5.756975e+00 2.834245e-01 -7.397442e-03
5.756975e+00 3.967448e-01 -6.409826e-03
5.756975e+00 5.552783e-01 -5.776795e-03
5.756975e+00 7.774819e-01 -5.010549e-03
5.756975e+00 1.088445e+00 -4.300566e-03
5.756975e+00 1.523711e+00 -4.071403e-03
5.756975e+00 2.088426e+00 -4.366331e-03
5.756975e+00 2.685505e+00 -4.521107e-03
5.892114e+00 1.570796e-02 -8.049218e-04
5.892114e+00 2.346256e-02 -2.070462e-03
5.892114e+00 3.503514e-02 -3.944699e-03
5.892114e+00 5.263151e-02 -6.084524e-03
5.892114e+00 7.314235e-02 -1.040237e-02
5.892114e+00 1.025928e-01 -9.952514e-03
5.892114e+00 1.448116e-01 -1.194246e-02
5.892114e+00 2.023460e-01 -1.226266e-02
5.892114e+00 2.834245e-01 -1.206177e-02
5.892114e+00 3.967448e-01 -1.028663e-02
5.892114e+00 5.552783e-01 -9.351266e-03
5.892114e+00 7.774819e-01 -8.053292e-03
5.892114e+00 1.088445e+00 -6.856463e-03
5.892114e+00 1.523711e+00 -6.387732e-03
5.892114e+00 2.088426e+00 -6.792628e-03
5.892114e+00 2.685505e+00 -6.966395e-03
6.029956e+00 1.570796e-02 -8.255753e-04
6.029956e+00 2.346256e-02 -2.127544e-03
6.029956e+00 3.503514e-02 -4.440492e-03
6.029956e+00 5.263151e-02 -7.412528e-03
6.029956e+00 7.314235e-02 -1.282354e-02
6.029956e+00 1.025928e-01 -1.371985e-02
6.029956e+00 1.448116e-01 -1.656684e-02
6.029956e+00 2.023460e-01 -1.709391e-02
6.029956e+00 2.834245e-01 -1.698090e-02
6.029956e+00 3.967448e-01 -1.486540e-02
6.029956e+00 5.552783e-01 -1.356344e-02
6.029956e+00 7.774819e-01 -1.164658e-02
6.029956e+00 1.088445e+00 -9.923778e-03
6.029956e+00 1.523711e+00 -9.100552e-03
6.029956e+00 2.088426e+00 -9.582804e-03
6.029956e+00 2.685505e+00 -9.725835e-03
6.170555e+00 1.570796e-02 -8.581512e-04
6.170555e+00 2.346256e-02 -2.066954e-03
6.170555e+00 3.503514e-02 -4.608101e-03
6.170555e+00 5.263151e-02 -8.103999e-03
6.170555e+00 7.314235e-02 -1.430623e-02
6.170555e+00 1.025928e-01 -1.657207e-02
6.170555e+00 1.448116e-01 -2.093931e-02
6.170555e+00 2.023460e-01 -2.187823e-02
6.170555e+00 2.834245e-01 -2.183470e-02
6.170555e+00 3.967448e-01 -1.967868e-02
6.170555e+00 5.552783e-01 -1.797923e-02
6.170555e+00 7.774819e-01 -1.549851e-02
6.170555e+00 1.088445e+00 -1.313559e-02
6.170555e+00 1.523711e+00 -1.192280e-02
6.170555e+00 2.088426e+00 -1.244112e-02
6.170555e+00 2.685505e+00 -1.259813e-02
6.313967e+00 1.570796e-02 -8.347641e-04
6.313967e+00 2.346256e-02 -1.966898e-03
6.313967e+00 3.503514e-02 -4.471001e-03
6.313967e+00 5.263151e-02 -8.168550e-03
6.313967e+00 7.314235e-02 -1.506536e-02
6.313967e+00 1.025928e-01 -1.870323e-02
6.313967e+00 1.448116e-01 -2.478265e-02
6.313967e+00 2.023460e-01 -2.623424e-02
6.313967e+00 2.834245e-01 -2.642828e-02
6.313967e+00 3.967448e-01 -2.446732e-02
6.313967e+00 5.552783e-01 -2.236514e-02
6.313967e+00 7.774819e-01 -1.937033e-02
6.313967e+00 1.088445e+00 -1.641304e-02
6.313967e+00 1.523711e+00 -1.480833e-02
6.313967e+00 2.088426e+00 -1.520989e-02
6.313967e+00 2.685505e+00 -1.527734e-02
6.460246e+00 1.570796e-02 -7.771949e-04
6.460246e+00 2.346256e-02 -1.864482e-03
6.460246e+00 3.503514e-02 -4.233058e-03
6.460246e+00 5.263151e-02 -7.997748e-03
6.460246e+00 7.314235e-02 -1.513733e-02
6.460246e+00 1.025928e-01 -1.985099e-02
6.460246e+00 1.448116e-01 -2.707696e-02
6.460246e+00 2.023460e-01 -2.963990e-02
6.460246e+00 2.834245e-01 -3.040411e-02
6.460246e+00 3.967448e-01 -2.865635e-02
6.460246e+00 5.552783e-01 -2.643353e-02
6.460246e+00 7.774819e-01 -2.290406e-02
6.460246e+00 1.088445e+00 -1.941990e-02
6.460246e+00 1.523711e+00 -1.739930e-02
6.460246e+00 2.088426e+00 -1.763360e-02
6.460246e+00 2.685505e+00 -1.740943e-02
6.609451e+00 1.570796e-02 -7.058755e-04
6.609451e+00 2.346256e-02 -1.714062e-03
6.609451e+00 3.503514e-02 -3.982647e-03
6.609451e+00 5.263151e-02 -7.647723e-03
6.609451e+00 7.314235e-02 -1.467746e-02
6.609451e+00 1.025928e-01 -2.016366e-02
6.609451e+00 1.448116e-01 -2.837294e-02
6.609451e+00 2.023460e-01 -3.202225e-02
6.609451e+00 2.834245e-01 -3.346535e-02
6.609451e+00 3.967448e-01 -3.212182e-02
6.609451e+00 5.552783e-01 -2.996464e-02
6.609451e+00 7.774819e-01 -2.613005e-02
6.609451e+00 1.088445e+00 -2.215112e-02
6.609451e+00 1.523711e+00 -1.967850e-02
6.609451e+00 2.088426e+00 -1.975010e-02
6.609451e+00 2.685505e+00 -1.925682e-02
6.761640e+00 1.570796e-02 -6.452916e-04
6.761640e+00 2.346256e-02 -1.596528e-03
6.761640e+00 3.503514e-02 -3.630435e-03
6.761640e+00 5.263151e-02 -7.120632e-03
6.761640e+00 7.314235e-02 -1.385558e-02
6.761640e+00 1.025928e-01 -1.975279e-02
6.761640e+00 1.448116e-01 -2.868313e-02
6.761640e+00 2.023460e-01 -3.329537e-02
6.761640e+00 2.834245e-01 -3.557345e-02
6.761640e+00 3.967448e-01 -3.493890e-02
6.761640e+00 5.552783e-01 -3.289788e-02
6.761640e+00 7.774819e-01 -2.894797e-02
6.761640e+00 1.088445e+00 -2.453846e-02
6.761640e+00 1.523711e+00 -2.167539e-02
6.761640e+00 2.088426e+00 -2.161076e-02
6.761640e+00 2.685505e+00 -2.088078e-02
6.916873e+00 1.570796e-02 -5.950742e-04
6.916873e+00 2.346256e-02 -1.482362e-03
6.916873e+00 3.503514e-02 -3.256077e-03
6.916873e+00 5.263151e-02 -6.538594e-03
6.916873e+00 7.314235e-02 -1.292741e-02
6.916873e+00 1.025928e-01 -1.882870e-02
6.916873e+00 1.448116e-01 -2.825348e-02
6.916873e+00 2.023460e-01 -3.366884e-02
6.916873e+00 2.834245e-01 -3.688753e-02
6.916873e+00 3.967448e-01 -3.699488e-02
6.916873e+00 5.552783e-01 -3.525348e-02
6.916873e+00 7.774819e-01 -3.129472e-02
6.916873e+00 1.088445e+00 -2.656587e-02
6.916873e+00 1.523711e+00 -2.341227e-02
6.916873e+00 2.088426e+00 -2.313077e-02
6.916873e+00 2.685505e+00 -2.211273e-02
7.075210e+00 1.570796e-02 -5.455900e-04
7.075210e+00 2.346256e-02 -1.355231e-03
7.075210e+00 3.503514e-02 -2.891150e-03
7.075210e+00 5.263151e-02 -5.963133e-03
7.075210e+00 7.314235e-02 -1.188687e-02
7.075210e+00 1.025928e-01 -1.769940e-02
7.075210e+00 1.448116e-01 -2.719146e-02
7.075210e+00 2.023460e-01 -3.330412e-02
7.075210e+00 2.834245e-01 -3.746175e-02
7.075210e+00 3.967448e-01 -3.823557e-02
7.075210e+00 5.552783e-01 -3.691854e-02
7.075210e+00 7.774819e-01 -3.313444e-02
7.075210e+00 1.088445e+00 -2.818121e-02
7.075210e+00 1.523711e+00 -2.484441e-02
7.075210e+00 2.088426e+00 -2.437902e-02
7.075210e+00 2.685505e+00 -2.310337e-02
7.236714e+00 1.570796e-02 -4.984827e-04
7.236714e+00 2.346256e-02 -1.247006e-03
7.236714e+00 3.503514e-02 -2.594628e-03
7.236714e+00 5.263151e-02 -5.413000e-03
7.236714e+00 7.314235e-02 -1.085346e-02
7.236714e+00 1.025928e-01 -1.638744e-02
7.236714e+00 1.448116e-01 -2.564292e-02
7.236714e+00 2.023460e-01 -3.228007e-02
7.236714e+00 2.834245e-01 -3.722635e-02
7.236714e+00 3.967448e-01 -3.880832e-02
7.236714e+00 5.552783e-01 -3.804464e-02
7.236714e+00 7.774819e-01 -3.443863e-02
7.236714e+00 1.088445e+00 -2.944903e-02
7.236714e+00 1.523711e+00 -2.594419e-02
7.236714e+00 2.088426e+00 -2.541902e-02
7.236714e+00 2.685505e+00 -2.382495e-02
7.401449e+00 1.570796e-02 -4.490390e-04
7.401449e+00 2.346256e-02 -1.143475e-03
7.401449e+00 3.503514e-02 -2.340972e-03
7.401449e+00 5.263151e-02 -4.907819e-03
7.401449e+00 7.314235e-02 -9.841995e-03
7.401449e+00 1.025928e-01 -1.496530e-02
7.401449e+00 1.448116e-01 -2.379346e-02
7.401449e+00 2.023460e-01 -3.073638e-02
7.401449e+00 2.834245e-01 -3.642009e-02
7.401449e+00 3.967448e-01 -3.875481e-02
7.401449e+00 5.552783e-01 -3.855961e-02
7.401449e+00 7.774819e-01 -3.528763e-02
7.401449e+00 1.088445e+00 -3.039134e-02
7.401449e+00 1.523711e+00 -2.679769e-02
7.401449e+00 2.088426e+00 -2.623238e-02
7.401449e+00 2.685505e+00 -2.441831e-02
7.569477e+00 1.570796e-02 -3.990709e-04
7.569477e+00 2.346256e-02 -1.035779e-03
7.569477e+00 3.503514e-02 -2.112436e-03
7.569477e+00 5.263151e-02 -4.431555e-03
7.569477e+00 7.314235e-02 -8.879621e-03
7.569477e+00 1.025928e-01 -1.352191e-02
7.569477e+00 1.448116e-01 -2.184396e-02
7.569477e+00 2.023460e-01 -2.890956e-02
7.569477e+00 2.834245e-01 -3.513058e-02
7.569477e+00 3.967448e-01 -3.820540e-02
7.569477e+00 5.552783e-01 -3.853292e-02
7.569477e+00 7.774819e-01 -3.572634e-02
7.569477e+00 1.088445e+00 -3.096272e-02
7.569477e+00 1.523711e+00 -2.742083e-02
7.569477e+00 2.088426e+00 -2.675874e-02
7.569477e+00 2.685505e+00 -2.478020e-02
7.740867e+00 1.570796e-02 -3.529209e-04
7.740867e+00 2.346256e-02 -9.456871e-04
7.740867e+00 3.503514e-02 -1.891011e-03
7.740867e+00 5.263151e-02 -3.989204e-03
7.740867e+00 7.314235e-02 -7.991288e-03
7.740867e+00 1.025928e-01 -1.217340e-02
7.740867e+00 1.448116e-01 -1.990700e-02
7.740867e+00 2.023460e-01 -2.686924e-02
7.740867e+00 2.834245e-01 -3.345034e-02
7.740867e+00 3.967448e-01 -3.715946e-02
7.740867e+00 5.552783e-01 -3.804671e-02
7.740867e+00 7.774819e-01 -3.565481e-02
7.740867e+00 1.088445e+00 -3.121551e-02
7.740867e+00 1.523711e+00 -2.774390e-02
7.740867e+00 2.088426e+00 -2.699638e-02
7.740867e+00 2.685505e+00 -2.483509e-02
7.915684e+00 1.570796e-02 -3.112385e-04
7.915684e+00 2.346256e-02 -8.599233e-04
7.915684e+00 3.503514e-02 -1.701733e-03
7.915684e+00 5.263151e-02 -3.571464e-03
7.915684e+00 7.314235e-02 -7.160294e-03
7.915684e+00 1.025928e-01 -1.091160e-02
7.915684e+00 1.448116e-01 -1.801375e-02
7.915684e+00 2.023460e-01 -2.474872e-02
7.915684e+00 2.834245e-01 -3.147875e-02
7.915684e+00 3.967448e-01 -3.570004e-02
7.915684e+00 5.552783e-01 -3.708635e-02
7.915684e+00 7.774819e-01 -3.520461e-02
7.915684e+00 1.088445e+00 -3.115576e-02
7.915684e+00 1.523711e+00 -2.781070e-02
7.915684e+00 2.088426e+00 -2.703167e-02
7.915684e+00 2.685505e+00 -2.479762e-02
8.093998e+00 1.570796e-02 -2.745867e-04
8.093998e+00 2.346256e-02 -7.788532e-04
8.093998e+00 3.503514e-02 -1.523941e-03
8.093998e+00 5.263151e-02 -3.193989e-03
8.093998e+00 7.314235e-02 -6.409053e-03
8.093998e+00 1.025928e-01 -9.756071e-03
8.093998e+00 1.448116e-01 -1.621683e-02
8.093998e+00 2.023460e-01 -2.261515e-02
8.093998e+00 2.834245e-01 -2.928782e-02
8.093998e+00 3.967448e-01 -3.388570e-02
8.093998e+00 5.552783e-01 -3.578474e-02
8.093998e+00 7.774819e-01 -3.443718e-02
8.093998e+00 1.088445e+00 -3.074707e-02
8.093998e+00 1.523711e+00 -2.766883e-02
8.093998e+00 2.088426e+00 -2.691186e-02
8.093998e+00 2.685505e+00 -2.458296e-02
8.275878e+00 1.570796e-02 -2.445733e-04
8.275878e+00 2.346256e-02 -6.980324e-04
8.275878e+00 3.503514e-02 -1.366571e-03
8.275878e+00 5.263151e-02 -2.849521e-03
8.275878e+00 7.314235e-02 -5.715589e-03
8.275878e+00 1.025928e-01 -8.718209e-03
8.275878e+00 1.448116e-01 -1.455353e-02
8.275878e+00 2.023460e-01 -2.051306e-02
8.275878e+00 2.834245e-01 -2.701034e-02
8.275878e+00 3.967448e-01 -3.182019e-02
8.275878e+00 5.552783e-01 -3.413110e-02
8.275878e+00 7.774819e-01 -3.331977e-02
8.275878e+00 1.088445e+00 -3.008551e-02
8.275878e+00 1.523711e+00 -2.734677e-02
8.275878e+00 2.088426e+00 -2.664743e-02
8.275878e+00 2.685505e+00 -2.417413e-02
8.461396e+00 1.570796e-02 -2.177643e-04
8.461396e+00 2.346256e-02 -6.228510e-04
8.461396e+00 3.503514e-02 -1.225342e-03
8.461396e+00 5.263151e-02 -2.536371e-03
8.461396e+00 7.314235e-02 -5.090348e-03
8.461396e+00 1.025928e-01 -7.797857e-03
8.461396e+00 1.448116e-01 -1.301190e-02
8.461396e+00 2.023460e-01 -1.848677e-02
8.461396e+00 2.834245e-01 -2.469079e-02
8.461396e+00 3.967448e-01 -2.959355e-02
8.461396e+00 5.552783e-01 -3.228669e-02
8.461396e+00 7.774819e-01 -3.195972e-02
8.461396e+00 1.088445e+00 -2.921034e-02
8.461396e+00 1.523711e+00 -2.681617e-02
8.461396e+00 2.088426e+00 -2.619862e-02
8.461396e+00 2.685505e+00 -2.365499e-02
8.650623e+00 1.570796e-02 -1.937629e-04
8.650623e+00 2.346256e-02 -5.562519e-04
8.650623e+00 3.503514e-02 -1.097319e-03
8.650623e+00 5.263151e-02 -2.255081e-03
8.650623e+00 7.314235e-02 -4.538147e-03
8.650623e+00 1.025928e-01 -6.942853e-03
8.650623e+00 1.448116e-01 -1.158831e-02
8.650623e+00 2.023460e-01 -1.655640e-02
8.650623e+00 2.834245e-01 -2.237910e-02
8.650623e+00 3.967448e-01 -2.724784e-02
8.650623e+00 5.552783e-01 -3.025664e-02
8.650623e+00 7.774819e-01 -3.036444e-02
8.650623e+00 1.088445e+00 -2.814311e-02
8.650623e+00 1.523711e+00 -2.609888e-02
8.650623e+00 2.088426e+00 -2.555236e-02
8.650623e+00 2.685505e+00 -2.295685e-02
8.843636e+00 1.570796e-02 -1.721206e-04
8.843636e+00 2.346256e-02 -4.950105e-04
8.843636e+00 3.503514e-02 -9.764667e-04
8.843636e+00 5.263151e-02 -2.000081e-03
8.843636e+00 7.314235e-02 -4.019652e-03
8.843636e+00 1.025928e-01 -6.170223e-03
8.843636e+00 1.448116e-01 -1.028998e-02
8.843636e+00 2.023460e-01 -1.476353e-02
8.843636e+00 2.834245e-01 -2.015279e-02
8.843636e+00 3.967448e-01 -2.489850e-02
8.843636e+00 5.552783e-01 -2.811172e-02
8.843636e+00 7.774819e-01 -2.860642e-02
8.843636e+00 1.088445e+00 -2.689802e-02
8.843636e+00 1.523711e+00 -2.522137e-02
8.843636e+00 2.088426e+00 -2.479874e-02
8.843636e+00 2.685505e+00 -2.216816e-02
9.040509e+00 1.570796e-02 -1.527949e-04
9.040509e+00 2.346256e-02 -4.353668e-04
9.040509e+00 3.503514e-02 -8.691061e-04
9.040509e+00 5.263151e-02 -1.764960e-03
9.040509e+00 7.314235e-02 -3.548878e-03
9.040509e+00 1.025928e-01 -5.453596e-03
9.040509e+00 1.448116e-01 -9.104118e-03
9.040509e+00 2.023460e-01 -1.308270e-02
9.040509e+00 2.834245e-01 -1.804298e-02
9.040509e+00 3.967448e-01 -2.259160e-02
9.040509e+00 5.552783e-01 -2.589824e-02
9.040509e+00 7.774819e-01 -2.678054e-02
9.040509e+00 1.088445e+00 -2.553827e-02
9.040509e+00 1.523711e+00 -2.424495e-02
9.040509e+00 2.088426e+00 -2.396527e-02
9.040509e+00 2.685505e+00 -2.131466e-02
9.241319e+00 1.570796e-02 -1.355603e-04
9.241319e+00 2.346256e-02 -3.800374e-04
9.241319e+00 3.503514e-02 -7.681781e-04
9.241319e+00 5.263151e-02 -1.554845e-03
9.241319e+00 7.314235e-02 -3.131450e-03
9.241319e+00 1.025928e-01 -4.801663e-03
9.241319e+00 1.448116e-01 -8.021204e-03
9.241319e+00 2.023460e-01 -1.157003e-02
9.241319e+00 2.834245e-01 -1.607747e-02
9.241319e+00 3.967448e-01 -2.037201e-02
9.241319e+00 5.552783e-01 -2.368459e-02
9.241319e+00 7.774819e-01 -2.485317e-02
9.241319e+00 1.088445e+00 -2.407360e-02
9.241319e+00 1.523711e+00 -2.317276e-02
9.241319e+00 2.088426e+00 -2.302463e-02
9.241319e+00 2.685505e+00 -2.036382e-02
9.446145e+00 1.570796e-02 -1.195856e-04
9.446145e+00 2.346256e-02 -3.327671e-04
9.446145e+00 3.503514e-02 -6.733730e-04
9.446145e+00 5.263151e-02 -1.367609e-03
9.446145e+00 7.314235e-02 -2.753313e-03
9.446145e+00 1.025928e-01 -4.211515e-03
9.446145e+00 1.448116e-01 -7.044882e-03
9.446145e+00 2.023460e-01 -1.017734e-02
9.446145e+00 2.834245e-01 -1.424427e-02
9.446145e+00 3.967448e-01 -1.825253e-02
9.446145e+00 5.552783e-01 -2.151731e-02
9.446145e+00 7.774819e-01 -2.291247e-02
9.446145e+00 1.088445e+00 -2.254310e-02
9.446145e+00 1.523711e+00 -2.199175e-02
9.446145e+00 2.088426e+00 -2.198066e-02
9.446145e+00 2.685505e+00 -1.943081e-02
9.655068e+00 1.570796e-02 -1.050414e-04
9.655068e+00 2.346256e-02 -2.891639e-04
9.655068e+00 3.503514e-02 -5.880517e-04
9.655068e+00 5.263151e-02 -1.195970e-03
9.655068e+00 7.314235e-02 -2.403018e-03
9.655068e+00 1.025928e-01 -3.692344e-03
9.655068e+00 1.448116e-01 -6.161764e-03
9.655068e+00 2.023460e-01 -8.916866e-03
9.655068e+00 2.834245e-01 -1.254800e-02
9.655068e+00 3.967448e-01 -1.624776e-02
9.655068e+00 5.552783e-01 -1.939654e-02
9.655068e+00 7.774819e-01 -2.096256e-02
9.655068e+00 1.088445e+00 -2.093787e-02
9.655068e+00 1.523711e+00 -2.071382e-02
9.655068e+00 2.088426e+00 -2.083422e-02
9.655068e+00 2.685505e+00 -1.832803e-02
9.868170e+00 1.570796e-02 -9.222466e-05
9.868170e+00 2.346256e-02 -2.489551e-04
9.868170e+00 3.503514e-02 -5.118340e-04
9.868170e+00 5.263151e-02 -1.042270e-03
9.868170e+00 7.314235e-02 -2.094513e-03
9.868170e+00 1.025928e-01 -3.218362e-03
9.868170e+00 1.448116e-01 -5.358399e-03
9.868170e+00 2.023460e-01 -7.790835e-03
9.868170e+00 2.834245e-01 -1.099390e-02
9.868170e+00 3.967448e-01 -1.437050e-02
9.868170e+00 5.552783e-01 -1.734872e-02
9.868170e+00 7.774819e-01 -1.902731e-02
9.868170e+00 1.088445e+00 -1.929283e-02
9.868170e+00 1.523711e+00 -1.937697e-02
9.868170e+00 2.088426e+00 -1.960955e-02
9.868170e+00 2.685505e+00 -1.716804e-02
1.008553e+01 1.570796e-02 -8.018448e-05
1.008553e+01 2.346256e-02 -2.159598e-04
1.008553e+01 3.503514e-02 -4.447050e-04
1.008553e+01 5.263151e-02 -9.071938e-04
1.008553e+01 7.314235e-02 -1.818068e-03
1.008553e+01 1.025928e-01 -2.793351e-03
1.008553e+01 1.448116e-01 -4.647681e-03
1.008553e+01 2.023460e-01 -6.779141e-03
1.008553e+01 2.834245e-01 -9.596106e-03
1.008553e+01 3.967448e-01 -1.262705e-02
1.008553e+01 5.552783e-01 -1.540974e-02
1.008553e+01 7.774819e-01 -1.713176e-02
1.008553e+01 1.088445e+00 -1.764632e-02
1.008553e+01 1.523711e+00 -1.799754e-02
1.008553e+01 2.088426e+00 -1.832800e-02
1.008553e+01 2.685505e+00 -1.601120e-02
1.030724e+01 1.570796e-02 -6.943813e-05
1.030724e+01 2.346256e-02 -1.859867e-04
1.030724e+01 3.503514e-02 -3.847789e-04
1.030724e+01 5.263151e-02 -7.860045e-04
1.030724e+01 7.314235e-02 -1.572775e-03
1.030724e+01 1.025928e-01 -2.416975e-03
1.030724e+01 1.448116e-01 -4.014496e-03
1.030724e+01 2.023460e-01 -5.873211e-03
1.030724e+01 2.834245e-01 -8.340860e-03
1.030724e+01 3.967448e-01 -1.103683e-02
1.030724e+01 5.552783e-01 -1.360721e-02
1.030724e+01 7.774819e-01 -1.535737e-02
1.030724e+01 1.088445e+00 -1.606165e-02
1.030724e+01 1.523711e+00 -1.656974e-02
1.030724e+01 2.088426e+00 -1.703264e-02
1.030724e+01 2.685505e+00 -1.488515e-02
1.053339e+01 1.570796e-02 -5.972431e-05
1.053339e+01 2.346256e-02 -1.594894e-04
1.053339e+01 3.503514e-02 -3.327599e-04
1.053339e+01 5.263151e-02 -6.762191e-04
1.053339e+01 7.314235e-02 -1.352148e-03
1.053339e+01 1.025928e-01 -2.085491e-03
1.053339e+01 1.448116e-01 -3.455927e-03
1.053339e+01 2.023460e-01 -5.069110e-03
1.053339e+01 2.834245e-01 -7.215542e-03
1.053339e+01 3.967448e-01 -9.594263e-03
1.053339e+01 5.552783e-01 -1.192681e-02
1.053339e+01 7.774819e-01 -1.363763e-02
1.053339e+01 1.088445e+00 -1.450416e-02
1.053339e+01 1.523711e+00 -1.521690e-02
1.053339e+01 2.088426e+00 -1.576955e-02
1.053339e+01 2.685505e+00 -1.371586e-02
1.076406e+01 1.570796e-02 -5.156848e-05
1.076406e+01 2.346256e-02 -1.338822e-04
1.076406e+01 3.503514e-02 -2.853467e-04
1.076406e+01 5.263151e-02 -5.800012e-04
1.076406e+01 7.314235e-02 -1.156899e-03
1.076406e+01 1.025928e-01 -1.791765e-03
1.076406e+01 1.448116e-01 -2.963405e-03
1.076406e+01 2.023460e-01 -4.361790e-03
1.076406e+01 2.834245e-01 -6.209497e-03
1.076406e+01 3.967448e-01 -8.293800e-03
1.076406e+01 5.552783e-01 -1.039033e-02
1.076406e+01 7.774819e-01 -1.203537e-02
1.076406e+01 1.088445e+00 -1.301871e-02
1.076406e+01 1.523711e+00 -1.387461e-02
1.076406e+01 2.088426e+00 -1.450991e-02
1.076406e+01 2.685505e+00 -1.259870e-02
1.099934e+01 1.570796e-02 -4.419916e-05
1.099934e+01 2.346256e-02 -1.134088e-04
1.099934e+01 3.503514e-02 -2.434007e-04
1.099934e+01 5.263151e-02 -4.942079e-04
1.099934e+01 7.314235e-02 -9.864030e-04
1.099934e+01 1.025928e-01 -1.531782e-03
1.099934e+01 1.448116e-01 -2.527754e-03
1.099934e+01 2.023460e-01 -3.725048e-03
1.099934e+01 2.834245e-01 -5.308274e-03
1.099934e+01 3.967448e-01 -7.128342e-03
1.099934e+01 5.552783e-01 -8.984148e-03
1.099934e+01 7.774819e-01 -1.055553e-02
1.099934e+01 1.088445e+00 -1.159427e-02
1.099934e+01 1.523711e+00 -1.256746e-02
1.099934e+01 2.088426e+00 -1.327157e-02
1.099934e+01 2.685505e+00 -1.154623e-02
1.123932e+01 1.570796e-02 -3.759650e-05
1.123932e+01 2.346256e-02 -9.502888e-05
1.123932e+01 3.503514e-02 -2.070541e-04
1.123932e+01 5.263151e-02 -4.192218e-04
1.123932e+01 7.314235e-02 -8.362624e-04
1.123932e+01 1.025928e-01 -1.303075e-03
1.123932e+01 1.448116e-01 -2.147886e-03
1.123932e+01 2.023460e-01 -3.165677e-03
1.123932e+01 2.834245e-01 -4.522629e-03
1.123932e+01 3.967448e-01 -6.087000e-03
1.123932e+01 5.552783e-01 -7.728516e-03
1.123932e+01 7.774819e-01 -9.206660e-03
1.123932e+01 1.088445e+00 -1.026869e-02
1.123932e+01 1.523711e+00 -1.131745e-02
1.123932e+01 2.088426e+00 -1.205689e-02
1.123932e+01 2.685505e+00 -1.054697e-02
1.148411e+01 1.570796e-02 -3.200853e-05
1.148411e+01 2.346256e-02 -7.916987e-05
1.148411e+01 3.503514e-02 -1.738794e-04
1.148411e+01 5.263151e-02 -3.543711e-04
1.148411e+01 7.314235e-02 -7.082435e-04
1.148411e+01 1.025928e-01 -1.100695e-03
1.148411e+01 1.448116e-01 -1.810104e-03
1.148411e+01 2.023460e-01 -2.681107e-03
1.148411e+01 2.834245e-01 -3.829426e-03
1.148411e+01 3.967448e-01 -5.164769e-03
1.148411e+01 5.552783e-01 -6.611216e-03
1.148411e+01 7.774819e-01 -7.970340e-03
1.148411e+01 1.088445e+00 -9.038959e-03
1.148411e+01 1.523711e+00 -1.010477e-02
1.148411e+01 2.088426e+00 -1.089299e-02
1.148411e+01 2.685505e+00 -9.543387e-03
1.173379e+01 1.570796e-02 -2.686928e-05
1.173379e+01 2.346256e-02 -6.602985e-05
1.173379e+01 3.503514e-02 -1.467636e-04
1.173379e+01 5.263151e-02 -2.984128e-04
1.173379e+01 7.314235e-02 -5.954909e-04
1.173379e+01 1.025928e-01 -9.246833e-04
1.173379e+01 1.448116e-01 -1.520723e-03
1.173379e+01 2.023460e-01 -2.255745e-03
1.173379e+01 2.834245e-01 -3.235642e-03
1.173379e+01 3.967448e-01 -4.358995e-03
1.173379e+01 5.552783e-01 -5.615506e-03
1.173379e+01 7.774819e-01 -6.866415e-03
1.173379e+01 1.088445e+00 -7.906779e-03
1.173379e+01 1.523711e+00 -8.981957e-03
1.173379e+01 2.088426e+00 -9.778053e-03
1.173379e+01 2.685505e+00 -8.648594e-03
1.198847e+01 1.570796e-02 -2.257789e-05
1.198847e+01 2.346256e-02 -5.505883e-05
1.198847e+01 3.503514e-02 -1.232662e-04
1.198847e+01 5.263151e-02 -2.485636e-04
1.198847e+01 7.314235e-02 -4.966348e-04
1.198847e+01 1.025928e-01 -7.724950e-04
1.198847e+01 1.448116e-01 -1.272261e-03
1.198847e+01 2.023460e-01 -1.889748e-03
1.198847e+01 2.834245e-01 -2.707548e-03
1.198847e+01 3.967448e-01 -3.662493e-03
1.198847e+01 5.552783e-01 -4.748069e-03
1.198847e+01 7.774819e-01 -5.873692e-03
1.198847e+01 1.088445e+00 -6.869234e-03
1.198847e+01 1.523711e+00 -7.927680e-03
1.198847e+01 2.088426e+00 -8.732558e-03
1.198847e+01 2.685505e+00 -7.791507e-03
1.224824e+01 1.570796e-02 -1.892772e-05
1.224824e+01 2.346256e-02 -4.530835e-05
1.224824e+01 3.503514e-02 -1.011139e-04
1.224824e+01 5.263151e-02 -2.059940e-04
1.224824e+01 7.314235e-02 -4.120853e-04
1.224824e+01 1.025928e-01 -6.396920e-04
1.224824e+01 1.448116e-01 -1.054503e-03
1.224824e+01 2.023460e-01 -1.571259e-03
1.224824e+01 2.834245e-01 -2.252316e-03
1.224824e+01 3.967448e-01 -3.057976e-03
1.224824e+01 5.552783e-01 -3.985024e-03
1.224824e+01 7.774819e-01 -4.991400e-03
1.224824e+01 1.088445e+00 -5.939810e-03
1.224824e+01 1.523711e+00 -6.951489e-03
1.224824e+01 2.088426e+00 -7.754468e-03
1.224824e+01 2.685505e+00 -6.914362e-03
1.251320e+01 1.570796e-02 -1.563523e-05
1.251320e+01 2.346256e-02 -3.737968e-05
1.251320e+01 3.503514e-02 -8.410862e-05
1.251320e+01 5.263151e-02 -1.711893e-04
1.251320e+01 7.314235e-02 -3.405439e-04
1.251320e+01 1.025928e-01 -5.291971e-04
1.251320e+01 1.448116e-01 -8.747501e-04
1.251320e+01 2.023460e-01 -1.303546e-03
1.251320e+01 2.834245e-01 -1.867579e-03
1.251320e+01 3.967448e-01 -2.540373e-03
1.251320e+01 5.552783e-01 -3.334650e-03
1.251320e+01 7.774819e-01 -4.221344e-03
1.251320e+01 1.088445e+00 -5.098242e-03
1.251320e+01 1.523711e+00 -6.078518e-03
1.251320e+01 2.088426e+00 -6.830043e-03
1.251320e+01 2.685505e+00 -6.116939e-03
1.278347e+01 1.570796e-02 -1.289406e-05
1.278347e+01 2.346256e-02 -3.122776e-05
1.278347e+01 3.503514e-02 -6.901797e-05
1.278347e+01 5.263151e-02 -1.412131e-04
1.278347e+01 7.314235e-02 -2.791717e-04
1.278347e+01 1.025928e-01 -4.341058e-04
1.278347e+01 1.448116e-01 -7.179587e-04
1.278347e+01 2.023460e-01 -1.073639e-03
1.278347e+01 2.834245e-01 -1.537677e-03
1.278347e+01 3.967448e-01 -2.098298e-03
1.278347e+01 5.552783e-01 -2.770813e-03
1.278347e+01 7.774819e-01 -3.547870e-03
1.278347e+01 1.088445e+00 -4.348072e-03
1.278347e+01 1.523711e+00 -5.274225e-03
1.278347e+01 2.088426e+00 -5.994208e-03
1.278347e+01 2.685505e+00 -5.433027e-03
1.305914e+01 1.570796e-02 -1.070869e-05
1.305914e+01 2.346256e-02 -2.516025e-05
1.305914e+01 3.503514e-02 -5.677550e-05
1.305914e+01 5.263151e-02 -1.163781e-04
1.305914e+01 7.314235e-02 -2.288628e-04
1.305914e+01 1.025928e-01 -3.558603e-04
1.305914e+01 1.448116e-01 -5.883634e-04
1.305914e+01 2.023460e-01 -8.802184e-04
1.305914e+01 2.834245e-01 -1.261680e-03
1.305914e+01 3.967448e-01 -1.725379e-03
1.305914e+01 5.552783e-01 -2.294797e-03
1.305914e+01 7.774819e-01 -2.967413e-03
1.305914e+01 1.088445e+00 -3.693238e-03
1.305914e+01 1.523711e+00 -4.558126e-03
1.305914e+01 2.088426e+00 -5.240210e-03
1.305914e+01 2.685505e+00 -4.779398e-03
1.334032e+01 1.570796e-02 -8.680984e-06
1.334032e+01 2.346256e-02 -2.018809e-05
1.334032e+01 3.503514e-02 -4.591212e-05
1.334032e+01 5.263151e-02 -9.422305e-05
1.334032e+01 7.314235e-02 -1.858294e-04
1.334032e+01 1.025928e-01 -2.887348e-04
1.334032e+01 1.448116e-01 -4.788152e-04
1.334032e+01 2.023460e-01 -7.187837e-04
1.334032e+01 2.834245e-01 -1.027870e-03
1.334032e+01 3.967448e-01 -1.414030e-03
1.334032e+01 5.552783e-01 -1.887751e-03
1.334032e+01 7.774819e-01 -2.466833e-03
1.334032e+01 1.088445e+00 -3.124352e-03
1.334032e+01 1.523711e+00 -3.904238e-03
1.334032e+01 2.088426e+00 -4.539938e-03
1.334032e+01 2.685505e+00 -4.189186e-03
1.362713e+01 1.570796e-02 -7.190543e-06
1.362713e+01 2.346256e-02 -1.596338e-05
1.362713e+01 3.503514e-02 -3.724294e-05
1.362713e+01 5.263151e-02 -7.575523e-05
1.362713e+01 7.314235e-02 -1.496742e-04
1.362713e+01 1.025928e-01 -2.334005e-04
1.362713e+01 1.448116e-01 -3.871009e-04
1.362713e+01 2.023460e-01 -5.819555e-04
1.362713e+01 2.834245e-01 -8.319949e-04
1.362713e+01 3.967448e-01 -1.147241e-03
1.362713e+01 5.552783e-01 -1.540113e-03
1.362713e+01 7.774819e-01 -2.028645e-03
1.362713e+01 1.088445e+00 -2.614898e-03
1.362713e+01 1.523711e+00 -3.309921e-03
1.362713e+01 2.088426e+00 -3.896604e-03
1.362713e+01 2.685505e+00 -3.619361e-03
1.391967e+01 1.570796e-02 -5.801346e-06
1.391967e+01 2.346256e-02 -1.274339e-05
1.391967e+01 3.503514e-02 -2.981686e-05
1.391967e+01 5.263151e-02 -6.050975e-05
1.391967e+01 7.314235e-02 -1.205725e-04
1.391967e+01 1.025928e-01 -1.888126e-04
1.391967e+01 1.448116e-01 -3.113059e-04
1.391967e+01 2.023460e-01 -4.688638e-04
1.391967e+01 2.834245e-01 -6.690477e-04
1.391967e+01 3.967448e-01 -9.273077e-04
1.391967e+01 5.552783e-01 -1.250879e-03
1.391967e+01 7.774819e-01 -1.659974e-03
1.391967e+01 1.088445e+00 -2.169465e-03
1.391967e+01 1.523711e+00 -2.791816e-03
1.391967e+01 2.088426e+00 -3.310869e-03
1.391967e+01 2.685505e+00 -3.109376e-03
1.421806e+01 1.570796e-02 -4.759234e-06
1.421806e+01 2.346256e-02 -1.021438e-05
1.421806e+01 3.503514e-02 -2.394926e-05
1.421806e+01 5.263151e-02 -4.834632e-05
1.421806e+01 7.314235e-02 -9.652085e-05
1.421806e+01 1.025928e-01 -1.504307e-04
1.421806e+01 1.448116e-01 -2.499975e-04
1.421806e+01 2.023460e-01 -3.752981e-04
1.421806e+01 2.834245e-01 -5.361678e-04
1.421806e+01 3.967448e-01 -7.445156e-04
1.421806e+01 5.552783e-01 -1.011167e-03
1.421806e+01 7.774819e-01 -1.350949e-03
1.421806e+01 1.088445e+00 -1.791828e-03
1.421806e+01 1.523711e+00 -2.341043e-03
1.421806e+01 2.088426e+00 -2.811472e-03
1.421806e+01 2.685505e+00 -2.658718e-03
1.452242e+01 1.570796e-02 -3.852498e-06
1.452242e+01 2.346256e-02 -8.151716e-06
1.452242e+01 3.503514e-02 -1.936002e-05
1.452242e+01 5.263151e-02 -3.794809e-05
1.452242e+01 7.314235e-02 -7.712931e-05
1.452242e+01 1.025928e-01 -1.196667e-04
1.452242e+01 1.448116e-01 -1.984643e-04
1.452242e+01 2.023460e-01 -2.996767e-04
1.452242e+01 2.834245e-01 -4.278189e-04
1.452242e+01 3.967448e-01 -5.951508e-04
1.452242e+01 5.552783e-01 -8.132841e-04
1.452242e+01 7.774819e-01 -1.096279e-03
1.452242e+01 1.088445e+00 -1.473887e-03
1.452242e+01 1.523711e+00 -1.955488e-03
1.452242e+01 2.088426e+00 -2.368163e-03
1.452242e+01 2.685505e+00 -2.221660e-03
1.483287e+01 1.570796e-02 -3.040489e-06
1.483287e+01 2.346256e-02 -6.389862e-06
1.483287e+01 3.503514e-02 -1.544901e-05
1.483287e+01 5.263151e-02 -2.991646e-05
1.483287e+01 7.314235e-02 -6.102674e-05
1.483287e+01 1.025928e-01 -9.479362e-05
1.483287e+01 1.448116e-01 -1.569034e-04
1.483287e+01 2.023460e-01 -2.374153e-04
1.483287e+01 2.834245e-01 -3.391474e-04
1.483287e+01 3.967448e-01 -4.728479e-04
1.483287e+01 5.552783e-01 -6.504113e-04
1.483287e+01 7.774819e-01 -8.836318e-04
1.483287e+01 1.088445e+00 -1.203477e-03
1.483287e+01 1.523711e+00 -1.615443e-03
1.483287e+01 2.088426e+00 -1.976377e-03
1.483287e+01 2.685505e+00 -1.858281e-03
1.514953e+01 1.570796e-02 -2.399479e-06
1.514953e+01 2.346256e-02 -5.050961e-06
1.514953e+01 3.503514e-02 -1.220326e-05
1.514953e+01 5.263151e-02 -2.358618e-05
1.514953e+01 7.314235e-02 -4.740272e-05
1.514953e+01 1.025928e-01 -7.336724e-05
1.514953e+01 1.448116e-01 -1.238753e-04
1.514953e+01 2.023460e-01 -1.869863e-04
1.514953e+01 2.834245e-01 -2.667491e-04
1.514953e+01 3.967448e-01 -3.731941e-04
1.514953e+01 5.552783e-01 -5.151959e-04
1.514953e+01 7.774819e-01 -7.075357e-04
1.514953e+01 1.088445e+00 -9.708377e-04
1.514953e+01 1.523711e+00 -1.321510e-03
1.514953e+01 2.088426e+00 -1.631246e-03
1.514953e+01 2.685505e+00 -1.543080e-03
1.547252e+01 1.570796e-02 -1.911936e-06
1.547252e+01 2.346256e-02 -3.892368e-06
1.547252e+01 3.503514e-02 -9.656050e-06
1.547252e+01 5.263151e-02 -1.841821e-05
1.547252e+01 7.314235e-02 -3.686423e-05
1.547252e+01 1.025928e-01 -5.694553e-05
1.547252e+01 1.448116e-01 -9.667666e-05
1.547252e+01 2.023460e-01 -1.456890e-04
1.547252e+01 2.834245e-01 -2.085671e-04
1.547252e+01 3.967448e-01 -2.922476e-04
1.547252e+01 5.552783e-01 -4.050327e-04
1.547252e+01 7.774819e-01 -5.593358e-04
1.547252e+01 1.088445e+00 -7.774057e-04
1.547252e+01 1.523711e+00 -1.068685e-03
1.547252e+01 2.088426e+00 -1.329746e-03
1.547252e+01 2.685505e+00 -1.256806e-03
1.580197e+01 1.570796e-02 -1.501959e-06
1.580197e+01 2.346256e-02 -2.916156e-06
1.580197e+01 3.503514e-02 -7.474687e-06
1.580197e+01 5.263151e-02 -1.403790e-05
1.580197e+01 7.314235e-02 -2.829385e-05
1.580197e+01 1.025928e-01 -4.349843e-05
1.580197e+01 1.448116e-01 -7.404497e-05
1.580197e+01 2.023460e-01 -1.120633e-04
1.580197e+01 2.834245e-01 -1.602109e-04
1.580197e+01 3.967448e-01 -2.251098e-04
1.580197e+01 5.552783e-01 -3.142446e-04
1.580197e+01 7.774819e-01 -4.386817e-04
1.580197e+01 1.088445e+00 -6.143906e-04
1.580197e+01 1.523711e+00 -8.546295e-04
1.580197e+01 2.088426e+00 -1.073837e-03
1.580197e+01 2.685505e+00 -1.029628e-03
1.613801e+01 1.570796e-02 -1.229696e-06
1.613801e+01 2.346256e-02 -2.160855e-06
1.613801e+01 3.503514e-02 -5.796000e-06
1.613801e+01 5.263151e-02 -1.077149e-05
1.613801e+01 7.314235e-02 -2.158075e-05
1.613801e+01 1.025928e-01 -3.340019e-05
1.613801e+01 1.448116e-01 -5.663090e-05
1.613801e+01 2.023460e-01 -8.602801e-05
1.613801e+01 2.834245e-01 -1.229695e-04
1.613801e+01 3.967448e-01 -1.744759e-04
1.613801e+01 5.552783e-01 -2.435487e-04
1.613801e+01 7.774819e-01 -3.442165e-04
1.613801e+01 1.088445e+00 -4.836146e-04
1.613801e+01 1.523711e+00 -6.761607e-04
1.613801e+01 2.088426e+00 -8.556078e-04
1.613801e+01 2.685505e+00 -8.258468e-04
1.648077e+01 1.570796e-02 -9.309587e-07
1.648077e+01 2.346256e-02 -1.529014e-06
1.648077e+01 3.503514e-02 -4.373652e-06
1.648077e+01 5.263151e-02 -8.343086e-06
1.648077e+01 7.314235e-02 -1.628039e-05
1.648077e+01 1.025928e-01 -2.515659e-05
1.648077e+01 1.448116e-01 -4.263597e-05
1.648077e+01 2.023460e-01 -6.470569e-05
1.648077e+01 2.834245e-01 -9.341430e-05
1.648077e+01 3.967448e-01 -1.324745e-04
1.648077e+01 5.552783e-01 -1.866717e-04
1.648077e+01 7.774819e-01 -2.667051e-04
1.648077e+01 1.088445e+00 -3.762378e-04
1.648077e+01 1.523711e+00 -5.311885e-04
1.648077e+01 2.088426e+00 -6.735230e-04
1.648077e+01 2.685505e+00 -6.453352e-04
1.683038e+01 1.570796e-02 -7.052212e-07
1.683038e+01 2.346256e-02 -1.079655e-06
1.683038e+01 3.503514e-02 -3.255436e-06
1.683038e+01 5.263151e-02 -6.378511e-06
1.683038e+01 7.314235e-02 -1.207867e-05
1.683038e+01 1.025928e-01 -1.863445e-05
1.683038e+01 1.448116e-01 -3.181831e-05
1.683038e+01 2.023460e-01 -4.819531e-05
1.683038e+01 2.834245e-01 -6.939726e-05
1.683038e+01 3.967448e-01 -9.850227e-05
1.683038e+01 5.552783e-01 -1.401058e-04
1.683038e+01 7.774819e-01 -2.029539e-04
1.683038e+01 1.088445e+00 -2.874732e-04
1.683038e+01 1.523711e+00 -4.073542e-04
1.683038e+01 2.088426e+00 -5.189600e-04
1.683038e+01 2.685505e+00 -4.981057e-04
1.718699e+01 1.570796e-02 -5.187279e-07
1.718699e+01 2.346256e-02 -8.024734e-07
1.718699e+01 3.503514e-02 -2.340426e-06
1.718699e+01 5.263151e-02 -4.593765e-06
1.718699e+01 7.314235e-02 -8.873122e-06
1.718699e+01 1.025928e-01 -1.350712e-05
1.718699e+01 1.448116e-01 -2.317522e-05
1.718699e+01 2.023460e-01 -3.516086e-05
1.718699e+01 2.834245e-01 -5.078987e-05
1.718699e+01 3.967448e-01 -7.221931e-05
1.718699e+01 5.552783e-01 -1.032563e-04
1.718699e+01 7.774819e-01 -1.518205e-04
1.718699e+01 1.088445e+00 -2.150486e-04
1.718699e+01 1.523711e+00 -3.065080e-04
1.718699e+01 2.088426e+00 -3.915043e-04
1.718699e+01 2.685505e+00 -3.741462e-04
1.755073e+01 1.570796e-02 -3.922102e-07
1.755073e+01 2.346256e-02 -5.359616e-07
1.755073e+01 3.503514e-02 -1.657089e-06
1.755073e+01 5.263151e-02 -3.452379e-06
1.755073e+01 7.314235e-02 -6.458409e-06
1.755073e+01 1.025928e-01 -9.733090e-06
1.755073e+01 1.448116e-01 -1.694787e-05
1.755073e+01 2.023460e-01 -2.599098e-05
1.755073e+01 2.834245e-01 -3.694923e-05
1.755073e+01 3.967448e-01 -5.324715e-05
1.755073e+01 5.552783e-01 -7.632631e-05
1.755073e+01 7.774819e-01 -1.128458e-04
1.755073e+01 1.088445e+00 -1.601923e-04
1.755073e+01 1.523711e+00 -2.275367e-04
1.755073e+01 2.088426e+00 -2.924582e-04
1.755073e+01 2.685505e+00 -2.819445e-04
1.792175e+01 1.570796e-02 -2.980231e-07
1.792175e+01 2.346256e-02 -3.939356e-07
1.792175e+01 3.503514e-02 -1.218357e-06
1.792175e+01 5.263151e-02 -2.443075e-06
1.792175e+01 7.314235e-02 -4.582123e-06
1.792175e+01 1.025928e-01 -6.838517e-06
1.792175e+01 1.448116e-01 -1.211437e-05
1.792175e+01 2.023460e-01 -1.883021e-05
1.792175e+01 2.834245e-01 -2.646294e-05
1.792175e+01 3.967448e-01 -3.828013e-05
1.792175e+01 5.552783e-01 -5.530313e-05
1.792175e+01 7.774819e-01 -8.216008e-05
1.792175e+01 1.088445e+00 -1.165702e-04
1.792175e+01 1.523711e+00 -1.664062e-04
1.792175e+01 2.088426e+00 -2.151952e-04
1.792175e+01 2.685505e+00 -2.090242e-04
1.830018e+01 1.570796e-02 -2.080265e-07
1.830018e+01 2.346256e-02 -2.660881e-07
1.830018e+01 3.503514e-02 -8.351738e-07
1.830018e+01 5.263151e-02 -1.686394e-06
1.830018e+01 7.314235e-02 -3.166103e-06
1.830018e+01 1.025928e-01 -4.703104e-06
1.830018e+01 1.448116e-01 -8.549908e-06
1.830018e+01 2.023460e-01 -1.325981e-05
1.830018e+01 2.834245e-01 -1.848314e-05
1.830018e+01 3.967448e-01 -2.708826e-05
1.830018e+01 5.552783e-01 -3.938321e-05
1.830018e+01 7.774819e-01 -5.861993e-05
1.830018e+01 1.088445e+00 -8.318829e-05
1.830018e+01 1.523711e+00 -1.188976e-04
1.830018e+01 2.088426e+00 -1.541556e-04
1.830018e+01 2.685505e+00 -1.510751e-04
1.868618e+01 1.570796e-02 -1.438177e-07
1.868618e+01 2.346256e-02 -1.893016e-07
1.868618e+01 3.503514e-02 -5.830185e-07
1.868618e+01 5.263151e-02 -1.129985e-06
1.868618e+01 7.314235e-02 -2.113876e-06
1.868618e+01 1.025928e-01 -3.201096e-06
1.868618e+01 1.448116e-01 -5.836494e-06
1.868618e+01 2.023460e-01 -9.042061e-06
1.868618e+01 2.834245e-01 -1.273947e-05
1.868618e+01 3.967448e-01 -1.852968e-05
1.868618e+01 5.552783e-01 -2.744370e-05
1.868618e+01 7.774819e-01 -4.126571e-05
1.868618e+01 1.088445e+00 -5.855802e-05
1.868618e+01 1.523711e+00 -8.402001e-05
1.868618e+01 2.088426e+00 -1.102287e-04
1.868618e+01 2.685505e+00 -1.073822e-04
1.907991e+01 1.570796e-02 -1.015627e-07
1.907991e+01 2.346256e-02 -1.208162e-07
1.907991e+01 3.503514e-02 -4.037642e-07
1.907991e+01 5.263151e-02 -7.445517e-07
1.907991e+01 7.314235e-02 -1.432987e-06
1.907991e+01 1.025928e-01 -2.179897e-06
1.907991e+01 1.448116e-01 -3.930315e-06
1.907991e+01 2.023460e-01 -6.123778e-06
1.907991e+01 2.834245e-01 -8.617540e-06
1.907991e+01 3.967448e-01 -1.282332e-05
1.907991e+01 5.552783e-01 -1.880413e-05
1.907991e+01 7.774819e-01 -2.855325e-05
1.907991e+01 1.088445e+00 -4.037476e-05
1.907991e+01 1.523711e+00 -5.815248e-05
1.907991e+01 2.088426e+00 -7.700242e-05
1.907991e+01 2.685505e+00 -7.551285e-05
1.948151e+01 1.570796e-02 -6.265974e-08
1.948151e+01 2.346256e-02 -6.493353e-08
1.948151e+01 3.503514e-02 -2.789878e-07
1.948151e+01 5.263151e-02 -4.906851e-07
1.948151e+01 7.314235e-02 -9.202410e-07
1.948151e+01 1.025928e-01 -1.469418e-06
1.948151e+01 1.448116e-01 -2.611468e-06
1.948151e+01 2.023460e-01 -4.045477e-06
1.948151e+01 2.834245e-01 -5.721555e-06
1.948151e+01 3.967448e-01 -8.538694e-06
1.948151e+01 5.552783e-01 -1.277745e-05
1.948151e+01 7.774819e-01 -1.934474e-05
1.948151e+01 1.088445e+00 -2.746358e-05
1.948151e+01 1.523711e+00 -3.918382e-05
1.948151e+01 2.088426e+00 -5.246989e-05
1.948151e+01 2.685505e+00 -5.216084e-05
1.989114e+01 1.570796e-02 -4.062401e-08
1.989114e+01 2.346256e-02 -4.311203e-08
1.989114e+01 3.503514e-02 -1.731656e-07
1.989114e+01 5.263151e-02 -3.019163e-07
1.989114e+01 7.314235e-02 -6.020379e-07
1.989114e+01 1.025928e-01 -9.353789e-07
1.989114e+01 1.448116e-01 -1.639875e-06
1.989114e+01 2.023460e-01 -2.589191e-06
1.989114e+01 2.834245e-01 -3.664881e-06
1.989114e+01 3.967448e-01 -5.530519e-06
1.989114e+01 5.552783e-01 -8.343980e-06
1.989114e+01 7.774819e-01 -1.266742e-05
1.989114e+01 1.088445e+00 -1.833369e-05
1.989114e+01 1.523711e+00 -2.621058e-05
1.989114e+01 2.088426e+00 -3.524839e-05
1.989114e+01 2.685505e+00 -3.509697e-05
2.030896e+01 1.570796e-02 -2.256056e-08
2.030896e+01 2.346256e-02 -3.065059e-08
2.030896e+01 3.503514e-02 -1.086060e-07
2.030896e+01 5.263151e-02 -1.913487e-07
2.030896e+01 7.314235e-02 -3.659104e-07
2.030896e+01 1.025928e-01 -5.960572e-07
2.030896e+01 1.448116e-01 -1.017622e-06
2.030896e+01 2.023460e-01 -1.630085e-06
2.030896e+01 2.834245e-01 -2.305953e-06
2.030896e+01 3.967448e-01 -3.495176e-06
2.030896e+01 5.552783e-01 -5.360137e-06
2.030896e+01 7.774819e-01 -8.219934e-06
2.030896e+01 1.088445e+00 -1.191964e-05
2.030896e+01 1.523711e+00 -1.726552e-05
2.030896e+01 2.088426e+00 -2.320005e-05
2.030896e+01 2.685505e+00 -2.271463e-05
2.073514e+01 1.570796e-02 -1.594980e-08
2.073514e+01 2.346256e-02 -1.157947e-08
2.073514e+01 3.503514e-02 -6.439328e-08
2.073514e+01 5.263151e-02 -1.188463e-07
2.073514e+01 7.314235e-02 -2.342095e-07
2.073514e+01 1.025928e-01 -3.637764e-07
2.073514e+01 1.448116e-01 -6.430960e-07
2.073514e+01 2.023460e-01 -1.034747e-06
2.073514e+01 2.834245e-01 -1.435556e-06
2.073514e+01 3.967448e-01 -2.206706e-06
2.073514e+01 5.552783e-01 -3.389854e-06
2.073514e+01 7.774819e-01 -5.262562e-06
2.073514e+01 1.088445e+00 -7.599922e-06
2.073514e+01 1.523711e+00 -1.129726e-05
2.073514e+01 2.088426e+00 -1.515368e-05
2.073514e+01 2.685505e+00 -1.452128e-05
2.116984e+01 1.570796e-02 4.938887e-10
2.116984e+01 2.346256e-02 1.258890e-09
2.116984e+01 3.503514e-02 2.539768e-09
2.116984e+01 5.263151e-02 5.212016e-09
2.116984e+01 7.314235e-02 1.089829e-08
2.116984e+01 1.025928e-01 1.623827e-08
2.116984e+01 1.448116e-01 2.750084e-08
2.116984e+01 2.023460e-01 4.007416e-08
2.116984e+01 2.834245e-01 5.801696e-08
2.116984e+01 3.967448e-01 8.092464e-08
2.116984e+01 5.552783e-01 1.104180e-07
2.116984e+01 7.774819e-01 1.392447e-07
2.116984e+01 1.088445e+00 1.488222e-07
2.116984e+01 1.523711e+00 1.223879e-07
2.116984e+01 2.088426e+00 7.653144e-08
2.116984e+01 2.685505e+00 3.679409e-08
2.161324e+01 1.570796e-02 4.675988e-10
2.161324e+01 2.346256e-02 1.190159e-09
2.161324e+01 3.503514e-02 2.404095e-09
2.161324e+01 5.263151e-02 4.927673e-09
2.161324e+01 7.314235e-02 1.031181e-08
2.161324e+01 1.025928e-01 1.535856e-08
2.161324e+01 1.448116e-01 2.603688e-08
2.161324e+01 2.023460e-01 3.803552e-08
2.161324e+01 2.834245e-01 5.532327e-08
2.161324e+01 3.967448e-01 7.765518e-08
2.161324e+01 5.552783e-01 1.067065e-07
2.161324e+01 7.774819e-01 1.353516e-07
2.161324e+01 1.088445e+00 1.454234e-07
2.161324e+01 1.523711e+00 1.204268e-07
2.161324e+01 2.088426e+00 7.580114e-08
2.161324e+01 2.685505e+00 3.657938e-08
2.206550e+01 1.570796e-02 4.415268e-10
2.206550e+01 2.346256e-02 1.122854e-09
2.206550e+01 3.503514e-02 2.270152e-09
2.206550e+01 5.263151e-02 4.649544e-09
2.206550e+01 7.314235e-02 9.736935e-09
2.206550e+01 1.025928e-01 1.449810e-08
2.206550e+01 1.448116e-01 2.460115e-08
2.206550e+01 2.023460e-01 3.604430e-08
2.206550e+01 2.834245e-01 5.269109e-08
2.206550e+01 3.967448e-01 7.444091e-08
2.206550e+01 5.552783e-01 1.029756e-07
2.206550e+01 7.774819e-01 1.313276e-07
2.206550e+01 1.088445e+00 1.419234e-07
2.206550e+01 1.523711e+00 1.184115e-07
2.206550e+01 2.088426e+00 7.519971e-08
2.206550e+01 2.685505e+00 3.633375e-08
2.252681e+01 1.570796e-02 4.158675e-10
2.252681e+01 2.346256e-02 1.057121e-09
2.252681e+01 3.503514e-02 2.139386e-09
2.252681e+01 5.263151e-02 4.376295e-09
2.252681e+01 7.314235e-02 9.173018e-09
2.252681e+01 1.025928e-01 1.365609e-08
2.252681e+01 1.448116e-01 2.320360e-08
2.252681e+01 2.023460e-01 3.409275e-08
2.252681e+01 2.834245e-01 5.010330e-08
2.252681e+01 3.967448e-01 7.127331e-08
2.252681e+01 5.552783e-01 9.923678e-08
2.252681e+01 7.774819e-01 1.272110e-07
2.252681e+01 1.088445e+00 1.382827e-07
2.252681e+01 1.523711e+00 1.165242e-07
2.252681e+01 2.088426e+00 7.477076e-08
2.252681e+01 2.685505e+00 3.613259e-08
2.299735e+01 1.570796e-02 3.907473e-10
2.299735e+01 2.346256e-02 9.930956e-10
2.299735e+01 3.503514e-02 2.010932e-09
2.299735e+01 5.263151e-02 4.109427e-09
2.299735e+01 7.314235e-02 8.623371e-09
2.299735e+01 1.025928e-01 1.283393e-08
2.299735e+01 1.448116e-01 2.184027e-08
2.299735e+01 2.023460e-01 3.218899e-08
2.299735e+01 2.834245e-01 4.757803e-08
2.299735e+01 3.967448e-01 6.813515e-08
2.299735e+01 5.552783e-01 9.543401e-08
2.299735e+01 7.774819e-01 1.229664e-07
2.299735e+01 1.088445e+00 1.344691e-07
2.299735e+01 1.523711e+00 1.145933e-07
2.299735e+01 2.088426e+00 7.445056e-08
2.299735e+01 2.685505e+00 3.587099e-08
2.347730e+01 1.570796e-02 3.662081e-10
2.347730e+01 2.346256e-02 9.313131e-10
2.347730e+01 3.503514e-02 1.885459e-09
2.347730e+01 5.263151e-02 3.850286e-09
2.347730e+01 7.314235e-02 8.086812e-09
2.347730e+01 1.025928e-01 1.203089e-08
2.347730e+01 1.448116e-01 2.051032e-08
2.347730e+01 2.023460e-01 3.033863e-08
2.347730e+01 2.834245e-01 4.510242e-08
2.347730e+01 3.967448e-01 6.501521e-08
2.347730e+01 5.552783e-01 9.159054e-08
2.347730e+01 7.774819e-01 1.185952e-07
2.347730e+01 1.088445e+00 1.306021e-07
2.347730e+01 1.523711e+00 1.126399e-07
2.347730e+01 2.088426e+00 7.423088e-08
2.347730e+01 2.685505e+00 3.567143e-08
2.396684e+01 1.570796e-02 3.423897e-10
2.396684e+01 2.346256e-02 8.716879e-10
2.396684e+01 3.503514e-02 1.763064e-09
2.396684e+01 5.263151e-02 3.598803e-09
2.396684e+01 7.314235e-02 7.564074e-09
2.396684e+01 1.025928e-01 1.125289e-08
2.396684e+01 1.448116e-01 1.921403e-08
2.396684e+01 2.023460e-01 2.854018e-08
2.396684e+01 2.834245e-01 4.267149e-08
2.396684e+01 3.967448e-01 6.190232e-08
2.396684e+01 5.552783e-01 8.770253e-08
2.396684e+01 7.774819e-01 1.141314e-07
2.396684e+01 1.088445e+00 1.265928e-07
2.396684e+01 1.523711e+00 1.107484e-07
2.396684e+01 2.088426e+00 7.402335e-08
2.396684e+01 2.685505e+00 3.557685e-08
2.446618e+01 1.570796e-02 3.192178e-10
2.446618e+01 2.346256e-02 8.128938e-10
2.446618e+01 3.503514e-02 1.643833e-09
2.446618e+01 5.263151e-02 3.354112e-09
2.446618e+01 7.314235e-02 7.056306e-09
2.446618e+01 1.025928e-01 1.049792e-08
2.446618e+01 1.448116e-01 1.795591e-08
2.446618e+01 2.023460e-01 2.678311e-08
2.446618e+01 2.834245e-01 4.028615e-08
2.446618e+01 3.967448e-01 5.879845e-08
2.446618e+01 5.552783e-01 8.373731e-08
2.446618e+01 7.774819e-01 1.095086e-07
2.446618e+01 1.088445e+00 1.224757e-07
2.446618e+01 1.523711e+00 1.087963e-07
2.446618e+01 2.088426e+00 7.401091e-08
2.446618e+01 2.685505e+00 3.550665e-08
2.497550e+01 1.570796e-02 2.966592e-10
2.497550e+01 2.346256e-02 7.561082e-10
2.497550e+01 3.503514e-02 1.527981e-09
2.497550e+01 5.263151e-02 3.116146e-09
2.497550e+01 7.314235e-02 6.563016e-09
2.497550e+01 1.025928e-01 9.762934e-09
2.497550e+01 1.448116e-01 1.672961e-08
2.497550e+01 2.023460e-01 2.507556e-08
2.497550e+01 2.834245e-01 3.793544e-08
2.497550e+01 3.967448e-01 5.568220e-08
2.497550e+01 5.552783e-01 7.970199e-08
2.497550e+01 7.774819e-01 1.047676e-07
2.497550e+01 1.088445e+00 1.181930e-07
2.497550e+01 1.523711e+00 1.067807e-07
2.497550e+01 2.088426e+00 7.399886e-08
2.497550e+01 2.685505e+00 3.579546e-08
2.549501e+01 1.570796e-02 2.747267e-10
2.549501e+01 2.346256e-02 7.012266e-10
2.549501e+01 3.503514e-02 1.415124e-09
2.549501e+01 5.263151e-02 2.885421e-09
2.549501e+01 7.314235e-02 6.081433e-09
2.549501e+01 1.025928e-01 9.053620e-09
2.549501e+01 1.448116e-01 1.553475e-08
2.549501e+01 2.023460e-01 2.340194e-08
2.549501e+01 2.834245e-01 3.560400e-08
2.549501e+01 3.967448e-01 5.254199e-08
2.549501e+01 5.552783e-01 7.558067e-08
2.549501e+01 7.774819e-01 9.990136e-08
2.549501e+01 1.088445e+00 1.137756e-07
2.549501e+01 1.523711e+00 1.046268e-07
2.549501e+01 2.088426e+00 7.405178e-08
2.549501e+01 2.685505e+00 3.622338e-08
2.602491e+01 1.570796e-02 2.533377e-10
2.602491e+01 2.346256e-02 6.475628e-10
2.602491e+01 3.503514e-02 1.304718e-09
2.602491e+01 5.263151e-02 2.661039e-09
2.602491e+01 7.314235e-02 5.613150e-09
2.602491e+01 1.025928e-01 8.361537e-09
2.602491e+01 1.448116e-01 1.436931e-08
2.602491e+01 2.023460e-01 2.175725e-08
2.602491e+01 2.834245e-01 3.328520e-08
2.602491e+01 3.967448e-01 4.937427e-08
2.602491e+01 5.552783e-01 7.138573e-08
2.602491e+01 7.774819e-01 9.489740e-08
2.602491e+01 1.088445e+00 1.091496e-07
2.602491e+01 1.523711e+00 1.023585e-07
2.602491e+01 2.088426e+00 7.421017e-08
2.602491e+01 2.685505e+00 3.691091e-08
2.656541e+01 1.570796e-02 2.324858e-10
2.656541e+01 2.346256e-02 5.954027e-10
2.656541e+01 3.503514e-02 1.197215e-09
2.656541e+01 5.263151e-02 2.442777e-09
2.656541e+01 7.314235e-02 5.157484e-09
2.656541e+01 1.025928e-01 7.687185e-09
2.656541e+01 1.448116e-01 1.323089e-08
2.656541e+01 2.023460e-01 2.014217e-08
2.656541e+01 2.834245e-01 3.097582e-08
2.656541e+01 3.967448e-01 4.617864e-08
2.656541e+01 5.552783e-01 6.708331e-08
2.656541e+01 7.774819e-01 8.969037e-08
2.656541e+01 1.088445e+00 1.043349e-07
2.656541e+01 1.523711e+00 9.984149e-08
2.656541e+01 2.088426e+00 7.440994e-08
2.656541e+01 2.685505e+00 3.789845e-08
2.711672e+01 1.570796e-02 2.122084e-10
2.711672e+01 2.346256e-02 5.441953e-10
2.711672e+01 3.503514e-02 1.092644e-09
2.711672e+01 5.263151e-02 2.230199e-09
2.711672e+01 7.314235e-02 4.713576e-09
2.711672e+01 1.025928e-01 7.030421e-09
2.711672e+01 1.448116e-01 1.212151e-08
2.711672e+01 2.023460e-01 1.855306e-08
2.711672e+01 2.834245e-01 2.868617e-08
2.711672e+01 3.967448e-01 4.295036e-08
2.711672e+01 5.552783e-01 6.269299e-08
2.711672e+01 7.774819e-01 8.431722e-08
2.711672e+01 1.088445e+00 9.921464e-08
2.711672e+01 1.523711e+00 9.704289e-08
2.711672e+01 2.088426e+00 7.444464e-08
2.711672e+01 2.685505e+00 3.915157e-08
2.767905e+01 1.570796e-02 1.924136e-10
2.767905e+01 2.346256e-02 4.948207e-10
2.767905e+01 3.503514e-02 9.907798e-10
2.767905e+01 5.263151e-02 2.023709e-09
2.767905e+01 7.314235e-02 4.281585e-09
2.767905e+01 1.025928e-01 6.392964e-09
2.767905e+01 1.448116e-01 1.103413e-08
2.767905e+01 2.023460e-01 1.698294e-08
2.767905e+01 2.834245e-01 2.638867e-08
2.767905e+01 3.967448e-01 3.967800e-08
2.767905e+01 5.552783e-01 5.819603e-08
2.767905e+01 7.774819e-01 7.871925e-08
2.767905e+01 1.088445e+00 9.380881e-08
2.767905e+01 1.523711e+00 9.380752e-08
2.767905e+01 2.088426e+00 7.439150e-08
2.767905e+01 2.685505e+00 4.071719e-08
2.825263e+01 1.570796e-02 1.731902e-10
2.825263e+01 2.346256e-02 4.462863e-10
2.825263e+01 3.503514e-02 8.912990e-10
2.825263e+01 5.263151e-02 1.822262e-09
2.825263e+01 7.314235e-02 3.859906e-09
2.825263e+01 1.025928e-01 5.769147e-09
2.825263e+01 1.448116e-01 9.975916e-09
2.825263e+01 2.023460e-01 1.542983e-08
2.825263e+01 2.834245e-01 2.409465e-08
2.825263e+01 3.967448e-01 3.637666e-08
2.825263e+01 5.552783e-01 5.358145e-08
2.825263e+01 7.774819e-01 7.296989e-08
2.825263e+01 1.088445e+00 8.802104e-08
2.825263e+01 1.523711e+00 9.019473e-08
2.825263e+01 2.088426e+00 7.412816e-08
2.825263e+01 2.685505e+00 4.272530e-08
2.883769e+01 1.570796e-02 1.544236e-10
2.883769e+01 2.346256e-02 3.989173e-10
2.883769e+01 3.503514e-02 7.946073e-10
2.883769e+01 5.263151e-02 1.626501e-09
2.883769e+01 7.314235e-02 3.448568e-09
2.883769e+01 1.025928e-01 5.161987e-09
2.883769e+01 1.448116e-01 8.937729e-09
2.883769e+01 2.023460e-01 1.389444e-08
2.883769e+01 2.834245e-01 2.179547e-08
2.883769e+01 3.967448e-01 3.301586e-08
2.883769e+01 5.552783e-01 4.886408e-08
2.883769e+01 7.774819e-01 6.696805e-08
2.883769e+01 1.088445e+00 8.187979e-08
2.883769e+01 1.523711e+00 8.594185e-08
2.883769e+01 2.088426e+00 7.344266e-08
2.883769e+01 2.685505e+00 4.498567e-08
2.943444e+01 1.570796e-02 1.361200e-10
2.943444e+01 2.346256e-02 3.524819e-10
2.943444e+01 3.503514e-02 7.001456e-10
2.943444e+01 5.263151e-02 1.434952e-09
2.943444e+01 7.314235e-02 3.047490e-09
2.943444e+01 1.025928e-01 4.568454e-09
2.943444e+01 1.448116e-01 7.920027e-09
2.943444e+01 2.023460e-01 1.237392e-08
2.943444e+01 2.834245e-01 1.949026e-08
2.943444e+01 3.967448e-01 2.961949e-08
2.943444e+01 5.552783e-01 4.403641e-08
2.943444e+01 7.774819e-01 6.075601e-08
2.943444e+01 1.088445e+00 7.531058e-08
2.943444e+01 1.523711e+00 8.111919e-08
2.943444e+01 2.088426e+00 7.228256e-08
2.943444e+01 2.685505e+00 4.752901e-08
3.004313e+01 1.570796e-02 1.182274e-10
3.004313e+01 2.346256e-02 3.071669e-10
3.004313e+01 3.503514e-02 6.084137e-10
3.004313e+01 5.263151e-02 1.248446e-09
3.004313e+01 7.314235e-02 2.655649e-09
3.004313e+01 1.025928e-01 3.986796e-09
3.004313e+01 1.448116e-01 6.920619e-09
3.004313e+01 2.023460e-01 1.086493e-08
3.004313e+01 2.834245e-01 1.718573e-08
3.004313e+01 3.967448e-01 2.618342e-08
3.004313e+01 5.552783e-01 3.910477e-08
3.004313e+01 7.774819e-01 5.428281e-08
3.004313e+01 1.088445e+00 6.824444e-08
3.004313e+01 1.523711e+00 7.544482e-08
3.004313e+01 2.088426e+00 7.038562e-08
3.004313e+01 2.685505e+00 4.993134e-08
3.066399e+01 1.570796e-02 1.009760e-10
3.066399e+01 2.346256e-02 2.630298e-10
3.066399e+01 3.503514e-02 5.188802e-10
3.066399e+01 5.263151e-02 1.066558e-09
3.066399e+01 7.314235e-02 2.272534e-09
3.066399e+01 1.025928e-01 3.416550e-09
3.066399e+01 1.448116e-01 5.940176e-09
3.066399e+01 2.023460e-01 9.371074e-09
3.066399e+01 2.834245e-01 1.487657e-08
3.066399e+01 3.967448e-01 2.271493e-08
3.066399e+01 5.552783e-01 3.407178e-08
3.066399e+01 7.774819e-01 4.760160e-08
3.066399e+01 1.088445e+00 6.070976e-08
3.066399e+01 1.523711e+00 6.900597e-08
3.066399e+01 2.088426e+00 6.754694e-08
3.066399e+01 2.685505e+00 5.199095e-08
3.129727e+01 1.570796e-02 8.406081e-11
3.129727e+01 2.346256e-02 2.199590e-10
3.129727e+01 3.503514e-02 4.318948e-10
3.129727e+01 5.263151e-02 8.895149e-10
3.129727e+01 7.314235e-02 1.898403e-09
3.129727e+01 1.025928e-01 2.858892e-09
3.129727e+01 1.448116e-01 4.977810e-09
3.129727e+01 2.023460e-01 7.886103e-09
3.129727e+01 2.834245e-01 1.256339e-08
3.129727e+01 3.967448e-01 1.922366e-08
3.129727e+01 5.552783e-01 2.895021e-08
3.129727e+01 7.774819e-01 4.068332e-08
3.129727e+01 1.088445e+00 5.265284e-08
3.129727e+01 1.523711e+00 6.160267e-08
3.129727e+01 2.088426e+00 6.346591e-08
3.129727e+01 2.685505e+00 5.315782e-08
3.194322e+01 1.570796e-02 6.767589e-11
3.194322e+01 2.346256e-02 1.774274e-10
3.194322e+01 3.503514e-02 3.471055e-10
3.194322e+01 5.263151e-02 7.166179e-10
3.194322e+01 7.314235e-02 1.532551e-09
3.194322e+01 1.025928e-01 2.311218e-09
3.194322e+01 1.448116e-01 4.030320e-09
3.194322e+01 2.023460e-01 6.412544e-09
3.194322e+01 2.834245e-01 1.024626e-08
3.194322e+01 3.967448e-01 1.570601e-08
3.194322e+01 5.552783e-01 2.374453e-08
3.194322e+01 7.774819e-01 3.358677e-08
3.194322e+01 1.088445e+00 4.407852e-08
3.194322e+01 1.523711e+00 5.314500e-08
3.194322e+01 2.088426e+00 5.775386e-08
3.194322e+01 2.685505e+00 5.296319e-08
3.260208e+01 1.570796e-02 5.175191e-11
3.260208e+01 2.346256e-02 1.361916e-10
3.260208e+01 3.503514e-02 2.649764e-10
3.260208e+01 5.263151e-02 5.484828e-10
3.260208e+01 7.314235e-02 1.175633e-09
3.260208e+01 1.025928e-01 1.775688e-09
3.260208e+01 1.448116e-01 3.100578e-09
3.260208e+01 2.023460e-01 4.952219e-09
3.260208e+01 2.834245e-01 7.935104e-09
3.260208e+01 3.967448e-01 1.218240e-08
3.260208e+01 5.552783e-01 1.846886e-08
3.260208e+01 7.774819e-01 2.629793e-08
3.260208e+01 1.088445e+00 3.496870e-08
3.260208e+01 1.523711e+00 4.345682e-08
3.260208e+01 2.088426e+00 4.999858e-08
3.260208e+01 2.685505e+00 5.022089e-08
3.327412e+01 1.570796e-02 3.618588e-11
3.327412e+01 2.346256e-02 9.566296e-11
3.327412e+01 3.503514e-02 1.853063e-10
3.327412e+01 5.263151e-02 3.842728e-10
3.327412e+01 7.314235e-02 8.253226e-10
3.327412e+01 1.025928e-01 1.248841e-09
3.327412e+01 1.448116e-01 2.184338e-09
3.327412e+01 2.023460e-01 3.502898e-09
3.327412e+01 2.834245e-01 5.628548e-09
3.327412e+01 3.967448e-01 8.650505e-09
3.327412e+01 5.552783e-01 1.316408e-08
3.327412e+01 7.774819e-01 1.885714e-08
3.327412e+01 1.088445e+00 2.539469e-08
3.327412e+01 1.523711e+00 3.253876e-08
3.327412e+01 2.088426e+00 3.974233e-08
3.327412e+01 2.685505e+00 4.368993e-08
3.395961e+01 1.570796e-02 2.206495e-11
3.395961e+01 2.346256e-02 5.848461e-11
3.395961e+01 3.503514e-02 1.127273e-10
3.395961e+01 5.263151e-02 2.345064e-10
3.395961e+01 7.314235e-02 5.047464e-10
3.395961e+01 1.025928e-01 7.637035e-10
3.395961e+01 1.448116e-01 1.333609e-09
3.395961e+01 2.023460e-01 2.134478e-09
3.395961e+01 2.834245e-01 3.418107e-09
3.395961e+01 3.967448e-01 5.223447e-09
3.395961e+01 5.552783e-01 7.914157e-09
3.395961e+01 7.774819e-01 1.134429e-08
3.395961e+01 1.088445e+00 1.540213e-08
3.395961e+01 1.523711e+00 2.027831e-08
3.395961e+01 2.088426e+00 2.616415e-08
3.395961e+01 2.685505e+00 3.098469e-08
3.465880e+01 1.570796e-02 7.087460e-12
3.465880e+01 2.346256e-02 1.631733e-11
3.465880e+01 3.503514e-02 3.720051e-11
3.465880e+01 5.263151e-02 7.113165e-11
3.465880e+01 7.314235e-02 1.565362e-10
3.465880e+01 1.025928e-01 2.358655e-10
3.465880e+01 1.448116e-01 4.134332e-10
3.465880e+01 2.023460e-01 6.729414e-10
3.465880e+01 2.834245e-01 1.090463e-09
3.465880e+01 3.967448e-01 1.684443e-09
3.465880e+01 5.552783e-01 2.569175e-09
3.465880e+01 7.774819e-01 3.719182e-09
3.465880e+01 1.088445e+00 5.124300e-09
3.465880e+01 1.523711e+00 6.932460e-09
3.465880e+01 2.088426e+00 9.444644e-09
3.465880e+01 2.685505e+00 1.211935e-08
3.537197e+01 1.570796e-02 0.000000e+00
3.537197e+01 2.346256e-02 0.000000e+00
3.537197e+01 3.503514e-02 0.000000e+00
3.537197e+01 5.263151e-02 0.000000e+00
3.537197e+01 7.314235e-02 0.000000e+00
3.537197e+01 1.025928e-01 0.000000e+00
3.537197e+01 1.448116e-01 0.000000e+00
3.537197e+01 2.023460e-01 0.000000e+00
3.537197e+01 2.834245e-01 0.000000e+00
3.537197e+01 3.967448e-01 0.000000e+00
3.537197e+01 5.552783e-01 0.000000e+00
3.537197e+01 7.774819e-01 0.000000e+00
3.537197e+01 1.088445e+00 0.000000e+00
3.537197e+01 1.523711e+00 0.000000e+00
3.537197e+01 2.088426e+00 0.000000e+00
3.537197e+01 2.685505e+00 0.000000e+00
