5.000000e+00 1.570796e-02 0.000000e+00
5.000000e+00 2.346256e-02 0.000000e+00
5.000000e+00 3.503514e-02 0.000000e+00
5.000000e+00 5.263151e-02 0.000000e+00
5.000000e+00 7.314235e-02 0.000000e+00
5.000000e+00 1.025928e-01 0.000000e+00
5.000000e+00 1.448116e-01 0.000000e+00
5.000000e+00 2.023460e-01 0.000000e+00
5.000000e+00 2.834245e-01 0.000000e+00
5.000000e+00 3.967448e-01 0.000000e+00
5.000000e+00 5.552783e-01 0.000000e+00
5.000000e+00 7.774819e-01 0.000000e+00
5.000000e+00 1.088445e+00 0.000000e+00
5.000000e+00 1.523711e+00 0.000000e+00
5.000000e+00 2.088426e+00 0.000000e+00
5.000000e+00 2.685505e+00 0.000000e+00
5.120000e+00 1.570796e-02 0.000000e+00
5.120000e+00 2.346256e-02 0.000000e+00
5.120000e+00 3.503514e-02 0.000000e+00
5.120000e+00 5.263151e-02 0.000000e+00
5.120000e+00 7.314235e-02 0.000000e+00
5.120000e+00 1.025928e-01 0.000000e+00
5.120000e+00 1.448116e-01 0.000000e+00
5.120000e+00 2.023460e-01 0.000000e+00
5.120000e+00 2.834245e-01 0.000000e+00
5.120000e+00 3.967448e-01 0.000000e+00
5.120000e+00 5.552783e-01 0.000000e+00
5.120000e+00 7.774819e-01 0.000000e+00
5.120000e+00 1.088445e+00 0.000000e+00
5.120000e+00 1.523711e+00 0.000000e+00
5.120000e+00 2.088426e+00 0.000000e+00
5.120000e+00 2.685505e+00 0.000000e+00
5.242400e+00 1.570796e-02 0.000000e+00
5.242400e+00 2.346256e-02 0.000000e+00
5.242400e+00 3.503514e-02 0.000000e+00
5.242400e+00 5.263151e-02 0.000000e+00
5.242400e+00 7.314235e-02 0.000000e+00
5.242400e+00 1.025928e-01 0.000000e+00
5.242400e+00 1.448116e-01 0.000000e+00
5.242400e+00 2.023460e-01 0.000000e+00
5.242400e+00 2.834245e-01 0.000000e+00
5.242400e+00 3.967448e-01 0.000000e+00
5.242400e+00 5.552783e-01 0.000000e+00
5.242400e+00 7.774819e-01 0.000000e+00
5.242400e+00 1.088445e+00 0.000000e+00
5.242400e+00 1.523711e+00 0.000000e+00
5.242400e+00 2.088426e+00 0.000000e+00
5.242400e+00 2.685505e+00 0.000000e+00
5.367248e+00 1.570796e-02 0.000000e+00
5.367248e+00 2.346256e-02 0.000000e+00
5.367248e+00 3.503514e-02 0.000000e+00
5.367248e+00 5.263151e-02 0.000000e+00
5.367248e+00 7.314235e-02 0.000000e+00
5.367248e+00 1.025928e-01 0.000000e+00
5.367248e+00 1.448116e-01 0.000000e+00
5.367248e+00 2.023460e-01 0.000000e+00
5.367248e+00 2.834245e-01 0.000000e+00
5.367248e+00 3.967448e-01 0.000000e+00
5.367248e+00 5.552783e-01 0.000000e+00
5.367248e+00 7.774819e-01 0.000000e+00
5.367248e+00 1.088445e+00 0.000000e+00
5.367248e+00 1.523711e+00 0.000000e+00
5.367248e+00 2.088426e+00 0.000000e+00
5.367248e+00 2.685505e+00 0.000000e+00
5.494593e+00 1.570796e-02 0.000000e+00
5.494593e+00 2.346256e-02 0.000000e+00
5.494593e+00 3.503514e-02 0.000000e+00
5.494593e+00 5.263151e-02 0.000000e+00
5.494593e+00 7.314235e-02 0.000000e+00
5.494593e+00 1.025928e-01 0.000000e+00
5.494593e+00 1.448116e-01 0.000000e+00
5.494593e+00 2.023460e-01 0.000000e+00
5.494593e+00 2.834245e-01 0.000000e+00
5.494593e+00 3.967448e-01 0.000000e+00
5.494593e+00 5.552783e-01 0.000000e+00
5.494593e+00 7.774819e-01 0.000000e+00
5.494593e+00 1.088445e+00 0.000000e+00
5.494593e+00 1.523711e+00 0.000000e+00
5.494593e+00 2.088426e+00 0.000000e+00
5.494593e+00 2.685505e+00 0.000000e+00
5.624485e+00 1.570796e-02 0.000000e+00
5.624485e+00 2.346256e-02 0.000000e+00
5.624485e+00 3.503514e-02 0.000000e+00
5.624485e+00 5.263151e-02 0.000000e+00
5.624485e+00 7.314235e-02 0.000000e+00
5.624485e+00 1.025928e-01 0.000000e+00
5.624485e+00 1.448116e-01 0.000000e+00
5.624485e+00 2.023460e-01 0.000000e+00
5.624485e+00 2.834245e-01 0.000000e+00
5.624485e+00 3.967448e-01 0.000000e+00
5.624485e+00 5.552783e-01 0.000000e+00
5.624485e+00 7.774819e-01 0.000000e+00
5.624485e+00 1.088445e+00 0.000000e+00
5.624485e+00 1.523711e+00 0.000000e+00
5.624485e+00 2.088426e+00 0.000000e+00
5.624485e+00 2.685505e+00 0.000000e+00
5.756975e+00 1.570796e-02 0.000000e+00
5.756975e+00 2.346256e-02 0.000000e+00
5.756975e+00 3.503514e-02 0.000000e+00
5.756975e+00 5.263151e-02 0.000000e+00
5.756975e+00 7.314235e-02 0.000000e+00
5.756975e+00 1.025928e-01 0.000000e+00
5.756975e+00 1.448116e-01 0.000000e+00
5.756975e+00 2.023460e-01 0.000000e+00
5.756975e+00 2.834245e-01 0.000000e+00
5.756975e+00 3.967448e-01 0.000000e+00
5.756975e+00 5.552783e-01 0.000000e+00
5.756975e+00 7.774819e-01 0.000000e+00
5.756975e+00 1.088445e+00 0.000000e+00
5.756975e+00 1.523711e+00 0.000000e+00
5.756975e+00 2.088426e+00 0.000000e+00
5.756975e+00 2.685505e+00 0.000000e+00
5.892114e+00 1.570796e-02 0.000000e+00
5.892114e+00 2.346256e-02 0.000000e+00
5.892114e+00 3.503514e-02 0.000000e+00
5.892114e+00 5.263151e-02 0.000000e+00
5.892114e+00 7.314235e-02 0.000000e+00
5.892114e+00 1.025928e-01 0.000000e+00
5.892114e+00 1.448116e-01 0.000000e+00
5.892114e+00 2.023460e-01 0.000000e+00
5.892114e+00 2.834245e-01 0.000000e+00
5.892114e+00 3.967448e-01 0.000000e+00
5.892114e+00 5.552783e-01 0.000000e+00
5.892114e+00 7.774819e-01 0.000000e+00
5.892114e+00 1.088445e+00 0.000000e+00
5.892114e+00 1.523711e+00 0.000000e+00
5.892114e+00 2.088426e+00 0.000000e+00
5.892114e+00 2.685505e+00 0.000000e+00
6.029956e+00 1.570796e-02 0.000000e+00
6.029956e+00 2.346256e-02 0.000000e+00
6.029956e+00 3.503514e-02 0.000000e+00
6.029956e+00 5.263151e-02 0.000000e+00
6.029956e+00 7.314235e-02 0.000000e+00
6.029956e+00 1.025928e-01 0.000000e+00
6.029956e+00 1.448116e-01 0.000000e+00
6.029956e+00 2.023460e-01 0.000000e+00
6.029956e+00 2.834245e-01 0.000000e+00
6.029956e+00 3.967448e-01 0.000000e+00
6.029956e+00 5.552783e-01 0.000000e+00
6.029956e+00 7.774819e-01 0.000000e+00
6.029956e+00 1.088445e+00 0.000000e+00
6.029956e+00 1.523711e+00 0.000000e+00
6.029956e+00 2.088426e+00 0.000000e+00
6.029956e+00 2.685505e+00 0.000000e+00
6.170555e+00 1.570796e-02 0.000000e+00
6.170555e+00 2.346256e-02 0.000000e+00
6.170555e+00 3.503514e-02 0.000000e+00
6.170555e+00 5.263151e-02 0.000000e+00
6.170555e+00 7.314235e-02 0.000000e+00
6.170555e+00 1.025928e-01 0.000000e+00
6.170555e+00 1.448116e-01 0.000000e+00
6.170555e+00 2.023460e-01 0.000000e+00
6.170555e+00 2.834245e-01 0.000000e+00
6.170555e+00 3.967448e-01 0.000000e+00
6.170555e+00 5.552783e-01 0.000000e+00
6.170555e+00 7.774819e-01 0.000000e+00
6.170555e+00 1.088445e+00 0.000000e+00
6.170555e+00 1.523711e+00 0.000000e+00
6.170555e+00 2.088426e+00 0.000000e+00
6.170555e+00 2.685505e+00 0.000000e+00
6.313967e+00 1.570796e-02 0.000000e+00
6.313967e+00 2.346256e-02 0.000000e+00
6.313967e+00 3.503514e-02 0.000000e+00
6.313967e+00 5.263151e-02 0.000000e+00
6.313967e+00 7.314235e-02 0.000000e+00
6.313967e+00 1.025928e-01 0.000000e+00
6.313967e+00 1.448116e-01 0.000000e+00
6.313967e+00 2.023460e-01 0.000000e+00
6.313967e+00 2.834245e-01 0.000000e+00
6.313967e+00 3.967448e-01 0.000000e+00
6.313967e+00 5.552783e-01 0.000000e+00
6.313967e+00 7.774819e-01 0.000000e+00
6.313967e+00 1.088445e+00 0.000000e+00
6.313967e+00 1.523711e+00 0.000000e+00
6.313967e+00 2.088426e+00 0.000000e+00
6.313967e+00 2.685505e+00 0.000000e+00
6.460246e+00 1.570796e-02 -5.168219e-05
6.460246e+00 2.346256e-02 -3.743256e-05
6.460246e+00 3.503514e-02 -7.719484e-05
6.460246e+00 5.263151e-02 -9.548507e-05
6.460246e+00 7.314235e-02 -1.035856e-04
6.460246e+00 1.025928e-01 -3.223650e-05
6.460246e+00 1.448116e-01 -1.190737e-04
6.460246e+00 2.023460e-01 -5.793037e-05
6.460246e+00 2.834245e-01 -7.550446e-05
6.460246e+00 3.967448e-01 -6.139503e-05
6.460246e+00 5.552783e-01 -4.376054e-05
6.460246e+00 7.774819e-01 -4.082053e-05
6.460246e+00 1.088445e+00 -3.816651e-05
6.460246e+00 1.523711e+00 -3.951390e-05
6.460246e+00 2.088426e+00 -4.342507e-05
6.460246e+00 2.685505e+00 -4.293770e-05
6.609451e+00 1.570796e-02 -1.700652e-04
6.609451e+00 2.346256e-02 -1.446416e-04
6.609451e+00 3.503514e-02 -2.113650e-04
6.609451e+00 5.263151e-02 -3.298347e-04
6.609451e+00 7.314235e-02 -3.897976e-04
6.609451e+00 1.025928e-01 -2.172464e-04
6.609451e+00 1.448116e-01 -2.920279e-04
6.609451e+00 2.023460e-01 -3.254766e-04
6.609451e+00 2.834245e-01 -3.705061e-04
6.609451e+00 3.967448e-01 -2.512184e-04
6.609451e+00 5.552783e-01 -2.311822e-04
6.609451e+00 7.774819e-01 -2.079152e-04
6.609451e+00 1.088445e+00 -1.801711e-04
6.609451e+00 1.523711e+00 -1.877159e-04
6.609451e+00 2.088426e+00 -1.990958e-04
6.609451e+00 2.685505e+00 -2.037043e-04
6.761640e+00 1.570796e-02 -4.106692e-04
6.761640e+00 2.346256e-02 -4.410279e-04
6.761640e+00 3.503514e-02 -6.695928e-04
6.761640e+00 5.263151e-02 -1.186067e-03
6.761640e+00 7.314235e-02 -1.454772e-03
6.761640e+00 1.025928e-01 -1.198683e-03
6.761640e+00 1.448116e-01 -1.581320e-03
6.761640e+00 2.023460e-01 -1.426689e-03
6.761640e+00 2.834245e-01 -1.519082e-03
6.761640e+00 3.967448e-01 -1.114725e-03
6.761640e+00 5.552783e-01 -1.008943e-03
6.761640e+00 7.774819e-01 -9.078638e-04
6.761640e+00 1.088445e+00 -7.781973e-04
6.761640e+00 1.523711e+00 -7.691264e-04
6.761640e+00 2.088426e+00 -8.190653e-04
6.761640e+00 2.685505e+00 -8.297365e-04
6.916873e+00 1.570796e-02 -6.883420e-04
6.916873e+00 2.346256e-02 -1.150771e-03
6.916873e+00 3.503514e-02 -1.742402e-03
6.916873e+00 5.263151e-02 -2.818597e-03
6.916873e+00 7.314235e-02 -4.410969e-03
6.916873e+00 1.025928e-01 -3.237924e-03
6.916873e+00 1.448116e-01 -3.974044e-03
6.916873e+00 2.023460e-01 -4.021376e-03
6.916873e+00 2.834245e-01 -3.953613e-03
6.916873e+00 3.967448e-01 -3.269324e-03
6.916873e+00 5.552783e-01 -2.972000e-03
6.916873e+00 7.774819e-01 -2.561939e-03
6.916873e+00 1.088445e+00 -2.202864e-03
6.916873e+00 1.523711e+00 -2.163002e-03
6.916873e+00 2.088426e+00 -2.271035e-03
6.916873e+00 2.685505e+00 -2.273666e-03
7.075210e+00 1.570796e-02 -7.598292e-04
7.075210e+00 2.346256e-02 -1.764501e-03
7.075210e+00 3.503514e-02 -3.185937e-03
7.075210e+00 5.263151e-02 -4.739111e-03
7.075210e+00 7.314235e-02 -7.717483e-03
7.075210e+00 1.025928e-01 -6.560502e-03
7.075210e+00 1.448116e-01 -7.591905e-03
7.075210e+00 2.023460e-01 -7.933974e-03
7.075210e+00 2.834245e-01 -7.661470e-03
7.075210e+00 3.967448e-01 -6.633541e-03
7.075210e+00 5.552783e-01 -5.955846e-03
7.075210e+00 7.774819e-01 -5.116687e-03
7.075210e+00 1.088445e+00 -4.374204e-03
7.075210e+00 1.523711e+00 -4.205765e-03
7.075210e+00 2.088426e+00 -4.413111e-03
7.075210e+00 2.685505e+00 -4.430254e-03
7.236714e+00 1.570796e-02 -8.055719e-04
7.236714e+00 2.346256e-02 -2.117152e-03
7.236714e+00 3.503514e-02 -4.126874e-03
7.236714e+00 5.263151e-02 -6.458638e-03
7.236714e+00 7.314235e-02 -1.080012e-02
7.236714e+00 1.025928e-01 -1.058037e-02
7.236714e+00 1.448116e-01 -1.268138e-02
7.236714e+00 2.023460e-01 -1.304688e-02
7.236714e+00 2.834245e-01 -1.286032e-02
7.236714e+00 3.967448e-01 -1.106324e-02
7.236714e+00 5.552783e-01 -1.002607e-02
7.236714e+00 7.774819e-01 -8.580231e-03
7.236714e+00 1.088445e+00 -7.314541e-03
7.236714e+00 1.523711e+00 -6.884324e-03
7.236714e+00 2.088426e+00 -7.206804e-03
7.236714e+00 2.685505e+00 -7.140880e-03
7.401449e+00 1.570796e-02 -8.238981e-04
7.401449e+00 2.346256e-02 -2.092958e-03
7.401449e+00 3.503514e-02 -4.482031e-03
7.401449e+00 5.263151e-02 -7.690128e-03
7.401449e+00 7.314235e-02 -1.307638e-02
7.401449e+00 1.025928e-01 -1.441816e-02
7.401449e+00 1.448116e-01 -1.753104e-02
7.401449e+00 2.023460e-01 -1.824927e-02
7.401449e+00 2.834245e-01 -1.808532e-02
7.401449e+00 3.967448e-01 -1.610343e-02
7.401449e+00 5.552783e-01 -1.460499e-02
7.401449e+00 7.774819e-01 -1.248782e-02
7.401449e+00 1.088445e+00 -1.061910e-02
7.401449e+00 1.523711e+00 -9.812272e-03
7.401449e+00 2.088426e+00 -1.012342e-02
7.401449e+00 2.685505e+00 -9.913234e-03
7.569477e+00 1.570796e-02 -8.203652e-04
7.569477e+00 2.346256e-02 -1.949558e-03
7.569477e+00 3.503514e-02 -4.384790e-03
7.569477e+00 5.263151e-02 -7.900658e-03
7.569477e+00 7.314235e-02 -1.421241e-02
7.569477e+00 1.025928e-01 -1.706073e-02
7.569477e+00 1.448116e-01 -2.211894e-02
7.569477e+00 2.023460e-01 -2.307897e-02
7.569477e+00 2.834245e-01 -2.310825e-02
7.569477e+00 3.967448e-01 -2.115442e-02
7.569477e+00 5.552783e-01 -1.913057e-02
7.569477e+00 7.774819e-01 -1.647159e-02
7.569477e+00 1.088445e+00 -1.392465e-02
7.569477e+00 1.523711e+00 -1.283072e-02
7.569477e+00 2.088426e+00 -1.296540e-02
7.569477e+00 2.685505e+00 -1.246729e-02
7.740867e+00 1.570796e-02 -7.459606e-04
7.740867e+00 2.346256e-02 -1.821390e-03
7.740867e+00 3.503514e-02 -4.043541e-03
7.740867e+00 5.263151e-02 -7.631557e-03
7.740867e+00 7.314235e-02 -1.429169e-02
7.740867e+00 1.025928e-01 -1.844598e-02
7.740867e+00 1.448116e-01 -2.480360e-02
7.740867e+00 2.023460e-01 -2.679438e-02
7.740867e+00 2.834245e-01 -2.730375e-02
7.740867e+00 3.967448e-01 -2.555679e-02
7.740867e+00 5.552783e-01 -2.327708e-02
7.740867e+00 7.774819e-01 -1.999029e-02
7.740867e+00 1.088445e+00 -1.699496e-02
7.740867e+00 1.523711e+00 -1.545416e-02
7.740867e+00 2.088426e+00 -1.536256e-02
7.740867e+00 2.685505e+00 -1.466658e-02
7.915684e+00 1.570796e-02 -6.544744e-04
7.915684e+00 2.346256e-02 -1.627074e-03
7.915684e+00 3.503514e-02 -3.717130e-03
7.915684e+00 5.263151e-02 -7.152423e-03
7.915684e+00 7.314235e-02 -1.366216e-02
7.915684e+00 1.025928e-01 -1.867683e-02
7.915684e+00 1.448116e-01 -2.603424e-02
7.915684e+00 2.023460e-01 -2.912304e-02
7.915684e+00 2.834245e-01 -3.026237e-02
7.915684e+00 3.967448e-01 -2.891222e-02
7.915684e+00 5.552783e-01 -2.663562e-02
7.915684e+00 7.774819e-01 -2.300291e-02
7.915684e+00 1.088445e+00 -1.951279e-02
7.915684e+00 1.523711e+00 -1.762054e-02
7.915684e+00 2.088426e+00 -1.733508e-02
7.915684e+00 2.685505e+00 -1.640220e-02
8.093998e+00 1.570796e-02 -5.794286e-04
8.093998e+00 2.346256e-02 -1.474483e-03
8.093998e+00 3.503514e-02 -3.274442e-03
8.093998e+00 5.263151e-02 -6.473244e-03
8.093998e+00 7.314235e-02 -1.261812e-02
8.093998e+00 1.025928e-01 -1.799509e-02
8.093998e+00 1.448116e-01 -2.605601e-02
8.093998e+00 2.023460e-01 -3.008378e-02
8.093998e+00 2.834245e-01 -3.205665e-02
8.093998e+00 3.967448e-01 -3.138535e-02
8.093998e+00 5.552783e-01 -2.923873e-02
8.093998e+00 7.774819e-01 -2.551667e-02
8.093998e+00 1.088445e+00 -2.157546e-02
8.093998e+00 1.523711e+00 -1.939419e-02
8.093998e+00 2.088426e+00 -1.891094e-02
8.093998e+00 2.685505e+00 -1.766833e-02
8.275878e+00 1.570796e-02 -5.190762e-04
8.275878e+00 2.346256e-02 -1.324779e-03
8.275878e+00 3.503514e-02 -2.815397e-03
8.275878e+00 5.263151e-02 -5.780911e-03
8.275878e+00 7.314235e-02 -1.143704e-02
8.275878e+00 1.025928e-01 -1.672984e-02
8.275878e+00 1.448116e-01 -2.518424e-02
8.275878e+00 2.023460e-01 -2.997681e-02
8.275878e+00 2.834245e-01 -3.284687e-02
8.275878e+00 3.967448e-01 -3.288156e-02
8.275878e+00 5.552783e-01 -3.102522e-02
8.275878e+00 7.774819e-01 -2.737813e-02
8.275878e+00 1.088445e+00 -2.326748e-02
8.275878e+00 1.523711e+00 -2.081403e-02
8.275878e+00 2.088426e+00 -2.024043e-02
8.275878e+00 2.685505e+00 -1.876216e-02
8.461396e+00 1.570796e-02 -4.609074e-04
8.461396e+00 2.346256e-02 -1.182830e-03
8.461396e+00 3.503514e-02 -2.425251e-03
8.461396e+00 5.263151e-02 -5.116925e-03
8.461396e+00 7.314235e-02 -1.018618e-02
8.461396e+00 1.025928e-01 -1.527212e-02
8.461396e+00 1.448116e-01 -2.356856e-02
8.461396e+00 2.023460e-01 -2.897075e-02
8.461396e+00 2.834245e-01 -3.266129e-02
8.461396e+00 3.967448e-01 -3.342343e-02
8.461396e+00 5.552783e-01 -3.205831e-02
8.461396e+00 7.774819e-01 -2.854880e-02
8.461396e+00 1.088445e+00 -2.443472e-02
8.461396e+00 1.523711e+00 -2.181554e-02
8.461396e+00 2.088426e+00 -2.111911e-02
8.461396e+00 2.685505e+00 -1.945342e-02
8.650623e+00 1.570796e-02 -4.050955e-04
8.650623e+00 2.346256e-02 -1.056330e-03
8.650623e+00 3.503514e-02 -2.124743e-03
8.650623e+00 5.263151e-02 -4.497719e-03
8.650623e+00 7.314235e-02 -8.982824e-03
8.650623e+00 1.025928e-01 -1.363218e-02
8.650623e+00 1.448116e-01 -2.147755e-02
8.650623e+00 2.023460e-01 -2.727383e-02
8.650623e+00 2.834245e-01 -3.168981e-02
8.650623e+00 3.967448e-01 -3.324903e-02
8.650623e+00 5.552783e-01 -3.240736e-02
8.650623e+00 7.774819e-01 -2.920233e-02
8.650623e+00 1.088445e+00 -2.518672e-02
8.650623e+00 1.523711e+00 -2.250174e-02
8.650623e+00 2.088426e+00 -2.169264e-02
8.650623e+00 2.685505e+00 -1.991911e-02
8.843636e+00 1.570796e-02 -3.479509e-04
8.843636e+00 2.346256e-02 -9.367626e-04
8.843636e+00 3.503514e-02 -1.861564e-03
8.843636e+00 5.263151e-02 -3.939810e-03
8.843636e+00 7.314235e-02 -7.874421e-03
8.843636e+00 1.025928e-01 -1.199801e-02
8.843636e+00 1.448116e-01 -1.928778e-02
8.843636e+00 2.023460e-01 -2.520957e-02
8.843636e+00 2.834245e-01 -3.020781e-02
8.843636e+00 3.967448e-01 -3.243503e-02
8.843636e+00 5.552783e-01 -3.216726e-02
8.843636e+00 7.774819e-01 -2.938980e-02
8.843636e+00 1.088445e+00 -2.554334e-02
8.843636e+00 1.523711e+00 -2.289406e-02
8.843636e+00 2.088426e+00 -2.204497e-02
8.843636e+00 2.685505e+00 -2.012276e-02
9.040509e+00 1.570796e-02 -2.953145e-04
9.040509e+00 2.346256e-02 -8.311379e-04
9.040509e+00 3.503514e-02 -1.623228e-03
9.040509e+00 5.263151e-02 -3.434202e-03
9.040509e+00 7.314235e-02 -6.870673e-03
9.040509e+00 1.025928e-01 -1.047807e-02
9.040509e+00 1.448116e-01 -1.710836e-02
9.040509e+00 2.023460e-01 -2.294038e-02
9.040509e+00 2.834245e-01 -2.827403e-02
9.040509e+00 3.967448e-01 -3.107070e-02
9.040509e+00 5.552783e-01 -3.133738e-02
9.040509e+00 7.774819e-01 -2.904651e-02
9.040509e+00 1.088445e+00 -2.549311e-02
9.040509e+00 1.523711e+00 -2.297822e-02
9.040509e+00 2.088426e+00 -2.213704e-02
9.040509e+00 2.685505e+00 -2.015610e-02
9.241319e+00 1.570796e-02 -2.512172e-04
9.241319e+00 2.346256e-02 -7.319951e-04
9.241319e+00 3.503514e-02 -1.417757e-03
9.241319e+00 5.263151e-02 -2.979741e-03
9.241319e+00 7.314235e-02 -5.967526e-03
9.241319e+00 1.025928e-01 -9.102025e-03
9.241319e+00 1.448116e-01 -1.504508e-02
9.241319e+00 2.023460e-01 -2.062764e-02
9.241319e+00 2.834245e-01 -2.605929e-02
9.241319e+00 3.967448e-01 -2.928759e-02
9.241319e+00 5.552783e-01 -3.006958e-02
9.241319e+00 7.774819e-01 -2.828104e-02
9.241319e+00 1.088445e+00 -2.509992e-02
9.241319e+00 1.523711e+00 -2.276595e-02
9.241319e+00 2.088426e+00 -2.194218e-02
9.241319e+00 2.685505e+00 -1.990834e-02
9.446145e+00 1.570796e-02 -2.165254e-04
9.446145e+00 2.346256e-02 -6.424552e-04
9.446145e+00 3.503514e-02 -1.237637e-03
9.446145e+00 5.263151e-02 -2.584213e-03
9.446145e+00 7.314235e-02 -5.168112e-03
9.446145e+00 1.025928e-01 -7.890310e-03
9.446145e+00 1.448116e-01 -1.312736e-02
9.446145e+00 2.023460e-01 -1.834554e-02
9.446145e+00 2.834245e-01 -2.367404e-02
9.446145e+00 3.967448e-01 -2.720431e-02
9.446145e+00 5.552783e-01 -2.847727e-02
9.446145e+00 7.774819e-01 -2.720672e-02
9.446145e+00 1.088445e+00 -2.445197e-02
9.446145e+00 1.523711e+00 -2.234847e-02
9.446145e+00 2.088426e+00 -2.161143e-02
9.446145e+00 2.685505e+00 -1.949327e-02
9.655068e+00 1.570796e-02 -1.863404e-04
9.655068e+00 2.346256e-02 -5.558683e-04
9.655068e+00 3.503514e-02 -1.077464e-03
9.655068e+00 5.263151e-02 -2.232010e-03
9.655068e+00 7.314235e-02 -4.464392e-03
9.655068e+00 1.025928e-01 -6.846986e-03
9.655068e+00 1.448116e-01 -1.141018e-02
9.655068e+00 2.023460e-01 -1.613513e-02
9.655068e+00 2.834245e-01 -2.122535e-02
9.655068e+00 3.967448e-01 -2.490710e-02
9.655068e+00 5.552783e-01 -2.657286e-02
9.655068e+00 7.774819e-01 -2.579420e-02
9.655068e+00 1.088445e+00 -2.353849e-02
9.655068e+00 1.523711e+00 -2.174984e-02
9.655068e+00 2.088426e+00 -2.111990e-02
9.655068e+00 2.685505e+00 -1.903536e-02
9.868170e+00 1.570796e-02 -1.608873e-04
9.868170e+00 2.346256e-02 -4.793252e-04
9.868170e+00 3.503514e-02 -9.370091e-04
9.868170e+00 5.263151e-02 -1.926248e-03
9.868170e+00 7.314235e-02 -3.854013e-03
9.868170e+00 1.025928e-01 -5.933238e-03
9.868170e+00 1.448116e-01 -9.867170e-03
9.868170e+00 2.023460e-01 -1.407281e-02
9.868170e+00 2.834245e-01 -1.881712e-02
9.868170e+00 3.967448e-01 -2.251641e-02
9.868170e+00 5.552783e-01 -2.450468e-02
9.868170e+00 7.774819e-01 -2.420341e-02
9.868170e+00 1.088445e+00 -2.244762e-02
9.868170e+00 1.523711e+00 -2.094352e-02
9.868170e+00 2.088426e+00 -2.043860e-02
9.868170e+00 2.685505e+00 -1.829032e-02
1.008553e+01 1.570796e-02 -1.397671e-04
1.008553e+01 2.346256e-02 -4.131269e-04
1.008553e+01 3.503514e-02 -8.161624e-04
1.008553e+01 5.263151e-02 -1.654764e-03
1.008553e+01 7.314235e-02 -3.315312e-03
1.008553e+01 1.025928e-01 -5.117664e-03
1.008553e+01 1.448116e-01 -8.518623e-03
1.008553e+01 2.023460e-01 -1.220458e-02
1.008553e+01 2.834245e-01 -1.654971e-02
1.008553e+01 3.967448e-01 -2.017528e-02
1.008553e+01 5.552783e-01 -2.235592e-02
1.008553e+01 7.774819e-01 -2.247707e-02
1.008553e+01 1.088445e+00 -2.116478e-02
1.008553e+01 1.523711e+00 -1.995062e-02
1.008553e+01 2.088426e+00 -1.945241e-02
1.008553e+01 2.685505e+00 -1.725953e-02
1.030724e+01 1.570796e-02 -1.216474e-04
1.030724e+01 2.346256e-02 -3.524415e-04
1.030724e+01 3.503514e-02 -7.038034e-04
1.030724e+01 5.263151e-02 -1.413624e-03
1.030724e+01 7.314235e-02 -2.835776e-03
1.030724e+01 1.025928e-01 -4.380679e-03
1.030724e+01 1.448116e-01 -7.288965e-03
1.030724e+01 2.023460e-01 -1.048171e-02
1.030724e+01 2.834245e-01 -1.442345e-02
1.030724e+01 3.967448e-01 -1.784143e-02
1.030724e+01 5.552783e-01 -2.013603e-02
1.030724e+01 7.774819e-01 -2.061265e-02
1.030724e+01 1.088445e+00 -1.975850e-02
1.030724e+01 1.523711e+00 -1.890510e-02
1.030724e+01 2.088426e+00 -1.860531e-02
1.030724e+01 2.685505e+00 -1.654397e-02
1.053339e+01 1.570796e-02 -1.051461e-04
1.053339e+01 2.346256e-02 -2.969827e-04
1.053339e+01 3.503514e-02 -6.011885e-04
1.053339e+01 5.263151e-02 -1.203862e-03
1.053339e+01 7.314235e-02 -2.420334e-03
1.053339e+01 1.025928e-01 -3.725618e-03
1.053339e+01 1.448116e-01 -6.199487e-03
1.053339e+01 2.023460e-01 -8.952710e-03
1.053339e+01 2.834245e-01 -1.246847e-02
1.053339e+01 3.967448e-01 -1.566011e-02
1.053339e+01 5.552783e-01 -1.797523e-02
1.053339e+01 7.774819e-01 -1.873547e-02
1.053339e+01 1.088445e+00 -1.828915e-02
1.053339e+01 1.523711e+00 -1.778600e-02
1.053339e+01 2.088426e+00 -1.768893e-02
1.053339e+01 2.685505e+00 -1.566673e-02
1.076406e+01 1.570796e-02 -9.014454e-05
1.076406e+01 2.346256e-02 -2.492587e-04
1.076406e+01 3.503514e-02 -5.107481e-04
1.076406e+01 5.263151e-02 -1.022816e-03
1.076406e+01 7.314235e-02 -2.052747e-03
1.076406e+01 1.025928e-01 -3.161790e-03
1.076406e+01 1.448116e-01 -5.263806e-03
1.076406e+01 2.023460e-01 -7.620367e-03
1.076406e+01 2.834245e-01 -1.069485e-02
1.076406e+01 3.967448e-01 -1.363210e-02
1.076406e+01 5.552783e-01 -1.592609e-02
1.076406e+01 7.774819e-01 -1.688964e-02
1.076406e+01 1.088445e+00 -1.677872e-02
1.076406e+01 1.523711e+00 -1.658685e-02
1.076406e+01 2.088426e+00 -1.665811e-02
1.076406e+01 2.685505e+00 -1.469214e-02
1.099934e+01 1.570796e-02 -7.675933e-05
1.099934e+01 2.346256e-02 -2.069656e-04
1.099934e+01 3.503514e-02 -4.348687e-04
1.099934e+01 5.263151e-02 -8.650691e-04
1.099934e+01 7.314235e-02 -1.734241e-03
1.099934e+01 1.025928e-01 -2.675902e-03
1.099934e+01 1.448116e-01 -4.433343e-03
1.099934e+01 2.023460e-01 -6.460022e-03
1.099934e+01 2.834245e-01 -9.116419e-03
1.099934e+01 3.967448e-01 -1.177298e-02
1.099934e+01 5.552783e-01 -1.394985e-02
1.099934e+01 7.774819e-01 -1.507975e-02
1.099934e+01 1.088445e+00 -1.521366e-02
1.099934e+01 1.523711e+00 -1.529250e-02
1.099934e+01 2.088426e+00 -1.547110e-02
1.099934e+01 2.685505e+00 -1.356877e-02
1.123932e+01 1.570796e-02 -6.501622e-05
1.123932e+01 2.346256e-02 -1.720446e-04
1.123932e+01 3.503514e-02 -3.650257e-04
1.123932e+01 5.263151e-02 -7.271733e-04
1.123932e+01 7.314235e-02 -1.455370e-03
1.123932e+01 1.025928e-01 -2.252495e-03
1.123932e+01 1.448116e-01 -3.717319e-03
1.123932e+01 2.023460e-01 -5.448956e-03
1.123932e+01 2.834245e-01 -7.713933e-03
1.123932e+01 3.967448e-01 -1.006222e-02
1.123932e+01 5.552783e-01 -1.209811e-02
1.123932e+01 7.774819e-01 -1.331373e-02
1.123932e+01 1.088445e+00 -1.366599e-02
1.123932e+01 1.523711e+00 -1.397491e-02
1.123932e+01 2.088426e+00 -1.424429e-02
1.123932e+01 2.685505e+00 -1.247105e-02
1.148411e+01 1.570796e-02 -5.444321e-05
1.148411e+01 2.346256e-02 -1.411042e-04
1.148411e+01 3.503514e-02 -3.030685e-04
1.148411e+01 5.263151e-02 -6.089941e-04
1.148411e+01 7.314235e-02 -1.218844e-03
1.148411e+01 1.025928e-01 -1.884500e-03
1.148411e+01 1.448116e-01 -3.106526e-03
1.148411e+01 2.023460e-01 -4.573953e-03
1.148411e+01 2.834245e-01 -6.497746e-03
1.148411e+01 3.967448e-01 -8.535724e-03
1.148411e+01 5.552783e-01 -1.041449e-02
1.148411e+01 7.774819e-01 -1.164675e-02
1.148411e+01 1.088445e+00 -1.217892e-02
1.148411e+01 1.523711e+00 -1.262142e-02
1.148411e+01 2.088426e+00 -1.299045e-02
1.148411e+01 2.685505e+00 -1.135545e-02
1.173379e+01 1.570796e-02 -4.528214e-05
1.173379e+01 2.346256e-02 -1.164025e-04
1.173379e+01 3.503514e-02 -2.525898e-04
1.173379e+01 5.263151e-02 -5.093935e-04
1.173379e+01 7.314235e-02 -1.012236e-03
1.173379e+01 1.025928e-01 -1.568934e-03
1.173379e+01 1.448116e-01 -2.587349e-03
1.173379e+01 2.023460e-01 -3.821630e-03
1.173379e+01 2.834245e-01 -5.444279e-03
1.173379e+01 3.967448e-01 -7.198724e-03
1.173379e+01 5.552783e-01 -8.882828e-03
1.173379e+01 7.774819e-01 -1.011509e-02
1.173379e+01 1.088445e+00 -1.077062e-02
1.173379e+01 1.523711e+00 -1.131311e-02
1.173379e+01 2.088426e+00 -1.172915e-02
1.173379e+01 2.685505e+00 -1.025700e-02
1.198847e+01 1.570796e-02 -3.760623e-05
1.198847e+01 2.346256e-02 -9.551060e-05
1.198847e+01 3.503514e-02 -2.088657e-04
1.198847e+01 5.263151e-02 -4.203774e-04
1.198847e+01 7.314235e-02 -8.377773e-04
1.198847e+01 1.025928e-01 -1.298259e-03
1.198847e+01 1.448116e-01 -2.137367e-03
1.198847e+01 2.023460e-01 -3.166941e-03
1.198847e+01 2.834245e-01 -4.518140e-03
1.198847e+01 3.967448e-01 -6.019207e-03
1.198847e+01 5.552783e-01 -7.500903e-03
1.198847e+01 7.774819e-01 -8.700799e-03
1.198847e+01 1.088445e+00 -9.424185e-03
1.198847e+01 1.523711e+00 -1.006900e-02
1.198847e+01 2.088426e+00 -1.053054e-02
1.198847e+01 2.685505e+00 -9.225576e-03
1.224824e+01 1.570796e-02 -3.123685e-05
1.224824e+01 2.346256e-02 -7.678454e-05
1.224824e+01 3.503514e-02 -1.710439e-04
1.224824e+01 5.263151e-02 -3.456321e-04
1.224824e+01 7.314235e-02 -6.885409e-04
1.224824e+01 1.025928e-01 -1.066628e-03
1.224824e+01 1.448116e-01 -1.755082e-03
1.224824e+01 2.023460e-01 -2.609273e-03
1.224824e+01 2.834245e-01 -3.729864e-03
1.224824e+01 3.967448e-01 -4.998911e-03
1.224824e+01 5.552783e-01 -6.290812e-03
1.224824e+01 7.774819e-01 -7.424242e-03
1.224824e+01 1.088445e+00 -8.193701e-03
1.224824e+01 1.523711e+00 -8.890694e-03
1.224824e+01 2.088426e+00 -9.407220e-03
1.224824e+01 2.685505e+00 -8.257070e-03
1.251320e+01 1.570796e-02 -2.559574e-05
1.251320e+01 2.346256e-02 -6.256519e-05
1.251320e+01 3.503514e-02 -1.401398e-04
1.251320e+01 5.263151e-02 -2.832092e-04
1.251320e+01 7.314235e-02 -5.615259e-04
1.251320e+01 1.025928e-01 -8.717940e-04
1.251320e+01 1.448116e-01 -1.432351e-03
1.251320e+01 2.023460e-01 -2.134266e-03
1.251320e+01 2.834245e-01 -3.057292e-03
1.251320e+01 3.967448e-01 -4.119732e-03
1.251320e+01 5.552783e-01 -5.234748e-03
1.251320e+01 7.774819e-01 -6.282794e-03
1.251320e+01 1.088445e+00 -7.060715e-03
1.251320e+01 1.523711e+00 -7.796876e-03
1.251320e+01 2.088426e+00 -8.341728e-03
1.251320e+01 2.685505e+00 -7.323296e-03
1.278347e+01 1.570796e-02 -2.079812e-05
1.278347e+01 2.346256e-02 -5.039581e-05
1.278347e+01 3.503514e-02 -1.137423e-04
1.278347e+01 5.263151e-02 -2.283569e-04
1.278347e+01 7.314235e-02 -4.555108e-04
1.278347e+01 1.025928e-01 -7.068605e-04
1.278347e+01 1.448116e-01 -1.157542e-03
1.278347e+01 2.023460e-01 -1.732081e-03
1.278347e+01 2.834245e-01 -2.484585e-03
1.278347e+01 3.967448e-01 -3.361661e-03
1.278347e+01 5.552783e-01 -4.310890e-03
1.278347e+01 7.774819e-01 -5.254436e-03
1.278347e+01 1.088445e+00 -6.009304e-03
1.278347e+01 1.523711e+00 -6.752201e-03
1.278347e+01 2.088426e+00 -7.293769e-03
1.278347e+01 2.685505e+00 -6.507609e-03
1.305914e+01 1.570796e-02 -1.712386e-05
1.305914e+01 2.346256e-02 -4.039064e-05
1.305914e+01 3.503514e-02 -9.181782e-05
1.305914e+01 5.263151e-02 -1.856487e-04
1.305914e+01 7.314235e-02 -3.658472e-04
1.305914e+01 1.025928e-01 -5.693816e-04
1.305914e+01 1.448116e-01 -9.336035e-04
1.305914e+01 2.023460e-01 -1.399783e-03
1.305914e+01 2.834245e-01 -2.009723e-03
1.305914e+01 3.967448e-01 -2.727577e-03
1.305914e+01 5.552783e-01 -3.538733e-03
1.305914e+01 7.774819e-01 -4.378015e-03
1.305914e+01 1.088445e+00 -5.101691e-03
1.305914e+01 1.523711e+00 -5.845997e-03
1.305914e+01 2.088426e+00 -6.413260e-03
1.305914e+01 2.685505e+00 -5.761225e-03
1.334032e+01 1.570796e-02 -1.396189e-05
1.334032e+01 2.346256e-02 -3.165474e-05
1.334032e+01 3.503514e-02 -7.311387e-05
1.334032e+01 5.263151e-02 -1.471706e-04
1.334032e+01 7.314235e-02 -2.940922e-04
1.334032e+01 1.025928e-01 -4.554485e-04
1.334032e+01 1.448116e-01 -7.499740e-04
1.334032e+01 2.023460e-01 -1.124392e-03
1.334032e+01 2.834245e-01 -1.615317e-03
1.334032e+01 3.967448e-01 -2.206802e-03
1.334032e+01 5.552783e-01 -2.883727e-03
1.334032e+01 7.774819e-01 -3.623907e-03
1.334032e+01 1.088445e+00 -4.309057e-03
1.334032e+01 1.523711e+00 -5.019933e-03
1.334032e+01 2.088426e+00 -5.589900e-03
1.334032e+01 2.685505e+00 -5.084499e-03
1.362713e+01 1.570796e-02 -1.099596e-05
1.362713e+01 2.346256e-02 -2.502930e-05
1.362713e+01 3.503514e-02 -5.845188e-05
1.362713e+01 5.263151e-02 -1.174751e-04
1.362713e+01 7.314235e-02 -2.337280e-04
1.362713e+01 1.025928e-01 -3.615175e-04
1.362713e+01 1.448116e-01 -5.981193e-04
1.362713e+01 2.023460e-01 -9.007113e-04
1.362713e+01 2.834245e-01 -1.292732e-03
1.362713e+01 3.967448e-01 -1.768546e-03
1.362713e+01 5.552783e-01 -2.332692e-03
1.362713e+01 7.774819e-01 -2.966505e-03
1.362713e+01 1.088445e+00 -3.603210e-03
1.362713e+01 1.523711e+00 -4.264850e-03
1.362713e+01 2.088426e+00 -4.821924e-03
1.362713e+01 2.685505e+00 -4.429693e-03
1.391967e+01 1.570796e-02 -8.705478e-06
1.391967e+01 2.346256e-02 -1.963338e-05
1.391967e+01 3.503514e-02 -4.623628e-05
1.391967e+01 5.263151e-02 -9.305525e-05
1.391967e+01 7.314235e-02 -1.846039e-04
1.391967e+01 1.025928e-01 -2.878286e-04
1.391967e+01 1.448116e-01 -4.733142e-04
1.391967e+01 2.023460e-01 -7.145858e-04
1.391967e+01 2.834245e-01 -1.023409e-03
1.391967e+01 3.967448e-01 -1.411328e-03
1.391967e+01 5.552783e-01 -1.877224e-03
1.391967e+01 7.774819e-01 -2.415828e-03
1.391967e+01 1.088445e+00 -2.981243e-03
1.391967e+01 1.523711e+00 -3.604348e-03
1.391967e+01 2.088426e+00 -4.124078e-03
1.391967e+01 2.685505e+00 -3.850797e-03
1.421806e+01 1.570796e-02 -7.063839e-06
1.421806e+01 2.346256e-02 -1.509634e-05
1.421806e+01 3.503514e-02 -3.623615e-05
1.421806e+01 5.263151e-02 -7.362903e-05
1.421806e+01 7.314235e-02 -1.449540e-04
1.421806e+01 1.025928e-01 -2.264487e-04
1.421806e+01 1.448116e-01 -3.739773e-04
1.421806e+01 2.023460e-01 -5.642454e-04
1.421806e+01 2.834245e-01 -8.075422e-04
1.421806e+01 3.967448e-01 -1.118552e-03
1.421806e+01 5.552783e-01 -1.500624e-03
1.421806e+01 7.774819e-01 -1.956077e-03
1.421806e+01 1.088445e+00 -2.459457e-03
1.421806e+01 1.523711e+00 -3.030291e-03
1.421806e+01 2.088426e+00 -3.514654e-03
1.421806e+01 2.685505e+00 -3.311295e-03
1.452242e+01 1.570796e-02 -5.577564e-06
1.452242e+01 2.346256e-02 -1.169916e-05
1.452242e+01 3.503514e-02 -2.861262e-05
1.452242e+01 5.263151e-02 -5.647194e-05
1.452242e+01 7.314235e-02 -1.145749e-04
1.452242e+01 1.025928e-01 -1.778835e-04
1.452242e+01 1.448116e-01 -2.924893e-04
1.452242e+01 2.023460e-01 -4.430006e-04
1.452242e+01 2.834245e-01 -6.321739e-04
1.452242e+01 3.967448e-01 -8.795903e-04
1.452242e+01 5.552783e-01 -1.192072e-03
1.452242e+01 7.774819e-01 -1.570869e-03
1.452242e+01 1.088445e+00 -2.010525e-03
1.452242e+01 1.523711e+00 -2.517142e-03
1.452242e+01 2.088426e+00 -2.957060e-03
1.452242e+01 2.685505e+00 -2.780228e-03
1.483287e+01 1.570796e-02 -4.355696e-06
1.483287e+01 2.346256e-02 -8.972880e-06
1.483287e+01 3.503514e-02 -2.233608e-05
1.483287e+01 5.263151e-02 -4.321683e-05
1.483287e+01 7.314235e-02 -8.881957e-05
1.483287e+01 1.025928e-01 -1.376160e-04
1.483287e+01 1.448116e-01 -2.264127e-04
1.483287e+01 2.023460e-01 -3.437040e-04
1.483287e+01 2.834245e-01 -4.908075e-04
1.483287e+01 3.967448e-01 -6.860222e-04
1.483287e+01 5.552783e-01 -9.355391e-04
1.483287e+01 7.774819e-01 -1.246362e-03
1.483287e+01 1.088445e+00 -1.624104e-03
1.483287e+01 1.523711e+00 -2.068875e-03
1.483287e+01 2.088426e+00 -2.460166e-03
1.483287e+01 2.685505e+00 -2.337483e-03
1.514953e+01 1.570796e-02 -3.315962e-06
1.514953e+01 2.346256e-02 -6.946913e-06
1.514953e+01 3.503514e-02 -1.722036e-05
1.514953e+01 5.263151e-02 -3.333280e-05
1.514953e+01 7.314235e-02 -6.773207e-05
1.514953e+01 1.025928e-01 -1.053842e-04
1.514953e+01 1.448116e-01 -1.758570e-04
1.514953e+01 2.023460e-01 -2.655897e-04
1.514953e+01 2.834245e-01 -3.804704e-04
1.514953e+01 3.967448e-01 -5.331630e-04
1.514953e+01 5.552783e-01 -7.303113e-04
1.514953e+01 7.774819e-01 -9.863691e-04
1.514953e+01 1.088445e+00 -1.306103e-03
1.514953e+01 1.523711e+00 -1.693390e-03
1.514953e+01 2.088426e+00 -2.043593e-03
1.514953e+01 2.685505e+00 -1.953366e-03
1.547252e+01 1.570796e-02 -2.629982e-06
1.547252e+01 2.346256e-02 -5.383136e-06
1.547252e+01 3.503514e-02 -1.346863e-05
1.547252e+01 5.263151e-02 -2.538376e-05
1.547252e+01 7.314235e-02 -5.202462e-05
1.547252e+01 1.025928e-01 -8.044541e-05
1.547252e+01 1.448116e-01 -1.355032e-04
1.547252e+01 2.023460e-01 -2.041419e-04
1.547252e+01 2.834245e-01 -2.930351e-04
1.547252e+01 3.967448e-01 -4.111199e-04
1.547252e+01 5.552783e-01 -5.674805e-04
1.547252e+01 7.774819e-01 -7.727403e-04
1.547252e+01 1.088445e+00 -1.040527e-03
1.547252e+01 1.523711e+00 -1.374220e-03
1.547252e+01 2.088426e+00 -1.673264e-03
1.547252e+01 2.685505e+00 -1.599110e-03
1.580197e+01 1.570796e-02 -2.043211e-06
1.580197e+01 2.346256e-02 -3.885751e-06
1.580197e+01 3.503514e-02 -1.016006e-05
1.580197e+01 5.263151e-02 -1.919167e-05
1.580197e+01 7.314235e-02 -3.928045e-05
1.580197e+01 1.025928e-01 -6.109378e-05
1.580197e+01 1.448116e-01 -1.025158e-04
1.580197e+01 2.023460e-01 -1.540538e-04
1.580197e+01 2.834245e-01 -2.222504e-04
1.580197e+01 3.967448e-01 -3.124559e-04
1.580197e+01 5.552783e-01 -4.335369e-04
1.580197e+01 7.774819e-01 -5.983785e-04
1.580197e+01 1.088445e+00 -8.167828e-04
1.580197e+01 1.523711e+00 -1.094201e-03
1.580197e+01 2.088426e+00 -1.344107e-03
1.580197e+01 2.685505e+00 -1.291616e-03
1.613801e+01 1.570796e-02 -1.623270e-06
1.613801e+01 2.346256e-02 -2.888617e-06
1.613801e+01 3.503514e-02 -7.647645e-06
1.613801e+01 5.263151e-02 -1.446338e-05
1.613801e+01 7.314235e-02 -2.913334e-05
1.613801e+01 1.025928e-01 -4.528594e-05
1.613801e+01 1.448116e-01 -7.672237e-05
1.613801e+01 2.023460e-01 -1.161960e-04
1.613801e+01 2.834245e-01 -1.671593e-04
1.613801e+01 3.967448e-01 -2.365923e-04
1.613801e+01 5.552783e-01 -3.294421e-04
1.613801e+01 7.774819e-01 -4.611479e-04
1.613801e+01 1.088445e+00 -6.325814e-04
1.613801e+01 1.523711e+00 -8.569827e-04
1.613801e+01 2.088426e+00 -1.064294e-03
1.613801e+01 2.685505e+00 -1.029798e-03
1.648077e+01 1.570796e-02 -1.264052e-06
1.648077e+01 2.346256e-02 -1.969881e-06
1.648077e+01 3.503514e-02 -5.678661e-06
1.648077e+01 5.263151e-02 -1.084652e-05
1.648077e+01 7.314235e-02 -2.185156e-05
1.648077e+01 1.025928e-01 -3.354005e-05
1.648077e+01 1.448116e-01 -5.667560e-05
1.648077e+01 2.023460e-01 -8.607379e-05
1.648077e+01 2.834245e-01 -1.243630e-04
1.648077e+01 3.967448e-01 -1.760759e-04
1.648077e+01 5.552783e-01 -2.480323e-04
1.648077e+01 7.774819e-01 -3.518687e-04
1.648077e+01 1.088445e+00 -4.856258e-04
1.648077e+01 1.523711e+00 -6.670447e-04
1.648077e+01 2.088426e+00 -8.321467e-04
1.648077e+01 2.685505e+00 -7.967297e-04
1.683038e+01 1.570796e-02 -9.382295e-07
1.683038e+01 2.346256e-02 -1.389814e-06
1.683038e+01 3.503514e-02 -4.271270e-06
1.683038e+01 5.263151e-02 -8.143395e-06
1.683038e+01 7.314235e-02 -1.570113e-05
1.683038e+01 1.025928e-01 -2.450632e-05
1.683038e+01 1.448116e-01 -4.136705e-05
1.683038e+01 2.023460e-01 -6.342879e-05
1.683038e+01 2.834245e-01 -9.127187e-05
1.683038e+01 3.967448e-01 -1.292444e-04
1.683038e+01 5.552783e-01 -1.829043e-04
1.683038e+01 7.774819e-01 -2.629697e-04
1.683038e+01 1.088445e+00 -3.662128e-04
1.683038e+01 1.523711e+00 -5.095654e-04
1.683038e+01 2.088426e+00 -6.411329e-04
1.683038e+01 2.685505e+00 -6.108068e-04
1.718699e+01 1.570796e-02 -6.716386e-07
1.718699e+01 2.346256e-02 -9.384029e-07
1.718699e+01 3.503514e-02 -2.980645e-06
1.718699e+01 5.263151e-02 -5.811246e-06
1.718699e+01 7.314235e-02 -1.126687e-05
1.718699e+01 1.025928e-01 -1.725384e-05
1.718699e+01 1.448116e-01 -2.952008e-05
1.718699e+01 2.023460e-01 -4.524604e-05
1.718699e+01 2.834245e-01 -6.474132e-05
1.718699e+01 3.967448e-01 -9.221366e-05
1.718699e+01 5.552783e-01 -1.318598e-04
1.718699e+01 7.774819e-01 -1.919064e-04
1.718699e+01 1.088445e+00 -2.676324e-04
1.718699e+01 1.523711e+00 -3.743379e-04
1.718699e+01 2.088426e+00 -4.702122e-04
1.718699e+01 2.685505e+00 -4.466884e-04
1.755073e+01 1.570796e-02 -4.974891e-07
1.755073e+01 2.346256e-02 -6.566481e-07
1.755073e+01 3.503514e-02 -2.045169e-06
1.755073e+01 5.263151e-02 -4.103689e-06
1.755073e+01 7.314235e-02 -7.849660e-06
1.755073e+01 1.025928e-01 -1.184251e-05
1.755073e+01 1.448116e-01 -2.052885e-05
1.755073e+01 2.023460e-01 -3.186669e-05
1.755073e+01 2.834245e-01 -4.503917e-05
1.755073e+01 3.967448e-01 -6.489613e-05
1.755073e+01 5.552783e-01 -9.302449e-05
1.755073e+01 7.774819e-01 -1.366051e-04
1.755073e+01 1.088445e+00 -1.916424e-04
1.755073e+01 1.523711e+00 -2.690028e-04
1.755073e+01 2.088426e+00 -3.408335e-04
1.755073e+01 2.685505e+00 -3.276054e-04
1.792175e+01 1.570796e-02 -3.603743e-07
1.792175e+01 2.346256e-02 -4.333063e-07
1.792175e+01 3.503514e-02 -1.401480e-06
1.792175e+01 5.263151e-02 -2.899607e-06
1.792175e+01 7.314235e-02 -5.394124e-06
1.792175e+01 1.025928e-01 -8.135688e-06
1.792175e+01 1.448116e-01 -1.426721e-05
1.792175e+01 2.023460e-01 -2.222643e-05
1.792175e+01 2.834245e-01 -3.142091e-05
1.792175e+01 3.967448e-01 -4.540800e-05
1.792175e+01 5.552783e-01 -6.514213e-05
1.792175e+01 7.774819e-01 -9.699210e-05
1.792175e+01 1.088445e+00 -1.362074e-04
1.792175e+01 1.523711e+00 -1.920048e-04
1.792175e+01 2.088426e+00 -2.446618e-04
1.792175e+01 2.685505e+00 -2.358664e-04
1.830018e+01 1.570796e-02 -2.410905e-07
1.830018e+01 2.346256e-02 -2.926307e-07
1.830018e+01 3.503514e-02 -9.312234e-07
1.830018e+01 5.263151e-02 -1.966147e-06
1.830018e+01 7.314235e-02 -3.639587e-06
1.830018e+01 1.025928e-01 -5.403128e-06
1.830018e+01 1.448116e-01 -9.748694e-06
1.830018e+01 2.023460e-01 -1.507111e-05
1.830018e+01 2.834245e-01 -2.100893e-05
1.830018e+01 3.967448e-01 -3.094418e-05
1.830018e+01 5.552783e-01 -4.501496e-05
1.830018e+01 7.774819e-01 -6.707021e-05
1.830018e+01 1.088445e+00 -9.393592e-05
1.830018e+01 1.523711e+00 -1.322753e-04
1.830018e+01 2.088426e+00 -1.696421e-04
1.830018e+01 2.685505e+00 -1.640682e-04
1.868618e+01 1.570796e-02 -1.735631e-07
1.868618e+01 2.346256e-02 -1.789135e-07
1.868618e+01 3.503514e-02 -6.241593e-07
1.868618e+01 5.263151e-02 -1.240146e-06
1.868618e+01 7.314235e-02 -2.330854e-06
1.868618e+01 1.025928e-01 -3.358269e-06
1.868618e+01 1.448116e-01 -6.347460e-06
1.868618e+01 2.023460e-01 -1.005215e-05
1.868618e+01 2.834245e-01 -1.384777e-05
1.868618e+01 3.967448e-01 -2.037701e-05
1.868618e+01 5.552783e-01 -3.012825e-05
1.868618e+01 7.774819e-01 -4.496600e-05
1.868618e+01 1.088445e+00 -6.313866e-05
1.868618e+01 1.523711e+00 -8.919738e-05
1.868618e+01 2.088426e+00 -1.158599e-04
1.868618e+01 2.685505e+00 -1.117267e-04
1.907991e+01 1.570796e-02 -1.120333e-07
1.907991e+01 2.346256e-02 -1.077504e-07
1.907991e+01 3.503514e-02 -4.149310e-07
1.907991e+01 5.263151e-02 -7.775990e-07
1.907991e+01 7.314235e-02 -1.470440e-06
1.907991e+01 1.025928e-01 -2.166506e-06
1.907991e+01 1.448116e-01 -4.077508e-06
1.907991e+01 2.023460e-01 -6.512686e-06
1.907991e+01 2.834245e-01 -8.901760e-06
1.907991e+01 3.967448e-01 -1.336754e-05
1.907991e+01 5.552783e-01 -1.970490e-05
1.907991e+01 7.774819e-01 -2.956866e-05
1.907991e+01 1.088445e+00 -4.111056e-05
1.907991e+01 1.523711e+00 -5.856878e-05
1.907991e+01 2.088426e+00 -7.733805e-05
1.907991e+01 2.685505e+00 -7.590599e-05
1.948151e+01 1.570796e-02 -7.106590e-08
1.948151e+01 2.346256e-02 -5.236483e-08
1.948151e+01 3.503514e-02 -2.693567e-07
1.948151e+01 5.263151e-02 -4.816134e-07
1.948151e+01 7.314235e-02 -8.959397e-07
1.948151e+01 1.025928e-01 -1.354954e-06
1.948151e+01 1.448116e-01 -2.599179e-06
1.948151e+01 2.023460e-01 -4.064851e-06
1.948151e+01 2.834245e-01 -5.652741e-06
1.948151e+01 3.967448e-01 -8.462286e-06
1.948151e+01 5.552783e-01 -1.261030e-05
1.948151e+01 7.774819e-01 -1.891038e-05
1.948151e+01 1.088445e+00 -2.628641e-05
1.948151e+01 1.523711e+00 -3.718696e-05
1.948151e+01 2.088426e+00 -4.947432e-05
1.948151e+01 2.685505e+00 -4.896020e-05
1.989114e+01 1.570796e-02 -4.521574e-08
1.989114e+01 2.346256e-02 -2.792644e-08
1.989114e+01 3.503514e-02 -1.585433e-07
1.989114e+01 5.263151e-02 -2.668787e-07
1.989114e+01 7.314235e-02 -5.317054e-07
1.989114e+01 1.025928e-01 -8.311917e-07
1.989114e+01 1.448116e-01 -1.572509e-06
1.989114e+01 2.023460e-01 -2.452999e-06
1.989114e+01 2.834245e-01 -3.398969e-06
1.989114e+01 3.967448e-01 -5.215214e-06
1.989114e+01 5.552783e-01 -7.822286e-06
1.989114e+01 7.774819e-01 -1.178042e-05
1.989114e+01 1.088445e+00 -1.659931e-05
1.989114e+01 1.523711e+00 -2.333223e-05
1.989114e+01 2.088426e+00 -3.124822e-05
1.989114e+01 2.685505e+00 -3.093960e-05
2.030896e+01 1.570796e-02 -2.424239e-08
2.030896e+01 2.346256e-02 -1.759143e-08
2.030896e+01 3.503514e-02 -9.484395e-08
2.030896e+01 5.263151e-02 -1.564040e-07
2.030896e+01 7.314235e-02 -2.835286e-07
2.030896e+01 1.025928e-01 -4.828505e-07
2.030896e+01 1.448116e-01 -9.307718e-07
2.030896e+01 2.023460e-01 -1.473593e-06
2.030896e+01 2.834245e-01 -1.990039e-06
2.030896e+01 3.967448e-01 -3.088348e-06
2.030896e+01 5.552783e-01 -4.737406e-06
2.030896e+01 7.774819e-01 -7.162377e-06
2.030896e+01 1.088445e+00 -9.959020e-06
2.030896e+01 1.523711e+00 -1.432328e-05
2.030896e+01 2.088426e+00 -1.916060e-05
2.030896e+01 2.685505e+00 -1.853939e-05
2.073514e+01 1.570796e-02 -1.557021e-08
2.073514e+01 2.346256e-02 -1.008258e-10
2.073514e+01 3.503514e-02 -5.247768e-08
2.073514e+01 5.263151e-02 -8.455639e-08
2.073514e+01 7.314235e-02 -1.445479e-07
2.073514e+01 1.025928e-01 -2.701168e-07
2.073514e+01 1.448116e-01 -5.468891e-07
2.073514e+01 2.023460e-01 -8.411647e-07
2.073514e+01 2.834245e-01 -1.135099e-06
2.073514e+01 3.967448e-01 -1.797836e-06
2.073514e+01 5.552783e-01 -2.729056e-06
2.073514e+01 7.774819e-01 -4.229728e-06
2.073514e+01 1.088445e+00 -5.742082e-06
2.073514e+01 1.523711e+00 -8.480576e-06
2.073514e+01 2.088426e+00 -1.115896e-05
2.073514e+01 2.685505e+00 -1.000636e-05
2.116984e+01 1.570796e-02 4.945764e-10
2.116984e+01 2.346256e-02 1.259951e-09
2.116984e+01 3.503514e-02 2.542707e-09
2.116984e+01 5.263151e-02 5.217750e-09
2.116984e+01 7.314235e-02 1.090902e-08
2.116984e+01 1.025928e-01 1.625281e-08
2.116984e+01 1.448116e-01 2.752287e-08
2.116984e+01 2.023460e-01 4.010425e-08
2.116984e+01 2.834245e-01 5.805098e-08
2.116984e+01 3.967448e-01 8.097012e-08
2.116984e+01 5.552783e-01 1.104674e-07
2.116984e+01 7.774819e-01 1.392902e-07
2.116984e+01 1.088445e+00 1.488248e-07
2.116984e+01 1.523711e+00 1.223363e-07
2.116984e+01 2.088426e+00 7.645700e-08
2.116984e+01 2.685505e+00 3.674574e-08
2.161324e+01 1.570796e-02 4.680761e-10
2.161324e+01 2.346256e-02 1.190812e-09
2.161324e+01 3.503514e-02 2.406064e-09
2.161324e+01 5.263151e-02 4.931595e-09
2.161324e+01 7.314235e-02 1.031880e-08
2.161324e+01 1.025928e-01 1.536858e-08
2.161324e+01 1.448116e-01 2.605192e-08
2.161324e+01 2.023460e-01 3.805602e-08
2.161324e+01 2.834245e-01 5.534795e-08
2.161324e+01 3.967448e-01 7.768474e-08
2.161324e+01 5.552783e-01 1.067383e-07
2.161324e+01 7.774819e-01 1.353737e-07
2.161324e+01 1.088445e+00 1.454030e-07
2.161324e+01 1.523711e+00 1.203493e-07
2.161324e+01 2.088426e+00 7.568021e-08
2.161324e+01 2.685505e+00 3.648613e-08
2.206550e+01 1.570796e-02 4.418550e-10
2.206550e+01 2.346256e-02 1.123304e-09
2.206550e+01 3.503514e-02 2.271526e-09
2.206550e+01 5.263151e-02 4.651993e-09
2.206550e+01 7.314235e-02 9.741826e-09
2.206550e+01 1.025928e-01 1.450461e-08
2.206550e+01 1.448116e-01 2.461108e-08
2.206550e+01 2.023460e-01 3.605748e-08
2.206550e+01 2.834245e-01 5.270831e-08
2.206550e+01 3.967448e-01 7.446257e-08
2.206550e+01 5.552783e-01 1.029979e-07
2.206550e+01 7.774819e-01 1.313390e-07
2.206550e+01 1.088445e+00 1.418844e-07
2.206550e+01 1.523711e+00 1.183072e-07
2.206550e+01 2.088426e+00 7.505849e-08
2.206550e+01 2.685505e+00 3.623262e-08
2.252681e+01 1.570796e-02 4.160877e-10
2.252681e+01 2.346256e-02 1.057434e-09
2.252681e+01 3.503514e-02 2.140302e-09
2.252681e+01 5.263151e-02 4.377850e-09
2.252681e+01 7.314235e-02 9.176266e-09
2.252681e+01 1.025928e-01 1.366063e-08
2.252681e+01 1.448116e-01 2.321033e-08
2.252681e+01 2.023460e-01 3.410171e-08
2.252681e+01 2.834245e-01 5.011514e-08
2.252681e+01 3.967448e-01 7.128814e-08
2.252681e+01 5.552783e-01 9.924878e-08
2.252681e+01 7.774819e-01 1.272098e-07
2.252681e+01 1.088445e+00 1.382330e-07
2.252681e+01 1.523711e+00 1.164090e-07
2.252681e+01 2.088426e+00 7.461327e-08
2.252681e+01 2.685505e+00 3.602541e-08
2.299735e+01 1.570796e-02 3.908916e-10
2.299735e+01 2.346256e-02 9.933237e-10
2.299735e+01 3.503514e-02 2.011499e-09
2.299735e+01 5.263151e-02 4.110543e-09
2.299735e+01 7.314235e-02 8.625304e-09
2.299735e+01 1.025928e-01 1.283642e-08
2.299735e+01 1.448116e-01 2.184466e-08
2.299735e+01 2.023460e-01 3.219554e-08
2.299735e+01 2.834245e-01 4.758569e-08
2.299735e+01 3.967448e-01 6.814427e-08
2.299735e+01 5.552783e-01 9.544357e-08
2.299735e+01 7.774819e-01 1.229613e-07
2.299735e+01 1.088445e+00 1.344177e-07
2.299735e+01 1.523711e+00 1.144730e-07
2.299735e+01 2.088426e+00 7.428799e-08
2.299735e+01 2.685505e+00 3.573848e-08
2.347730e+01 1.570796e-02 3.663169e-10
2.347730e+01 2.346256e-02 9.314651e-10
2.347730e+01 3.503514e-02 1.885809e-09
2.347730e+01 5.263151e-02 3.850914e-09
2.347730e+01 7.314235e-02 8.088021e-09
2.347730e+01 1.025928e-01 1.203259e-08
2.347730e+01 1.448116e-01 2.051318e-08
2.347730e+01 2.023460e-01 3.034262e-08
2.347730e+01 2.834245e-01 4.510737e-08
2.347730e+01 3.967448e-01 6.502165e-08
2.347730e+01 5.552783e-01 9.159429e-08
2.347730e+01 7.774819e-01 1.185869e-07
2.347730e+01 1.088445e+00 1.305539e-07
2.347730e+01 1.523711e+00 1.125122e-07
2.347730e+01 2.088426e+00 7.405591e-08
2.347730e+01 2.685505e+00 3.552344e-08
2.396684e+01 1.570796e-02 3.424447e-10
2.396684e+01 2.346256e-02 8.718006e-10
2.396684e+01 3.503514e-02 1.763255e-09
2.396684e+01 5.263151e-02 3.599187e-09
2.396684e+01 7.314235e-02 7.564809e-09
2.396684e+01 1.025928e-01 1.125418e-08
2.396684e+01 1.448116e-01 1.921604e-08
2.396684e+01 2.023460e-01 2.854246e-08
2.396684e+01 2.834245e-01 4.267472e-08
2.396684e+01 3.967448e-01 6.190643e-08
2.396684e+01 5.552783e-01 8.770539e-08
2.396684e+01 7.774819e-01 1.141171e-07
2.396684e+01 1.088445e+00 1.265395e-07
2.396684e+01 1.523711e+00 1.106301e-07
2.396684e+01 2.088426e+00 7.385056e-08
2.396684e+01 2.685505e+00 3.542144e-08
2.446618e+01 1.570796e-02 3.192619e-10
2.446618e+01 2.346256e-02 8.129416e-10
2.446618e+01 3.503514e-02 1.643948e-09
2.446618e+01 5.263151e-02 3.354351e-09
2.446618e+01 7.314235e-02 7.056923e-09
2.446618e+01 1.025928e-01 1.049858e-08
2.446618e+01 1.448116e-01 1.795707e-08
2.446618e+01 2.023460e-01 2.678486e-08
2.446618e+01 2.834245e-01 4.028886e-08
2.446618e+01 3.967448e-01 5.880101e-08
2.446618e+01 5.552783e-01 8.373904e-08
2.446618e+01 7.774819e-01 1.094956e-07
2.446618e+01 1.088445e+00 1.224252e-07
2.446618e+01 1.523711e+00 1.086757e-07
2.446618e+01 2.088426e+00 7.384371e-08
2.446618e+01 2.685505e+00 3.535885e-08
2.497550e+01 1.570796e-02 2.966699e-10
2.497550e+01 2.346256e-02 7.561073e-10
2.497550e+01 3.503514e-02 1.528084e-09
2.497550e+01 5.263151e-02 3.116182e-09
2.497550e+01 7.314235e-02 6.563312e-09
2.497550e+01 1.025928e-01 9.763371e-09
2.497550e+01 1.448116e-01 1.673018e-08
2.497550e+01 2.023460e-01 2.507645e-08
2.497550e+01 2.834245e-01 3.793738e-08
2.497550e+01 3.967448e-01 5.568504e-08
2.497550e+01 5.552783e-01 7.970216e-08
2.497550e+01 7.774819e-01 1.047548e-07
2.497550e+01 1.088445e+00 1.181431e-07
2.497550e+01 1.523711e+00 1.066663e-07
2.497550e+01 2.088426e+00 7.382115e-08
2.497550e+01 2.685505e+00 3.564386e-08
2.549501e+01 1.570796e-02 2.747483e-10
2.549501e+01 2.346256e-02 7.012025e-10
2.549501e+01 3.503514e-02 1.415183e-09
2.549501e+01 5.263151e-02 2.885538e-09
2.549501e+01 7.314235e-02 6.081618e-09
2.549501e+01 1.025928e-01 9.053977e-09
2.549501e+01 1.448116e-01 1.553500e-08
2.549501e+01 2.023460e-01 2.340284e-08
2.549501e+01 2.834245e-01 3.560564e-08
2.549501e+01 3.967448e-01 5.254472e-08
2.549501e+01 5.552783e-01 7.558143e-08
2.549501e+01 7.774819e-01 9.989064e-08
2.549501e+01 1.088445e+00 1.137248e-07
2.549501e+01 1.523711e+00 1.045144e-07
2.549501e+01 2.088426e+00 7.388909e-08
2.549501e+01 2.685505e+00 3.608333e-08
2.602491e+01 1.570796e-02 2.533492e-10
2.602491e+01 2.346256e-02 6.475884e-10
2.602491e+01 3.503514e-02 1.304747e-09
2.602491e+01 5.263151e-02 2.661091e-09
2.602491e+01 7.314235e-02 5.613266e-09
2.602491e+01 1.025928e-01 8.361762e-09
2.602491e+01 1.448116e-01 1.436965e-08
2.602491e+01 2.023460e-01 2.175819e-08
2.602491e+01 2.834245e-01 3.328647e-08
2.602491e+01 3.967448e-01 4.937672e-08
2.602491e+01 5.552783e-01 7.138562e-08
2.602491e+01 7.774819e-01 9.488784e-08
2.602491e+01 1.088445e+00 1.091055e-07
2.602491e+01 1.523711e+00 1.022539e-07
2.602491e+01 2.088426e+00 7.404353e-08
2.602491e+01 2.685505e+00 3.675069e-08
2.656541e+01 1.570796e-02 2.325054e-10
2.656541e+01 2.346256e-02 5.953500e-10
2.656541e+01 3.503514e-02 1.197257e-09
2.656541e+01 5.263151e-02 2.442850e-09
2.656541e+01 7.314235e-02 5.157617e-09
2.656541e+01 1.025928e-01 7.687349e-09
2.656541e+01 1.448116e-01 1.323140e-08
2.656541e+01 2.023460e-01 2.014274e-08
2.656541e+01 2.834245e-01 3.097778e-08
2.656541e+01 3.967448e-01 4.618018e-08
2.656541e+01 5.552783e-01 6.708273e-08
2.656541e+01 7.774819e-01 8.967821e-08
2.656541e+01 1.088445e+00 1.042969e-07
2.656541e+01 1.523711e+00 9.973870e-08
2.656541e+01 2.088426e+00 7.425013e-08
2.656541e+01 2.685505e+00 3.773940e-08
2.711672e+01 1.570796e-02 2.122129e-10
2.711672e+01 2.346256e-02 5.441875e-10
2.711672e+01 3.503514e-02 1.092733e-09
2.711672e+01 5.263151e-02 2.230299e-09
2.711672e+01 7.314235e-02 4.713637e-09
2.711672e+01 1.025928e-01 7.030682e-09
2.711672e+01 1.448116e-01 1.212167e-08
2.711672e+01 2.023460e-01 1.855357e-08
2.711672e+01 2.834245e-01 2.868754e-08
2.711672e+01 3.967448e-01 4.295263e-08
2.711672e+01 5.552783e-01 6.269427e-08
2.711672e+01 7.774819e-01 8.431012e-08
2.711672e+01 1.088445e+00 9.917897e-08
2.711672e+01 1.523711e+00 9.694758e-08
2.711672e+01 2.088426e+00 7.429047e-08
2.711672e+01 2.685505e+00 3.899714e-08
2.767905e+01 1.570796e-02 1.924187e-10
2.767905e+01 2.346256e-02 4.948183e-10
2.767905e+01 3.503514e-02 9.908265e-10
2.767905e+01 5.263151e-02 2.023721e-09
2.767905e+01 7.314235e-02 4.281567e-09
2.767905e+01 1.025928e-01 6.393100e-09
2.767905e+01 1.448116e-01 1.103436e-08
2.767905e+01 2.023460e-01 1.698336e-08
2.767905e+01 2.834245e-01 2.638963e-08
2.767905e+01 3.967448e-01 3.967942e-08
2.767905e+01 5.552783e-01 5.819677e-08
2.767905e+01 7.774819e-01 7.871192e-08
2.767905e+01 1.088445e+00 9.377816e-08
2.767905e+01 1.523711e+00 9.371968e-08
2.767905e+01 2.088426e+00 7.424859e-08
2.767905e+01 2.685505e+00 4.056234e-08
2.825263e+01 1.570796e-02 1.731947e-10
2.825263e+01 2.346256e-02 4.463162e-10
2.825263e+01 3.503514e-02 8.913187e-10
2.825263e+01 5.263151e-02 1.822316e-09
2.825263e+01 7.314235e-02 3.859862e-09
2.825263e+01 1.025928e-01 5.769298e-09
2.825263e+01 1.448116e-01 9.976046e-09
2.825263e+01 2.023460e-01 1.543029e-08
2.825263e+01 2.834245e-01 2.409590e-08
2.825263e+01 3.967448e-01 3.637877e-08
2.825263e+01 5.552783e-01 5.358252e-08
2.825263e+01 7.774819e-01 7.296252e-08
2.825263e+01 1.088445e+00 8.799299e-08
2.825263e+01 1.523711e+00 9.011520e-08
2.825263e+01 2.088426e+00 7.398866e-08
2.825263e+01 2.685505e+00 4.257793e-08
2.883769e+01 1.570796e-02 1.544312e-10
2.883769e+01 2.346256e-02 3.989089e-10
2.883769e+01 3.503514e-02 7.946084e-10
2.883769e+01 5.263151e-02 1.626492e-09
2.883769e+01 7.314235e-02 3.448583e-09
2.883769e+01 1.025928e-01 5.162128e-09
2.883769e+01 1.448116e-01 8.937872e-09
2.883769e+01 2.023460e-01 1.389503e-08
2.883769e+01 2.834245e-01 2.179629e-08
2.883769e+01 3.967448e-01 3.301769e-08
2.883769e+01 5.552783e-01 4.886566e-08
2.883769e+01 7.774819e-01 6.696450e-08
2.883769e+01 1.088445e+00 8.185358e-08
2.883769e+01 1.523711e+00 8.587165e-08
2.883769e+01 2.088426e+00 7.331755e-08
2.883769e+01 2.685505e+00 4.484360e-08
2.943444e+01 1.570796e-02 1.361309e-10
2.943444e+01 2.346256e-02 3.524846e-10
2.943444e+01 3.503514e-02 7.001256e-10
2.943444e+01 5.263151e-02 1.434931e-09
2.943444e+01 7.314235e-02 3.047549e-09
2.943444e+01 1.025928e-01 4.568567e-09
2.943444e+01 1.448116e-01 7.920330e-09
2.943444e+01 2.023460e-01 1.237406e-08
2.943444e+01 2.834245e-01 1.949135e-08
2.943444e+01 3.967448e-01 2.962132e-08
2.943444e+01 5.552783e-01 4.403658e-08
2.943444e+01 7.774819e-01 6.075023e-08
2.943444e+01 1.088445e+00 7.528854e-08
2.943444e+01 1.523711e+00 8.105430e-08
2.943444e+01 2.088426e+00 7.216097e-08
2.943444e+01 2.685505e+00 4.738521e-08
3.004313e+01 1.570796e-02 1.182338e-10
3.004313e+01 2.346256e-02 3.071594e-10
3.004313e+01 3.503514e-02 6.084014e-10
3.004313e+01 5.263151e-02 1.248429e-09
3.004313e+01 7.314235e-02 2.655672e-09
3.004313e+01 1.025928e-01 3.986960e-09
3.004313e+01 1.448116e-01 6.921000e-09
3.004313e+01 2.023460e-01 1.086547e-08
3.004313e+01 2.834245e-01 1.718675e-08
3.004313e+01 3.967448e-01 2.618568e-08
3.004313e+01 5.552783e-01 3.910592e-08
3.004313e+01 7.774819e-01 5.427957e-08
3.004313e+01 1.088445e+00 6.822646e-08
3.004313e+01 1.523711e+00 7.538703e-08
3.004313e+01 2.088426e+00 7.027546e-08
3.004313e+01 2.685505e+00 4.979494e-08
3.066399e+01 1.570796e-02 1.009812e-10
3.066399e+01 2.346256e-02 2.630254e-10
3.066399e+01 3.503514e-02 5.188734e-10
3.066399e+01 5.263151e-02 1.066626e-09
3.066399e+01 7.314235e-02 2.272560e-09
3.066399e+01 1.025928e-01 3.416659e-09
3.066399e+01 1.448116e-01 5.940223e-09
3.066399e+01 2.023460e-01 9.371203e-09
3.066399e+01 2.834245e-01 1.487757e-08
3.066399e+01 3.967448e-01 2.271636e-08
3.066399e+01 5.552783e-01 3.407221e-08
3.066399e+01 7.774819e-01 4.759878e-08
3.066399e+01 1.088445e+00 6.069548e-08
3.066399e+01 1.523711e+00 6.895903e-08
3.066399e+01 2.088426e+00 6.745010e-08
3.066399e+01 2.685505e+00 5.186139e-08
3.129727e+01 1.570796e-02 8.406036e-11
3.129727e+01 2.346256e-02 2.199483e-10
3.129727e+01 3.503514e-02 4.318817e-10
3.129727e+01 5.263151e-02 8.895068e-10
3.129727e+01 7.314235e-02 1.898450e-09
3.129727e+01 1.025928e-01 2.858893e-09
3.129727e+01 1.448116e-01 4.977821e-09
3.129727e+01 2.023460e-01 7.886299e-09
3.129727e+01 2.834245e-01 1.256389e-08
3.129727e+01 3.967448e-01 1.922505e-08
3.129727e+01 5.552783e-01 2.895099e-08
3.129727e+01 7.774819e-01 4.068183e-08
3.129727e+01 1.088445e+00 5.264116e-08
3.129727e+01 1.523711e+00 6.156341e-08
3.129727e+01 2.088426e+00 6.337961e-08
3.129727e+01 2.685505e+00 5.304457e-08
3.194322e+01 1.570796e-02 6.767376e-11
3.194322e+01 2.346256e-02 1.774554e-10
3.194322e+01 3.503514e-02 3.471137e-10
3.194322e+01 5.263151e-02 7.166366e-10
3.194322e+01 7.314235e-02 1.532603e-09
3.194322e+01 1.025928e-01 2.311293e-09
3.194322e+01 1.448116e-01 4.030382e-09
3.194322e+01 2.023460e-01 6.412947e-09
3.194322e+01 2.834245e-01 1.024693e-08
3.194322e+01 3.967448e-01 1.570655e-08
3.194322e+01 5.552783e-01 2.374513e-08
3.194322e+01 7.774819e-01 3.358603e-08
3.194322e+01 1.088445e+00 4.406722e-08
3.194322e+01 1.523711e+00 5.311133e-08
3.194322e+01 2.088426e+00 5.768367e-08
3.194322e+01 2.685505e+00 5.287166e-08
3.260208e+01 1.570796e-02 5.174979e-11
3.260208e+01 2.346256e-02 1.362003e-10
3.260208e+01 3.503514e-02 2.649675e-10
3.260208e+01 5.263151e-02 5.485044e-10
3.260208e+01 7.314235e-02 1.175649e-09
3.260208e+01 1.025928e-01 1.775726e-09
3.260208e+01 1.448116e-01 3.100706e-09
3.260208e+01 2.023460e-01 4.952432e-09
3.260208e+01 2.834245e-01 7.935425e-09
3.260208e+01 3.967448e-01 1.218342e-08
3.260208e+01 5.552783e-01 1.847002e-08
3.260208e+01 7.774819e-01 2.629761e-08
3.260208e+01 1.088445e+00 3.496146e-08
3.260208e+01 1.523711e+00 4.343133e-08
3.260208e+01 2.088426e+00 4.994201e-08
3.260208e+01 2.685505e+00 5.014836e-08
3.327412e+01 1.570796e-02 3.618109e-11
3.327412e+01 2.346256e-02 9.566842e-11
3.327412e+01 3.503514e-02 1.853047e-10
3.327412e+01 5.263151e-02 3.842718e-10
3.327412e+01 7.314235e-02 8.253598e-10
3.327412e+01 1.025928e-01 1.248828e-09
3.327412e+01 1.448116e-01 2.184369e-09
3.327412e+01 2.023460e-01 3.502965e-09
3.327412e+01 2.834245e-01 5.628739e-09
3.327412e+01 3.967448e-01 8.650873e-09
3.327412e+01 5.552783e-01 1.316481e-08
3.327412e+01 7.774819e-01 1.885659e-08
3.327412e+01 1.088445e+00 2.538946e-08
3.327412e+01 1.523711e+00 3.252046e-08
3.327412e+01 2.088426e+00 3.970051e-08
3.327412e+01 2.685505e+00 4.363534e-08
3.395961e+01 1.570796e-02 2.206181e-11
3.395961e+01 2.346256e-02 5.848882e-11
3.395961e+01 3.503514e-02 1.127342e-10
3.395961e+01 5.263151e-02 2.345291e-10
3.395961e+01 7.314235e-02 5.047816e-10
3.395961e+01 1.025928e-01 7.637925e-10
3.395961e+01 1.448116e-01 1.333752e-09
3.395961e+01 2.023460e-01 2.134588e-09
3.395961e+01 2.834245e-01 3.418439e-09
3.395961e+01 3.967448e-01 5.224016e-09
3.395961e+01 5.552783e-01 7.914615e-09
3.395961e+01 7.774819e-01 1.134412e-08
3.395961e+01 1.088445e+00 1.539925e-08
3.395961e+01 1.523711e+00 2.026759e-08
3.395961e+01 2.088426e+00 2.614030e-08
3.395961e+01 2.685505e+00 3.095027e-08
3.465880e+01 1.570796e-02 7.086046e-12
3.465880e+01 2.346256e-02 1.632274e-11
3.465880e+01 3.503514e-02 3.720106e-11
3.465880e+01 5.263151e-02 7.112459e-11
3.465880e+01 7.314235e-02 1.565235e-10
3.465880e+01 1.025928e-01 2.358539e-10
3.465880e+01 1.448116e-01 4.133933e-10
3.465880e+01 2.023460e-01 6.729363e-10
3.465880e+01 2.834245e-01 1.090485e-09
3.465880e+01 3.967448e-01 1.684433e-09
3.465880e+01 5.552783e-01 2.569326e-09
3.465880e+01 7.774819e-01 3.718910e-09
3.465880e+01 1.088445e+00 5.123133e-09
3.465880e+01 1.523711e+00 6.929152e-09
3.465880e+01 2.088426e+00 9.436854e-09
3.465880e+01 2.685505e+00 1.210669e-08
3.537197e+01 1.570796e-02 0.000000e+00
3.537197e+01 2.346256e-02 0.000000e+00
3.537197e+01 3.503514e-02 0.000000e+00
3.537197e+01 5.263151e-02 0.000000e+00
3.537197e+01 7.314235e-02 0.000000e+00
3.537197e+01 1.025928e-01 0.000000e+00
3.537197e+01 1.448116e-01 0.000000e+00
3.537197e+01 2.023460e-01 0.000000e+00
3.537197e+01 2.834245e-01 0.000000e+00
3.537197e+01 3.967448e-01 0.000000e+00
3.537197e+01 5.552783e-01 0.000000e+00
3.537197e+01 7.774819e-01 0.000000e+00
3.537197e+01 1.088445e+00 0.000000e+00
3.537197e+01 1.523711e+00 0.000000e+00
3.537197e+01 2.088426e+00 0.000000e+00
3.537197e+01 2.685505e+00 0.000000e+00
