5.000000e+00 1.570796e-02 0.000000e+00
5.000000e+00 2.346256e-02 0.000000e+00
5.000000e+00 3.503514e-02 0.000000e+00
5.000000e+00 5.263151e-02 0.000000e+00
5.000000e+00 7.314235e-02 0.000000e+00
5.000000e+00 1.025928e-01 0.000000e+00
5.000000e+00 1.448116e-01 0.000000e+00
5.000000e+00 2.023460e-01 0.000000e+00
5.000000e+00 2.834245e-01 0.000000e+00
5.000000e+00 3.967448e-01 0.000000e+00
5.000000e+00 5.552783e-01 0.000000e+00
5.000000e+00 7.774819e-01 0.000000e+00
5.000000e+00 1.088445e+00 0.000000e+00
5.000000e+00 1.523711e+00 0.000000e+00
5.000000e+00 2.088426e+00 0.000000e+00
5.000000e+00 2.685505e+00 0.000000e+00
5.120000e+00 1.570796e-02 0.000000e+00
5.120000e+00 2.346256e-02 0.000000e+00
5.120000e+00 3.503514e-02 0.000000e+00
5.120000e+00 5.263151e-02 0.000000e+00
5.120000e+00 7.314235e-02 0.000000e+00
5.120000e+00 1.025928e-01 0.000000e+00
5.120000e+00 1.448116e-01 0.000000e+00
5.120000e+00 2.023460e-01 0.000000e+00
5.120000e+00 2.834245e-01 0.000000e+00
5.120000e+00 3.967448e-01 0.000000e+00
5.120000e+00 5.552783e-01 0.000000e+00
5.120000e+00 7.774819e-01 0.000000e+00
5.120000e+00 1.088445e+00 0.000000e+00
5.120000e+00 1.523711e+00 0.000000e+00
5.120000e+00 2.088426e+00 0.000000e+00
5.120000e+00 2.685505e+00 0.000000e+00
5.242400e+00 1.570796e-02 0.000000e+00
5.242400e+00 2.346256e-02 0.000000e+00
5.242400e+00 3.503514e-02 0.000000e+00
5.242400e+00 5.263151e-02 0.000000e+00
5.242400e+00 7.314235e-02 0.000000e+00
5.242400e+00 1.025928e-01 0.000000e+00
5.242400e+00 1.448116e-01 0.000000e+00
5.242400e+00 2.023460e-01 0.000000e+00
5.242400e+00 2.834245e-01 0.000000e+00
5.242400e+00 3.967448e-01 0.000000e+00
5.242400e+00 5.552783e-01 0.000000e+00
5.242400e+00 7.774819e-01 0.000000e+00
5.242400e+00 1.088445e+00 0.000000e+00
5.242400e+00 1.523711e+00 0.000000e+00
5.242400e+00 2.088426e+00 0.000000e+00
5.242400e+00 2.685505e+00 0.000000e+00
5.367248e+00 1.570796e-02 0.000000e+00
5.367248e+00 2.346256e-02 0.000000e+00
5.367248e+00 3.503514e-02 0.000000e+00
5.367248e+00 5.263151e-02 0.000000e+00
5.367248e+00 7.314235e-02 0.000000e+00
5.367248e+00 1.025928e-01 0.000000e+00
5.367248e+00 1.448116e-01 0.000000e+00
5.367248e+00 2.023460e-01 0.000000e+00
5.367248e+00 2.834245e-01 0.000000e+00
5.367248e+00 3.967448e-01 0.000000e+00
5.367248e+00 5.552783e-01 0.000000e+00
5.367248e+00 7.774819e-01 0.000000e+00
5.367248e+00 1.088445e+00 0.000000e+00
5.367248e+00 1.523711e+00 0.000000e+00
5.367248e+00 2.088426e+00 0.000000e+00
5.367248e+00 2.685505e+00 0.000000e+00
5.494593e+00 1.570796e-02 0.000000e+00
5.494593e+00 2.346256e-02 0.000000e+00
5.494593e+00 3.503514e-02 0.000000e+00
5.494593e+00 5.263151e-02 0.000000e+00
5.494593e+00 7.314235e-02 0.000000e+00
5.494593e+00 1.025928e-01 0.000000e+00
5.494593e+00 1.448116e-01 0.000000e+00
5.494593e+00 2.023460e-01 0.000000e+00
5.494593e+00 2.834245e-01 0.000000e+00
5.494593e+00 3.967448e-01 0.000000e+00
5.494593e+00 5.552783e-01 0.000000e+00
5.494593e+00 7.774819e-01 0.000000e+00
5.494593e+00 1.088445e+00 0.000000e+00
5.494593e+00 1.523711e+00 0.000000e+00
5.494593e+00 2.088426e+00 0.000000e+00
5.494593e+00 2.685505e+00 0.000000e+00
5.624485e+00 1.570796e-02 0.000000e+00
5.624485e+00 2.346256e-02 0.000000e+00
5.624485e+00 3.503514e-02 0.000000e+00
5.624485e+00 5.263151e-02 0.000000e+00
5.624485e+00 7.314235e-02 0.000000e+00
5.624485e+00 1.025928e-01 0.000000e+00
5.624485e+00 1.448116e-01 0.000000e+00
5.624485e+00 2.023460e-01 0.000000e+00
5.624485e+00 2.834245e-01 0.000000e+00
5.624485e+00 3.967448e-01 0.000000e+00
5.624485e+00 5.552783e-01 0.000000e+00
5.624485e+00 7.774819e-01 0.000000e+00
5.624485e+00 1.088445e+00 0.000000e+00
5.624485e+00 1.523711e+00 0.000000e+00
5.624485e+00 2.088426e+00 0.000000e+00
5.624485e+00 2.685505e+00 0.000000e+00
5.756975e+00 1.570796e-02 0.000000e+00
5.756975e+00 2.346256e-02 0.000000e+00
5.756975e+00 3.503514e-02 0.000000e+00
5.756975e+00 5.263151e-02 0.000000e+00
5.756975e+00 7.314235e-02 0.000000e+00
5.756975e+00 1.025928e-01 0.000000e+00
5.756975e+00 1.448116e-01 0.000000e+00
5.756975e+00 2.023460e-01 0.000000e+00
5.756975e+00 2.834245e-01 0.000000e+00
5.756975e+00 3.967448e-01 0.000000e+00
5.756975e+00 5.552783e-01 0.000000e+00
5.756975e+00 7.774819e-01 0.000000e+00
5.756975e+00 1.088445e+00 0.000000e+00
5.756975e+00 1.523711e+00 0.000000e+00
5.756975e+00 2.088426e+00 0.000000e+00
5.756975e+00 2.685505e+00 0.000000e+00
5.892114e+00 1.570796e-02 0.000000e+00
5.892114e+00 2.346256e-02 0.000000e+00
5.892114e+00 3.503514e-02 0.000000e+00
5.892114e+00 5.263151e-02 0.000000e+00
5.892114e+00 7.314235e-02 0.000000e+00
5.892114e+00 1.025928e-01 0.000000e+00
5.892114e+00 1.448116e-01 0.000000e+00
5.892114e+00 2.023460e-01 0.000000e+00
5.892114e+00 2.834245e-01 0.000000e+00
5.892114e+00 3.967448e-01 0.000000e+00
5.892114e+00 5.552783e-01 0.000000e+00
5.892114e+00 7.774819e-01 0.000000e+00
5.892114e+00 1.088445e+00 0.000000e+00
5.892114e+00 1.523711e+00 0.000000e+00
5.892114e+00 2.088426e+00 0.000000e+00
5.892114e+00 2.685505e+00 0.000000e+00
6.029956e+00 1.570796e-02 0.000000e+00
6.029956e+00 2.346256e-02 0.000000e+00
6.029956e+00 3.503514e-02 0.000000e+00
6.029956e+00 5.263151e-02 0.000000e+00
6.029956e+00 7.314235e-02 0.000000e+00
6.029956e+00 1.025928e-01 0.000000e+00
6.029956e+00 1.448116e-01 0.000000e+00
6.029956e+00 2.023460e-01 0.000000e+00
6.029956e+00 2.834245e-01 0.000000e+00
6.029956e+00 3.967448e-01 0.000000e+00
6.029956e+00 5.552783e-01 0.000000e+00
6.029956e+00 7.774819e-01 0.000000e+00
6.029956e+00 1.088445e+00 0.000000e+00
6.029956e+00 1.523711e+00 0.000000e+00
6.029956e+00 2.088426e+00 0.000000e+00
6.029956e+00 2.685505e+00 0.000000e+00
6.170555e+00 1.570796e-02 0.000000e+00
6.170555e+00 2.346256e-02 0.000000e+00
6.170555e+00 3.503514e-02 0.000000e+00
6.170555e+00 5.263151e-02 0.000000e+00
6.170555e+00 7.314235e-02 0.000000e+00
6.170555e+00 1.025928e-01 0.000000e+00
6.170555e+00 1.448116e-01 0.000000e+00
6.170555e+00 2.023460e-01 0.000000e+00
6.170555e+00 2.834245e-01 0.000000e+00
6.170555e+00 3.967448e-01 0.000000e+00
6.170555e+00 5.552783e-01 0.000000e+00
6.170555e+00 7.774819e-01 0.000000e+00
6.170555e+00 1.088445e+00 0.000000e+00
6.170555e+00 1.523711e+00 0.000000e+00
6.170555e+00 2.088426e+00 0.000000e+00
6.170555e+00 2.685505e+00 0.000000e+00
6.313967e+00 1.570796e-02 0.000000e+00
6.313967e+00 2.346256e-02 0.000000e+00
6.313967e+00 3.503514e-02 0.000000e+00
6.313967e+00 5.263151e-02 0.000000e+00
6.313967e+00 7.314235e-02 0.000000e+00
6.313967e+00 1.025928e-01 0.000000e+00
6.313967e+00 1.448116e-01 0.000000e+00
6.313967e+00 2.023460e-01 0.000000e+00
6.313967e+00 2.834245e-01 0.000000e+00
6.313967e+00 3.967448e-01 0.000000e+00
6.313967e+00 5.552783e-01 0.000000e+00
6.313967e+00 7.774819e-01 0.000000e+00
6.313967e+00 1.088445e+00 0.000000e+00
6.313967e+00 1.523711e+00 0.000000e+00
6.313967e+00 2.088426e+00 0.000000e+00
6.313967e+00 2.685505e+00 0.000000e+00
6.460246e+00 1.570796e-02 0.000000e+00
6.460246e+00 2.346256e-02 0.000000e+00
6.460246e+00 3.503514e-02 0.000000e+00
6.460246e+00 5.263151e-02 0.000000e+00
6.460246e+00 7.314235e-02 0.000000e+00
6.460246e+00 1.025928e-01 0.000000e+00
6.460246e+00 1.448116e-01 0.000000e+00
6.460246e+00 2.023460e-01 0.000000e+00
6.460246e+00 2.834245e-01 0.000000e+00
6.460246e+00 3.967448e-01 0.000000e+00
6.460246e+00 5.552783e-01 0.000000e+00
6.460246e+00 7.774819e-01 0.000000e+00
6.460246e+00 1.088445e+00 0.000000e+00
6.460246e+00 1.523711e+00 0.000000e+00
6.460246e+00 2.088426e+00 0.000000e+00
6.460246e+00 2.685505e+00 0.000000e+00
6.609451e+00 1.570796e-02 0.000000e+00
6.609451e+00 2.346256e-02 0.000000e+00
6.609451e+00 3.503514e-02 0.000000e+00
6.609451e+00 5.263151e-02 0.000000e+00
6.609451e+00 7.314235e-02 0.000000e+00
6.609451e+00 1.025928e-01 0.000000e+00
6.609451e+00 1.448116e-01 0.000000e+00
6.609451e+00 2.023460e-01 0.000000e+00
6.609451e+00 2.834245e-01 0.000000e+00
6.609451e+00 3.967448e-01 0.000000e+00
6.609451e+00 5.552783e-01 0.000000e+00
6.609451e+00 7.774819e-01 0.000000e+00
6.609451e+00 1.088445e+00 0.000000e+00
6.609451e+00 1.523711e+00 0.000000e+00
6.609451e+00 2.088426e+00 0.000000e+00
6.609451e+00 2.685505e+00 0.000000e+00
6.761640e+00 1.570796e-02 0.000000e+00
6.761640e+00 2.346256e-02 0.000000e+00
6.761640e+00 3.503514e-02 0.000000e+00
6.761640e+00 5.263151e-02 0.000000e+00
6.761640e+00 7.314235e-02 0.000000e+00
6.761640e+00 1.025928e-01 0.000000e+00
6.761640e+00 1.448116e-01 0.000000e+00
6.761640e+00 2.023460e-01 0.000000e+00
6.761640e+00 2.834245e-01 0.000000e+00
6.761640e+00 3.967448e-01 0.000000e+00
6.761640e+00 5.552783e-01 0.000000e+00
6.761640e+00 7.774819e-01 0.000000e+00
6.761640e+00 1.088445e+00 0.000000e+00
6.761640e+00 1.523711e+00 0.000000e+00
6.761640e+00 2.088426e+00 0.000000e+00
6.761640e+00 2.685505e+00 0.000000e+00
6.916873e+00 1.570796e-02 0.000000e+00
6.916873e+00 2.346256e-02 0.000000e+00
6.916873e+00 3.503514e-02 0.000000e+00
6.916873e+00 5.263151e-02 0.000000e+00
6.916873e+00 7.314235e-02 0.000000e+00
6.916873e+00 1.025928e-01 0.000000e+00
6.916873e+00 1.448116e-01 0.000000e+00
6.916873e+00 2.023460e-01 0.000000e+00
6.916873e+00 2.834245e-01 0.000000e+00
6.916873e+00 3.967448e-01 0.000000e+00
6.916873e+00 5.552783e-01 0.000000e+00
6.916873e+00 7.774819e-01 0.000000e+00
6.916873e+00 1.088445e+00 0.000000e+00
6.916873e+00 1.523711e+00 0.000000e+00
6.916873e+00 2.088426e+00 0.000000e+00
6.916873e+00 2.685505e+00 0.000000e+00
7.075210e+00 1.570796e-02 0.000000e+00
7.075210e+00 2.346256e-02 0.000000e+00
7.075210e+00 3.503514e-02 0.000000e+00
7.075210e+00 5.263151e-02 0.000000e+00
7.075210e+00 7.314235e-02 0.000000e+00
7.075210e+00 1.025928e-01 0.000000e+00
7.075210e+00 1.448116e-01 0.000000e+00
7.075210e+00 2.023460e-01 0.000000e+00
7.075210e+00 2.834245e-01 0.000000e+00
7.075210e+00 3.967448e-01 0.000000e+00
7.075210e+00 5.552783e-01 0.000000e+00
7.075210e+00 7.774819e-01 0.000000e+00
7.075210e+00 1.088445e+00 0.000000e+00
7.075210e+00 1.523711e+00 0.000000e+00
7.075210e+00 2.088426e+00 0.000000e+00
7.075210e+00 2.685505e+00 0.000000e+00
7.236714e+00 1.570796e-02 0.000000e+00
7.236714e+00 2.346256e-02 0.000000e+00
7.236714e+00 3.503514e-02 0.000000e+00
7.236714e+00 5.263151e-02 0.000000e+00
7.236714e+00 7.314235e-02 0.000000e+00
7.236714e+00 1.025928e-01 0.000000e+00
7.236714e+00 1.448116e-01 0.000000e+00
7.236714e+00 2.023460e-01 0.000000e+00
7.236714e+00 2.834245e-01 0.000000e+00
7.236714e+00 3.967448e-01 0.000000e+00
7.236714e+00 5.552783e-01 0.000000e+00
7.236714e+00 7.774819e-01 0.000000e+00
7.236714e+00 1.088445e+00 0.000000e+00
7.236714e+00 1.523711e+00 0.000000e+00
7.236714e+00 2.088426e+00 0.000000e+00
7.236714e+00 2.685505e+00 0.000000e+00
7.401449e+00 1.570796e-02 -5.327135e-05
7.401449e+00 2.346256e-02 -3.831649e-05
7.401449e+00 3.503514e-02 -7.871128e-05
7.401449e+00 5.263151e-02 -9.691067e-05
7.401449e+00 7.314235e-02 -1.069229e-04
7.401449e+00 1.025928e-01 -3.288977e-05
7.401449e+00 1.448116e-01 -1.235433e-04
7.401449e+00 2.023460e-01 -5.681796e-05
7.401449e+00 2.834245e-01 -8.282308e-05
7.401449e+00 3.967448e-01 -6.140805e-05
7.401449e+00 5.552783e-01 -4.722982e-05
7.401449e+00 7.774819e-01 -4.234518e-05
7.401449e+00 1.088445e+00 -3.997404e-05
7.401449e+00 1.523711e+00 -3.996466e-05
7.401449e+00 2.088426e+00 -4.584603e-05
7.401449e+00 2.685505e+00 -4.605779e-05
7.569477e+00 1.570796e-02 -1.696657e-04
7.569477e+00 2.346256e-02 -1.441615e-04
7.569477e+00 3.503514e-02 -2.119409e-04
7.569477e+00 5.263151e-02 -3.272769e-04
7.569477e+00 7.314235e-02 -3.885205e-04
7.569477e+00 1.025928e-01 -2.188265e-04
7.569477e+00 1.448116e-01 -2.924270e-04
7.569477e+00 2.023460e-01 -3.257838e-04
7.569477e+00 2.834245e-01 -3.743118e-04
7.569477e+00 3.967448e-01 -2.538565e-04
7.569477e+00 5.552783e-01 -2.353024e-04
7.569477e+00 7.774819e-01 -2.118159e-04
7.569477e+00 1.088445e+00 -1.829445e-04
7.569477e+00 1.523711e+00 -1.891907e-04
7.569477e+00 2.088426e+00 -2.011034e-04
7.569477e+00 2.685505e+00 -2.057597e-04
7.740867e+00 1.570796e-02 -4.103499e-04
7.740867e+00 2.346256e-02 -4.419956e-04
7.740867e+00 3.503514e-02 -6.658565e-04
7.740867e+00 5.263151e-02 -1.178393e-03
7.740867e+00 7.314235e-02 -1.456008e-03
7.740867e+00 1.025928e-01 -1.200333e-03
7.740867e+00 1.448116e-01 -1.582218e-03
7.740867e+00 2.023460e-01 -1.429584e-03
7.740867e+00 2.834245e-01 -1.527640e-03
7.740867e+00 3.967448e-01 -1.126209e-03
7.740867e+00 5.552783e-01 -1.018877e-03
7.740867e+00 7.774819e-01 -9.229725e-04
7.740867e+00 1.088445e+00 -7.843988e-04
7.740867e+00 1.523711e+00 -7.817541e-04
7.740867e+00 2.088426e+00 -8.249687e-04
7.740867e+00 2.685505e+00 -8.301363e-04
7.915684e+00 1.570796e-02 -6.841184e-04
7.915684e+00 2.346256e-02 -1.144791e-03
7.915684e+00 3.503514e-02 -1.731574e-03
7.915684e+00 5.263151e-02 -2.793069e-03
7.915684e+00 7.314235e-02 -4.369692e-03
7.915684e+00 1.025928e-01 -3.209968e-03
7.915684e+00 1.448116e-01 -3.960531e-03
7.915684e+00 2.023460e-01 -4.017698e-03
7.915684e+00 2.834245e-01 -3.956927e-03
7.915684e+00 3.967448e-01 -3.276700e-03
7.915684e+00 5.552783e-01 -2.995825e-03
7.915684e+00 7.774819e-01 -2.579804e-03
7.915684e+00 1.088445e+00 -2.225494e-03
7.915684e+00 1.523711e+00 -2.180442e-03
7.915684e+00 2.088426e+00 -2.287377e-03
7.915684e+00 2.685505e+00 -2.290065e-03
8.093998e+00 1.570796e-02 -7.564839e-04
8.093998e+00 2.346256e-02 -1.752173e-03
8.093998e+00 3.503514e-02 -3.165900e-03
8.093998e+00 5.263151e-02 -4.699004e-03
8.093998e+00 7.314235e-02 -7.656188e-03
8.093998e+00 1.025928e-01 -6.508575e-03
8.093998e+00 1.448116e-01 -7.551189e-03
8.093998e+00 2.023460e-01 -7.922761e-03
8.093998e+00 2.834245e-01 -7.661411e-03
8.093998e+00 3.967448e-01 -6.657195e-03
8.093998e+00 5.552783e-01 -5.988520e-03
8.093998e+00 7.774819e-01 -5.154887e-03
8.093998e+00 1.088445e+00 -4.414316e-03
8.093998e+00 1.523711e+00 -4.232271e-03
8.093998e+00 2.088426e+00 -4.417599e-03
8.093998e+00 2.685505e+00 -4.420788e-03
8.275878e+00 1.570796e-02 -8.023170e-04
8.275878e+00 2.346256e-02 -2.107238e-03
8.275878e+00 3.503514e-02 -4.107564e-03
8.275878e+00 5.263151e-02 -6.412452e-03
8.275878e+00 7.314235e-02 -1.072728e-02
8.275878e+00 1.025928e-01 -1.051054e-02
8.275878e+00 1.448116e-01 -1.262890e-02
8.275878e+00 2.023460e-01 -1.302285e-02
8.275878e+00 2.834245e-01 -1.287884e-02
8.275878e+00 3.967448e-01 -1.110826e-02
8.275878e+00 5.552783e-01 -1.008824e-02
8.275878e+00 7.774819e-01 -8.652377e-03
8.275878e+00 1.088445e+00 -7.383316e-03
8.275878e+00 1.523711e+00 -6.943585e-03
8.275878e+00 2.088426e+00 -7.248007e-03
8.275878e+00 2.685505e+00 -7.177672e-03
8.461396e+00 1.570796e-02 -8.214385e-04
8.461396e+00 2.346256e-02 -2.084441e-03
8.461396e+00 3.503514e-02 -4.463299e-03
8.461396e+00 5.263151e-02 -7.644194e-03
8.461396e+00 7.314235e-02 -1.300091e-02
8.461396e+00 1.025928e-01 -1.433930e-02
8.461396e+00 1.448116e-01 -1.745773e-02
8.461396e+00 2.023460e-01 -1.820993e-02
8.461396e+00 2.834245e-01 -1.810845e-02
8.461396e+00 3.967448e-01 -1.615468e-02
8.461396e+00 5.552783e-01 -1.469406e-02
8.461396e+00 7.774819e-01 -1.259275e-02
8.461396e+00 1.088445e+00 -1.071934e-02
8.461396e+00 1.523711e+00 -9.912493e-03
8.461396e+00 2.088426e+00 -1.020527e-02
8.461396e+00 2.685505e+00 -9.981985e-03
8.650623e+00 1.570796e-02 -8.193656e-04
8.650623e+00 2.346256e-02 -1.943742e-03
8.650623e+00 3.503514e-02 -4.372562e-03
8.650623e+00 5.263151e-02 -7.870003e-03
8.650623e+00 7.314235e-02 -1.414984e-02
8.650623e+00 1.025928e-01 -1.698253e-02
8.650623e+00 1.448116e-01 -2.204207e-02
8.650623e+00 2.023460e-01 -2.305188e-02
8.650623e+00 2.834245e-01 -2.313572e-02
8.650623e+00 3.967448e-01 -2.122499e-02
8.650623e+00 5.552783e-01 -1.926287e-02
8.650623e+00 7.774819e-01 -1.662188e-02
8.650623e+00 1.088445e+00 -1.406270e-02
8.650623e+00 1.523711e+00 -1.295721e-02
8.650623e+00 2.088426e+00 -1.307530e-02
8.650623e+00 2.685505e+00 -1.258967e-02
8.843636e+00 1.570796e-02 -7.457417e-04
8.843636e+00 2.346256e-02 -1.818754e-03
8.843636e+00 3.503514e-02 -4.036310e-03
8.843636e+00 5.263151e-02 -7.612198e-03
8.843636e+00 7.314235e-02 -1.425533e-02
8.843636e+00 1.025928e-01 -1.839035e-02
8.843636e+00 1.448116e-01 -2.475939e-02
8.843636e+00 2.023460e-01 -2.678761e-02
8.843636e+00 2.834245e-01 -2.735483e-02
8.843636e+00 3.967448e-01 -2.566494e-02
8.843636e+00 5.552783e-01 -2.342803e-02
8.843636e+00 7.774819e-01 -2.017161e-02
8.843636e+00 1.088445e+00 -1.716934e-02
8.843636e+00 1.523711e+00 -1.561465e-02
8.843636e+00 2.088426e+00 -1.552391e-02
8.843636e+00 2.685505e+00 -1.481020e-02
9.040509e+00 1.570796e-02 -6.556840e-04
9.040509e+00 2.346256e-02 -1.625484e-03
9.040509e+00 3.503514e-02 -3.717018e-03
9.040509e+00 5.263151e-02 -7.149530e-03
9.040509e+00 7.314235e-02 -1.365427e-02
9.040509e+00 1.025928e-01 -1.865914e-02
9.040509e+00 1.448116e-01 -2.602575e-02
9.040509e+00 2.023460e-01 -2.914705e-02
9.040509e+00 2.834245e-01 -3.034133e-02
9.040509e+00 3.967448e-01 -2.904254e-02
9.040509e+00 5.552783e-01 -2.683184e-02
9.040509e+00 7.774819e-01 -2.323641e-02
9.040509e+00 1.088445e+00 -1.972943e-02
9.040509e+00 1.523711e+00 -1.780220e-02
9.040509e+00 2.088426e+00 -1.751692e-02
9.040509e+00 2.685505e+00 -1.654547e-02
9.241319e+00 1.570796e-02 -5.808834e-04
9.241319e+00 2.346256e-02 -1.472997e-03
9.241319e+00 3.503514e-02 -3.279239e-03
9.241319e+00 5.263151e-02 -6.482339e-03
9.241319e+00 7.314235e-02 -1.262954e-02
9.241319e+00 1.025928e-01 -1.800978e-02
9.241319e+00 1.448116e-01 -2.607527e-02
9.241319e+00 2.023460e-01 -3.013246e-02
9.241319e+00 2.834245e-01 -3.215650e-02
9.241319e+00 3.967448e-01 -3.152030e-02
9.241319e+00 5.552783e-01 -2.946049e-02
9.241319e+00 7.774819e-01 -2.574743e-02
9.241319e+00 1.088445e+00 -2.183056e-02
9.241319e+00 1.523711e+00 -1.962377e-02
9.241319e+00 2.088426e+00 -1.911182e-02
9.241319e+00 2.685505e+00 -1.786169e-02
9.446145e+00 1.570796e-02 -5.212944e-04
9.446145e+00 2.346256e-02 -1.327339e-03
9.446145e+00 3.503514e-02 -2.826947e-03
9.446145e+00 5.263151e-02 -5.796100e-03
9.446145e+00 7.314235e-02 -1.147651e-02
9.446145e+00 1.025928e-01 -1.677926e-02
9.446145e+00 1.448116e-01 -2.526111e-02
9.446145e+00 2.023460e-01 -3.009161e-02
9.446145e+00 2.834245e-01 -3.300791e-02
9.446145e+00 3.967448e-01 -3.309740e-02
9.446145e+00 5.552783e-01 -3.130110e-02
9.446145e+00 7.774819e-01 -2.767776e-02
9.446145e+00 1.088445e+00 -2.354920e-02
9.446145e+00 1.523711e+00 -2.107181e-02
9.446145e+00 2.088426e+00 -2.044142e-02
9.446145e+00 2.685505e+00 -1.889651e-02
9.655068e+00 1.570796e-02 -4.638583e-04
9.655068e+00 2.346256e-02 -1.186039e-03
9.655068e+00 3.503514e-02 -2.438084e-03
9.655068e+00 5.263151e-02 -5.141053e-03
9.655068e+00 7.314235e-02 -1.024076e-02
9.655068e+00 1.025928e-01 -1.534998e-02
9.655068e+00 1.448116e-01 -2.369296e-02
9.655068e+00 2.023460e-01 -2.912619e-02
9.655068e+00 2.834245e-01 -3.287129e-02
9.655068e+00 3.967448e-01 -3.367505e-02
9.655068e+00 5.552783e-01 -3.236578e-02
9.655068e+00 7.774819e-01 -2.886969e-02
9.655068e+00 1.088445e+00 -2.475679e-02
9.655068e+00 1.523711e+00 -2.209827e-02
9.655068e+00 2.088426e+00 -2.136894e-02
9.655068e+00 2.685505e+00 -1.962766e-02
9.868170e+00 1.570796e-02 -4.082738e-04
9.868170e+00 2.346256e-02 -1.063441e-03
9.868170e+00 3.503514e-02 -2.139024e-03
9.868170e+00 5.263151e-02 -4.527239e-03
9.868170e+00 7.314235e-02 -9.049654e-03
9.868170e+00 1.025928e-01 -1.373625e-02
9.868170e+00 1.448116e-01 -2.164026e-02
9.868170e+00 2.023460e-01 -2.747379e-02
9.868170e+00 2.834245e-01 -3.193179e-02
9.868170e+00 3.967448e-01 -3.352769e-02
9.868170e+00 5.552783e-01 -3.273618e-02
9.868170e+00 7.774819e-01 -2.955443e-02
9.868170e+00 1.088445e+00 -2.552396e-02
9.868170e+00 1.523711e+00 -2.278628e-02
9.868170e+00 2.088426e+00 -2.194278e-02
9.868170e+00 2.685505e+00 -2.008887e-02
1.008553e+01 1.570796e-02 -3.520544e-04
1.008553e+01 2.346256e-02 -9.448714e-04
1.008553e+01 3.503514e-02 -1.878111e-03
1.008553e+01 5.263151e-02 -3.974539e-03
1.008553e+01 7.314235e-02 -7.950337e-03
1.008553e+01 1.025928e-01 -1.211710e-02
1.008553e+01 1.448116e-01 -1.947262e-02
1.008553e+01 2.023460e-01 -2.545117e-02
1.008553e+01 2.834245e-01 -3.048258e-02
1.008553e+01 3.967448e-01 -3.275366e-02
1.008553e+01 5.552783e-01 -3.252715e-02
1.008553e+01 7.774819e-01 -2.975752e-02
1.008553e+01 1.088445e+00 -2.590712e-02
1.008553e+01 1.523711e+00 -2.320079e-02
1.008553e+01 2.088426e+00 -2.230696e-02
1.008553e+01 2.685505e+00 -2.031210e-02
1.030724e+01 1.570796e-02 -2.995372e-04
1.030724e+01 2.346256e-02 -8.399626e-04
1.030724e+01 3.503514e-02 -1.642001e-03
1.030724e+01 5.263151e-02 -3.473455e-03
1.030724e+01 7.314235e-02 -6.951723e-03
1.030724e+01 1.025928e-01 -1.060115e-02
1.030724e+01 1.448116e-01 -1.731510e-02
1.030724e+01 2.023460e-01 -2.320444e-02
1.030724e+01 2.834245e-01 -2.858499e-02
1.030724e+01 3.967448e-01 -3.142365e-02
1.030724e+01 5.552783e-01 -3.173658e-02
1.030724e+01 7.774819e-01 -2.945146e-02
1.030724e+01 1.088445e+00 -2.587216e-02
1.030724e+01 1.523711e+00 -2.330998e-02
1.030724e+01 2.088426e+00 -2.243824e-02
1.030724e+01 2.685505e+00 -2.038334e-02
1.053339e+01 1.570796e-02 -2.549044e-04
1.053339e+01 2.346256e-02 -7.409446e-04
1.053339e+01 3.503514e-02 -1.436726e-03
1.053339e+01 5.263151e-02 -3.018964e-03
1.053339e+01 7.314235e-02 -6.050385e-03
1.053339e+01 1.025928e-01 -9.230535e-03
1.053339e+01 1.448116e-01 -1.525682e-02
1.053339e+01 2.023460e-01 -2.090344e-02
1.053339e+01 2.834245e-01 -2.639674e-02
1.053339e+01 3.967448e-01 -2.966475e-02
1.053339e+01 5.552783e-01 -3.047995e-02
1.053339e+01 7.774819e-01 -2.870350e-02
1.053339e+01 1.088445e+00 -2.549529e-02
1.053339e+01 1.523711e+00 -2.312580e-02
1.053339e+01 2.088426e+00 -2.225253e-02
1.053339e+01 2.685505e+00 -2.011699e-02
1.076406e+01 1.570796e-02 -2.202565e-04
1.076406e+01 2.346256e-02 -6.517293e-04
1.076406e+01 3.503514e-02 -1.255793e-03
1.076406e+01 5.263151e-02 -2.625422e-03
1.076406e+01 7.314235e-02 -5.250351e-03
1.076406e+01 1.025928e-01 -8.016374e-03
1.076406e+01 1.448116e-01 -1.334110e-02
1.076406e+01 2.023460e-01 -1.862965e-02
1.076406e+01 2.834245e-01 -2.402649e-02
1.076406e+01 3.967448e-01 -2.760739e-02
1.076406e+01 5.552783e-01 -2.890751e-02
1.076406e+01 7.774819e-01 -2.764107e-02
1.076406e+01 1.088445e+00 -2.486238e-02
1.076406e+01 1.523711e+00 -2.270023e-02
1.076406e+01 2.088426e+00 -2.191256e-02
1.076406e+01 2.685505e+00 -1.973625e-02
1.099934e+01 1.570796e-02 -1.898642e-04
1.099934e+01 2.346256e-02 -5.665820e-04
1.099934e+01 3.503514e-02 -1.095189e-03
1.099934e+01 5.263151e-02 -2.271680e-03
1.099934e+01 7.314235e-02 -4.544763e-03
1.099934e+01 1.025928e-01 -6.967757e-03
1.099934e+01 1.448116e-01 -1.161509e-02
1.099934e+01 2.023460e-01 -1.642013e-02
1.099934e+01 2.834245e-01 -2.158490e-02
1.099934e+01 3.967448e-01 -2.532369e-02
1.099934e+01 5.552783e-01 -2.702043e-02
1.099934e+01 7.774819e-01 -2.624835e-02
1.099934e+01 1.088445e+00 -2.395725e-02
1.099934e+01 1.523711e+00 -2.211543e-02
1.099934e+01 2.088426e+00 -2.143422e-02
1.099934e+01 2.685505e+00 -1.927970e-02
1.123932e+01 1.570796e-02 -1.640484e-04
1.123932e+01 2.346256e-02 -4.890069e-04
1.123932e+01 3.503514e-02 -9.545227e-04
1.123932e+01 5.263151e-02 -1.964743e-03
1.123932e+01 7.314235e-02 -3.930710e-03
1.123932e+01 1.025928e-01 -6.048829e-03
1.123932e+01 1.448116e-01 -1.006609e-02
1.123932e+01 2.023460e-01 -1.435441e-02
1.123932e+01 2.834245e-01 -1.917998e-02
1.123932e+01 3.967448e-01 -2.294181e-02
1.123932e+01 5.552783e-01 -2.496122e-02
1.123932e+01 7.774819e-01 -2.465914e-02
1.123932e+01 1.088445e+00 -2.286850e-02
1.123932e+01 1.523711e+00 -2.133095e-02
1.123932e+01 2.088426e+00 -2.078779e-02
1.123932e+01 2.685505e+00 -1.858076e-02
1.148411e+01 1.570796e-02 -1.426797e-04
1.148411e+01 2.346256e-02 -4.215527e-04
1.148411e+01 3.503514e-02 -8.315993e-04
1.148411e+01 5.263151e-02 -1.690371e-03
1.148411e+01 7.314235e-02 -3.386147e-03
1.148411e+01 1.025928e-01 -5.225696e-03
1.148411e+01 1.448116e-01 -8.704109e-03
1.148411e+01 2.023460e-01 -1.246631e-02
1.148411e+01 2.834245e-01 -1.689284e-02
1.148411e+01 3.967448e-01 -2.058450e-02
1.148411e+01 5.552783e-01 -2.280018e-02
1.148411e+01 7.774819e-01 -2.292934e-02
1.148411e+01 1.088445e+00 -2.159408e-02
1.148411e+01 1.523711e+00 -2.034910e-02
1.148411e+01 2.088426e+00 -1.982429e-02
1.148411e+01 2.685505e+00 -1.756906e-02
1.173379e+01 1.570796e-02 -1.242344e-04
1.173379e+01 2.346256e-02 -3.604646e-04
1.173379e+01 3.503514e-02 -7.198867e-04
1.173379e+01 5.263151e-02 -1.448588e-03
1.173379e+01 7.314235e-02 -2.905086e-03
1.173379e+01 1.025928e-01 -4.486587e-03
1.173379e+01 1.448116e-01 -7.469786e-03
1.173379e+01 2.023460e-01 -1.074067e-02
1.173379e+01 2.834245e-01 -1.476847e-02
1.173379e+01 3.967448e-01 -1.825595e-02
1.173379e+01 5.552783e-01 -2.059398e-02
1.173379e+01 7.774819e-01 -2.108045e-02
1.173379e+01 1.088445e+00 -2.019191e-02
1.173379e+01 1.523711e+00 -1.926259e-02
1.173379e+01 2.088426e+00 -1.890504e-02
1.173379e+01 2.685505e+00 -1.676686e-02
1.198847e+01 1.570796e-02 -1.076452e-04
1.198847e+01 2.346256e-02 -3.048226e-04
1.198847e+01 3.503514e-02 -6.168278e-04
1.198847e+01 5.263151e-02 -1.235675e-03
1.198847e+01 7.314235e-02 -2.483642e-03
1.198847e+01 1.025928e-01 -3.823415e-03
1.198847e+01 1.448116e-01 -6.363111e-03
1.198847e+01 2.023460e-01 -9.189432e-03
1.198847e+01 2.834245e-01 -1.278253e-02
1.198847e+01 3.967448e-01 -1.604481e-02
1.198847e+01 5.552783e-01 -1.840612e-02
1.198847e+01 7.774819e-01 -1.917519e-02
1.198847e+01 1.088445e+00 -1.871134e-02
1.198847e+01 1.523711e+00 -1.816013e-02
1.198847e+01 2.088426e+00 -1.801204e-02
1.198847e+01 2.685505e+00 -1.593433e-02
1.224824e+01 1.570796e-02 -9.231387e-05
1.224824e+01 2.346256e-02 -2.564605e-04
1.224824e+01 3.503514e-02 -5.248764e-04
1.224824e+01 5.263151e-02 -1.050830e-03
1.224824e+01 7.314235e-02 -2.109774e-03
1.224824e+01 1.025928e-01 -3.250014e-03
1.224824e+01 1.448116e-01 -5.410484e-03
1.224824e+01 2.023460e-01 -7.829486e-03
1.224824e+01 2.834245e-01 -1.098739e-02
1.224824e+01 3.967448e-01 -1.399043e-02
1.224824e+01 5.552783e-01 -1.632963e-02
1.224824e+01 7.774819e-01 -1.731302e-02
1.224824e+01 1.088445e+00 -1.718592e-02
1.224824e+01 1.523711e+00 -1.695562e-02
1.224824e+01 2.088426e+00 -1.699430e-02
1.224824e+01 2.685505e+00 -1.498775e-02
1.251320e+01 1.570796e-02 -7.897596e-05
1.251320e+01 2.346256e-02 -2.137665e-04
1.251320e+01 3.503514e-02 -4.469139e-04
1.251320e+01 5.263151e-02 -8.909525e-04
1.251320e+01 7.314235e-02 -1.787423e-03
1.251320e+01 1.025928e-01 -2.755819e-03
1.251320e+01 1.448116e-01 -4.572477e-03
1.251320e+01 2.023460e-01 -6.655853e-03
1.251320e+01 2.834245e-01 -9.387989e-03
1.251320e+01 3.967448e-01 -1.211325e-02
1.251320e+01 5.552783e-01 -1.433853e-02
1.251320e+01 7.774819e-01 -1.548765e-02
1.251320e+01 1.088445e+00 -1.562382e-02
1.251320e+01 1.523711e+00 -1.567546e-02
1.251320e+01 2.088426e+00 -1.583503e-02
1.251320e+01 2.685505e+00 -1.388107e-02
1.278347e+01 1.570796e-02 -6.698581e-05
1.278347e+01 2.346256e-02 -1.784238e-04
1.278347e+01 3.503514e-02 -3.765473e-04
1.278347e+01 5.263151e-02 -7.500653e-04
1.278347e+01 7.314235e-02 -1.500678e-03
1.278347e+01 1.025928e-01 -2.325394e-03
1.278347e+01 1.448116e-01 -3.839061e-03
1.278347e+01 2.023460e-01 -5.624313e-03
1.278347e+01 2.834245e-01 -7.961573e-03
1.278347e+01 3.967448e-01 -1.037241e-02
1.278347e+01 5.552783e-01 -1.246486e-02
1.278347e+01 7.774819e-01 -1.370237e-02
1.278347e+01 1.088445e+00 -1.405629e-02
1.278347e+01 1.523711e+00 -1.434815e-02
1.278347e+01 2.088426e+00 -1.460915e-02
1.278347e+01 2.685505e+00 -1.278281e-02
1.305914e+01 1.570796e-02 -5.639221e-05
1.305914e+01 2.346256e-02 -1.460187e-04
1.305914e+01 3.503514e-02 -3.133049e-04
1.305914e+01 5.263151e-02 -6.295628e-04
1.305914e+01 7.314235e-02 -1.260147e-03
1.305914e+01 1.025928e-01 -1.947188e-03
1.305914e+01 1.448116e-01 -3.212619e-03
1.305914e+01 2.023460e-01 -4.727558e-03
1.305914e+01 2.834245e-01 -6.715118e-03
1.305914e+01 3.967448e-01 -8.817549e-03
1.305914e+01 5.552783e-01 -1.075074e-02
1.305914e+01 7.774819e-01 -1.201399e-02
1.305914e+01 1.088445e+00 -1.254598e-02
1.305914e+01 1.523711e+00 -1.298308e-02
1.305914e+01 2.088426e+00 -1.333721e-02
1.305914e+01 2.685505e+00 -1.165725e-02
1.334032e+01 1.570796e-02 -4.670235e-05
1.334032e+01 2.346256e-02 -1.206298e-04
1.334032e+01 3.503514e-02 -2.615354e-04
1.334032e+01 5.263151e-02 -5.279473e-04
1.334032e+01 7.314235e-02 -1.050153e-03
1.334032e+01 1.025928e-01 -1.625551e-03
1.334032e+01 1.448116e-01 -2.679744e-03
1.334032e+01 2.023460e-01 -3.957738e-03
1.334032e+01 2.834245e-01 -5.635742e-03
1.334032e+01 3.967448e-01 -7.449489e-03
1.334032e+01 5.552783e-01 -9.185459e-03
1.334032e+01 7.774819e-01 -1.044823e-02
1.334032e+01 1.088445e+00 -1.111408e-02
1.334032e+01 1.523711e+00 -1.165321e-02
1.334032e+01 2.088426e+00 -1.207230e-02
1.334032e+01 2.685505e+00 -1.054202e-02
1.362713e+01 1.570796e-02 -3.898831e-05
1.362713e+01 2.346256e-02 -9.948023e-05
1.362713e+01 3.503514e-02 -2.165939e-04
1.362713e+01 5.263151e-02 -4.365132e-04
1.362713e+01 7.314235e-02 -8.709906e-04
1.362713e+01 1.025928e-01 -1.348581e-03
1.362713e+01 1.448116e-01 -2.221094e-03
1.362713e+01 2.023460e-01 -3.285882e-03
1.362713e+01 2.834245e-01 -4.693619e-03
1.362713e+01 3.967448e-01 -6.246035e-03
1.362713e+01 5.552783e-01 -7.776436e-03
1.362713e+01 7.774819e-01 -9.008335e-03
1.362713e+01 1.088445e+00 -9.743037e-03
1.362713e+01 1.523711e+00 -1.038627e-02
1.362713e+01 2.088426e+00 -1.084114e-02
1.362713e+01 2.685505e+00 -9.478683e-03
1.391967e+01 1.570796e-02 -3.224077e-05
1.391967e+01 2.346256e-02 -8.065694e-05
1.391967e+01 3.503514e-02 -1.780119e-04
1.391967e+01 5.263151e-02 -3.599664e-04
1.391967e+01 7.314235e-02 -7.172480e-04
1.391967e+01 1.025928e-01 -1.109378e-03
1.391967e+01 1.448116e-01 -1.827447e-03
1.391967e+01 2.023460e-01 -2.714380e-03
1.391967e+01 2.834245e-01 -3.879899e-03
1.391967e+01 3.967448e-01 -5.197731e-03
1.391967e+01 5.552783e-01 -6.533965e-03
1.391967e+01 7.774819e-01 -7.698338e-03
1.391967e+01 1.088445e+00 -8.486981e-03
1.391967e+01 1.523711e+00 -9.182473e-03
1.391967e+01 2.088426e+00 -9.687333e-03
1.391967e+01 2.685505e+00 -8.482268e-03
1.421806e+01 1.570796e-02 -2.668658e-05
1.421806e+01 2.346256e-02 -6.547500e-05
1.421806e+01 3.503514e-02 -1.462346e-04
1.421806e+01 5.263151e-02 -2.947237e-04
1.421806e+01 7.314235e-02 -5.852403e-04
1.421806e+01 1.025928e-01 -9.090169e-04
1.421806e+01 1.448116e-01 -1.494442e-03
1.421806e+01 2.023460e-01 -2.225182e-03
1.421806e+01 2.834245e-01 -3.183721e-03
1.421806e+01 3.967448e-01 -4.290447e-03
1.421806e+01 5.552783e-01 -5.448464e-03
1.421806e+01 7.774819e-01 -6.527045e-03
1.421806e+01 1.088445e+00 -7.325441e-03
1.421806e+01 1.523711e+00 -8.068857e-03
1.421806e+01 2.088426e+00 -8.612629e-03
1.421806e+01 2.685505e+00 -7.561238e-03
1.452242e+01 1.570796e-02 -2.173676e-05
1.452242e+01 2.346256e-02 -5.320964e-05
1.452242e+01 3.503514e-02 -1.186312e-04
1.452242e+01 5.263151e-02 -2.389305e-04
1.452242e+01 7.314235e-02 -4.767523e-04
1.452242e+01 1.025928e-01 -7.395520e-04
1.452242e+01 1.448116e-01 -1.210718e-03
1.452242e+01 2.023460e-01 -1.809571e-03
1.452242e+01 2.834245e-01 -2.597403e-03
1.452242e+01 3.967448e-01 -3.511111e-03
1.452242e+01 5.552783e-01 -4.498676e-03
1.452242e+01 7.774819e-01 -5.476109e-03
1.452242e+01 1.088445e+00 -6.251003e-03
1.452242e+01 1.523711e+00 -7.006237e-03
1.452242e+01 2.088426e+00 -7.545422e-03
1.452242e+01 2.685505e+00 -6.700805e-03
1.483287e+01 1.570796e-02 -1.778983e-05
1.483287e+01 2.346256e-02 -4.211498e-05
1.483287e+01 3.503514e-02 -9.625193e-05
1.483287e+01 5.263151e-02 -1.940435e-04
1.483287e+01 7.314235e-02 -3.835206e-04
1.483287e+01 1.025928e-01 -5.957698e-04
1.483287e+01 1.448116e-01 -9.777352e-04
1.483287e+01 2.023460e-01 -1.461995e-03
1.483287e+01 2.834245e-01 -2.102066e-03
1.483287e+01 3.967448e-01 -2.851260e-03
1.483287e+01 5.552783e-01 -3.697523e-03
1.483287e+01 7.774819e-01 -4.565634e-03
1.483287e+01 1.088445e+00 -5.308730e-03
1.483287e+01 1.523711e+00 -6.062455e-03
1.483287e+01 2.088426e+00 -6.619487e-03
1.483287e+01 2.685505e+00 -5.929184e-03
1.514953e+01 1.570796e-02 -1.470035e-05
1.514953e+01 2.346256e-02 -3.341341e-05
1.514953e+01 3.503514e-02 -7.674104e-05
1.514953e+01 5.263151e-02 -1.539226e-04
1.514953e+01 7.314235e-02 -3.080982e-04
1.514953e+01 1.025928e-01 -4.778440e-04
1.514953e+01 1.448116e-01 -7.859127e-04
1.514953e+01 2.023460e-01 -1.178132e-03
1.514953e+01 2.834245e-01 -1.691679e-03
1.514953e+01 3.967448e-01 -2.309650e-03
1.514953e+01 5.552783e-01 -3.018004e-03
1.514953e+01 7.774819e-01 -3.783755e-03
1.514953e+01 1.088445e+00 -4.490294e-03
1.514953e+01 1.523711e+00 -5.213673e-03
1.514953e+01 2.088426e+00 -5.787539e-03
1.514953e+01 2.685505e+00 -5.256032e-03
1.547252e+01 1.570796e-02 -1.157705e-05
1.547252e+01 2.346256e-02 -2.631264e-05
1.547252e+01 3.503514e-02 -6.130141e-05
1.547252e+01 5.263151e-02 -1.236049e-04
1.547252e+01 7.314235e-02 -2.456536e-04
1.547252e+01 1.025928e-01 -3.796503e-04
1.547252e+01 1.448116e-01 -6.280709e-04
1.547252e+01 2.023460e-01 -9.462220e-04
1.547252e+01 2.834245e-01 -1.357365e-03
1.547252e+01 3.967448e-01 -1.856325e-03
1.547252e+01 5.552783e-01 -2.445238e-03
1.547252e+01 7.774819e-01 -3.105067e-03
1.547252e+01 1.088445e+00 -3.761738e-03
1.547252e+01 1.523711e+00 -4.438346e-03
1.547252e+01 2.088426e+00 -4.998776e-03
1.547252e+01 2.685505e+00 -4.577967e-03
1.580197e+01 1.570796e-02 -9.196008e-06
1.580197e+01 2.346256e-02 -2.058431e-05
1.580197e+01 3.503514e-02 -4.863565e-05
1.580197e+01 5.263151e-02 -9.793554e-05
1.580197e+01 7.314235e-02 -1.940497e-04
1.580197e+01 1.025928e-01 -3.025864e-04
1.580197e+01 1.448116e-01 -4.979203e-04
1.580197e+01 2.023460e-01 -7.523143e-04
1.580197e+01 2.834245e-01 -1.076738e-03
1.580197e+01 3.967448e-01 -1.482642e-03
1.580197e+01 5.552783e-01 -1.971607e-03
1.580197e+01 7.774819e-01 -2.534016e-03
1.580197e+01 1.088445e+00 -3.118654e-03
1.580197e+01 1.523711e+00 -3.755503e-03
1.580197e+01 2.088426e+00 -4.286846e-03
1.580197e+01 2.685505e+00 -3.988865e-03
1.613801e+01 1.570796e-02 -7.275646e-06
1.613801e+01 2.346256e-02 -1.584765e-05
1.613801e+01 3.503514e-02 -3.830945e-05
1.613801e+01 5.263151e-02 -7.741691e-05
1.613801e+01 7.314235e-02 -1.524648e-04
1.613801e+01 1.025928e-01 -2.384736e-04
1.613801e+01 1.448116e-01 -3.942378e-04
1.613801e+01 2.023460e-01 -5.938881e-04
1.613801e+01 2.834245e-01 -8.500568e-04
1.613801e+01 3.967448e-01 -1.176678e-03
1.613801e+01 5.552783e-01 -1.577558e-03
1.613801e+01 7.774819e-01 -2.054649e-03
1.613801e+01 1.088445e+00 -2.577653e-03
1.613801e+01 1.523711e+00 -3.161334e-03
1.613801e+01 2.088426e+00 -3.657244e-03
1.613801e+01 2.685505e+00 -3.436845e-03
1.648077e+01 1.570796e-02 -5.882410e-06
1.648077e+01 2.346256e-02 -1.236511e-05
1.648077e+01 3.503514e-02 -3.033086e-05
1.648077e+01 5.263151e-02 -6.001679e-05
1.648077e+01 7.314235e-02 -1.211565e-04
1.648077e+01 1.025928e-01 -1.882563e-04
1.648077e+01 1.448116e-01 -3.090585e-04
1.648077e+01 2.023460e-01 -4.683000e-04
1.648077e+01 2.834245e-01 -6.682122e-04
1.648077e+01 3.967448e-01 -9.288376e-04
1.648077e+01 5.552783e-01 -1.257492e-03
1.648077e+01 7.774819e-01 -1.655615e-03
1.648077e+01 1.088445e+00 -2.113043e-03
1.648077e+01 1.523711e+00 -2.634430e-03
1.648077e+01 2.088426e+00 -3.086667e-03
1.648077e+01 2.685505e+00 -2.900141e-03
1.683038e+01 1.570796e-02 -4.527604e-06
1.683038e+01 2.346256e-02 -9.485752e-06
1.683038e+01 3.503514e-02 -2.373125e-05
1.683038e+01 5.263151e-02 -4.593870e-05
1.683038e+01 7.314235e-02 -9.377080e-05
1.683038e+01 1.025928e-01 -1.458191e-04
1.683038e+01 1.448116e-01 -2.392061e-04
1.683038e+01 2.023460e-01 -3.630618e-04
1.683038e+01 2.834245e-01 -5.186013e-04
1.683038e+01 3.967448e-01 -7.248094e-04
1.683038e+01 5.552783e-01 -9.886717e-04
1.683038e+01 7.774819e-01 -1.315070e-03
1.683038e+01 1.088445e+00 -1.711252e-03
1.683038e+01 1.523711e+00 -2.172172e-03
1.683038e+01 2.088426e+00 -2.575772e-03
1.683038e+01 2.685505e+00 -2.445362e-03
1.718699e+01 1.570796e-02 -3.523088e-06
1.718699e+01 2.346256e-02 -7.444435e-06
1.718699e+01 3.503514e-02 -1.829333e-05
1.718699e+01 5.263151e-02 -3.531297e-05
1.718699e+01 7.314235e-02 -7.167458e-05
1.718699e+01 1.025928e-01 -1.117777e-04
1.718699e+01 1.448116e-01 -1.861555e-04
1.718699e+01 2.023460e-01 -2.817015e-04
1.718699e+01 2.834245e-01 -4.029173e-04
1.718699e+01 3.967448e-01 -5.645390e-04
1.718699e+01 5.552783e-01 -7.733388e-04
1.718699e+01 7.774819e-01 -1.042429e-03
1.718699e+01 1.088445e+00 -1.377496e-03
1.718699e+01 1.523711e+00 -1.778966e-03
1.718699e+01 2.088426e+00 -2.140896e-03
1.718699e+01 2.685505e+00 -2.037608e-03
1.755073e+01 1.570796e-02 -2.804875e-06
1.755073e+01 2.346256e-02 -5.731190e-06
1.755073e+01 3.503514e-02 -1.425479e-05
1.755073e+01 5.263151e-02 -2.694041e-05
1.755073e+01 7.314235e-02 -5.528321e-05
1.755073e+01 1.025928e-01 -8.547028e-05
1.755073e+01 1.448116e-01 -1.437343e-04
1.755073e+01 2.023460e-01 -2.159872e-04
1.755073e+01 2.834245e-01 -3.108155e-04
1.755073e+01 3.967448e-01 -4.358590e-04
1.755073e+01 5.552783e-01 -6.018518e-04
1.755073e+01 7.774819e-01 -8.182829e-04
1.755073e+01 1.088445e+00 -1.098243e-03
1.755073e+01 1.523711e+00 -1.446870e-03
1.755073e+01 2.088426e+00 -1.754909e-03
1.755073e+01 2.685505e+00 -1.683144e-03
1.792175e+01 1.570796e-02 -2.170537e-06
1.792175e+01 2.346256e-02 -4.197576e-06
1.792175e+01 3.503514e-02 -1.083310e-05
1.792175e+01 5.263151e-02 -2.059114e-05
1.792175e+01 7.314235e-02 -4.179895e-05
1.792175e+01 1.025928e-01 -6.513123e-05
1.792175e+01 1.448116e-01 -1.091885e-04
1.792175e+01 2.023460e-01 -1.644572e-04
1.792175e+01 2.834245e-01 -2.372780e-04
1.792175e+01 3.967448e-01 -3.330456e-04
1.792175e+01 5.552783e-01 -4.623275e-04
1.792175e+01 7.774819e-01 -6.377711e-04
1.792175e+01 1.088445e+00 -8.681789e-04
1.792175e+01 1.523711e+00 -1.159211e-03
1.792175e+01 2.088426e+00 -1.420591e-03
1.792175e+01 2.685505e+00 -1.370984e-03
1.830018e+01 1.570796e-02 -1.707318e-06
1.830018e+01 2.346256e-02 -3.099002e-06
1.830018e+01 3.503514e-02 -8.128781e-06
1.830018e+01 5.263151e-02 -1.545528e-05
1.830018e+01 7.314235e-02 -3.136805e-05
1.830018e+01 1.025928e-01 -4.874582e-05
1.830018e+01 1.448116e-01 -8.177263e-05
1.830018e+01 2.023460e-01 -1.243920e-04
1.830018e+01 2.834245e-01 -1.789516e-04
1.830018e+01 3.967448e-01 -2.534092e-04
1.830018e+01 5.552783e-01 -3.523340e-04
1.830018e+01 7.774819e-01 -4.935446e-04
1.830018e+01 1.088445e+00 -6.756651e-04
1.830018e+01 1.523711e+00 -9.112895e-04
1.830018e+01 2.088426e+00 -1.129224e-03
1.830018e+01 2.685505e+00 -1.096497e-03
1.868618e+01 1.570796e-02 -1.323604e-06
1.868618e+01 2.346256e-02 -2.112457e-06
1.868618e+01 3.503514e-02 -6.114047e-06
1.868618e+01 5.263151e-02 -1.168516e-05
1.868618e+01 7.314235e-02 -2.342809e-05
1.868618e+01 1.025928e-01 -3.619796e-05
1.868618e+01 1.448116e-01 -6.090748e-05
1.868618e+01 2.023460e-01 -9.217253e-05
1.868618e+01 2.834245e-01 -1.334160e-04
1.868618e+01 3.967448e-01 -1.887794e-04
1.868618e+01 5.552783e-01 -2.654937e-04
1.868618e+01 7.774819e-01 -3.762830e-04
1.868618e+01 1.088445e+00 -5.209814e-04
1.868618e+01 1.523711e+00 -7.121443e-04
1.868618e+01 2.088426e+00 -8.856107e-04
1.868618e+01 2.685505e+00 -8.495147e-04
1.907991e+01 1.570796e-02 -9.995885e-07
1.907991e+01 2.346256e-02 -1.550331e-06
1.907991e+01 3.503514e-02 -4.546691e-06
1.907991e+01 5.263151e-02 -8.805413e-06
1.907991e+01 7.314235e-02 -1.714588e-05
1.907991e+01 1.025928e-01 -2.643923e-05
1.907991e+01 1.448116e-01 -4.459450e-05
1.907991e+01 2.023460e-01 -6.837948e-05
1.907991e+01 2.834245e-01 -9.840160e-05
1.907991e+01 3.967448e-01 -1.391041e-04
1.907991e+01 5.552783e-01 -1.975836e-04
1.907991e+01 7.774819e-01 -2.836789e-04
1.907991e+01 1.088445e+00 -3.944894e-04
1.907991e+01 1.523711e+00 -5.468712e-04
1.907991e+01 2.088426e+00 -6.850647e-04
1.907991e+01 2.685505e+00 -6.520865e-04
1.948151e+01 1.570796e-02 -7.321645e-07
1.948151e+01 2.346256e-02 -1.075115e-06
1.948151e+01 3.503514e-02 -3.238662e-06
1.948151e+01 5.263151e-02 -6.306814e-06
1.948151e+01 7.314235e-02 -1.220027e-05
1.948151e+01 1.025928e-01 -1.899897e-05
1.948151e+01 1.448116e-01 -3.220746e-05
1.948151e+01 2.023460e-01 -4.931374e-05
1.948151e+01 2.834245e-01 -7.042951e-05
1.948151e+01 3.967448e-01 -1.004960e-04
1.948151e+01 5.552783e-01 -1.438397e-04
1.948151e+01 7.774819e-01 -2.091308e-04
1.948151e+01 1.088445e+00 -2.913244e-04
1.948151e+01 1.523711e+00 -4.056524e-04
1.948151e+01 2.088426e+00 -5.096469e-04
1.948151e+01 2.685505e+00 -4.836769e-04
1.989114e+01 1.570796e-02 -5.312604e-07
1.989114e+01 2.346256e-02 -7.224951e-07
1.989114e+01 3.503514e-02 -2.238673e-06
1.989114e+01 5.263151e-02 -4.430307e-06
1.989114e+01 7.314235e-02 -8.546121e-06
1.989114e+01 1.025928e-01 -1.303616e-05
1.989114e+01 1.448116e-01 -2.250845e-05
1.989114e+01 2.023460e-01 -3.457264e-05
1.989114e+01 2.834245e-01 -4.928026e-05
1.989114e+01 3.967448e-01 -7.082965e-05
1.989114e+01 5.552783e-01 -1.017587e-04
1.989114e+01 7.774819e-01 -1.493670e-04
1.989114e+01 1.088445e+00 -2.088528e-04
1.989114e+01 1.523711e+00 -2.927394e-04
1.989114e+01 2.088426e+00 -3.696393e-04
1.989114e+01 2.685505e+00 -3.560031e-04
2.030896e+01 1.570796e-02 -3.936277e-07
2.030896e+01 2.346256e-02 -4.746846e-07
2.030896e+01 3.503514e-02 -1.546838e-06
2.030896e+01 5.263151e-02 -3.118109e-06
2.030896e+01 7.314235e-02 -5.962638e-06
2.030896e+01 1.025928e-01 -8.938133e-06
2.030896e+01 1.448116e-01 -1.550283e-05
2.030896e+01 2.023460e-01 -2.415709e-05
2.030896e+01 2.834245e-01 -3.423109e-05
2.030896e+01 3.967448e-01 -4.969344e-05
2.030896e+01 5.552783e-01 -7.134602e-05
2.030896e+01 7.774819e-01 -1.058324e-04
2.030896e+01 1.088445e+00 -1.480075e-04
2.030896e+01 1.523711e+00 -2.080462e-04
2.030896e+01 2.088426e+00 -2.658277e-04
2.030896e+01 2.685505e+00 -2.558621e-04
2.073514e+01 1.570796e-02 -2.628949e-07
2.073514e+01 2.346256e-02 -3.222644e-07
2.073514e+01 3.503514e-02 -1.023663e-06
2.073514e+01 5.263151e-02 -2.169204e-06
2.073514e+01 7.314235e-02 -3.962802e-06
2.073514e+01 1.025928e-01 -5.904088e-06
2.073514e+01 1.448116e-01 -1.070122e-05
2.073514e+01 2.023460e-01 -1.648191e-05
2.073514e+01 2.834245e-01 -2.314497e-05
2.073514e+01 3.967448e-01 -3.405188e-05
2.073514e+01 5.552783e-01 -4.934941e-05
2.073514e+01 7.774819e-01 -7.363113e-05
2.073514e+01 1.088445e+00 -1.027980e-04
2.073514e+01 1.523711e+00 -1.447540e-04
2.073514e+01 2.088426e+00 -1.860321e-04
2.073514e+01 2.685505e+00 -1.798732e-04
2.116984e+01 1.570796e-02 -1.860527e-07
2.116984e+01 2.346256e-02 -2.143328e-07
2.116984e+01 3.503514e-02 -6.876666e-07
2.116984e+01 5.263151e-02 -1.383899e-06
2.116984e+01 7.314235e-02 -2.568735e-06
2.116984e+01 1.025928e-01 -3.756439e-06
2.116984e+01 1.448116e-01 -7.003864e-06
2.116984e+01 2.023460e-01 -1.100671e-05
2.116984e+01 2.834245e-01 -1.529030e-05
2.116984e+01 3.967448e-01 -2.250259e-05
2.116984e+01 5.552783e-01 -3.305371e-05
2.116984e+01 7.774819e-01 -4.963567e-05
2.116984e+01 1.088445e+00 -6.940356e-05
2.116984e+01 1.523711e+00 -9.776105e-05
2.116984e+01 2.088426e+00 -1.277441e-04
2.116984e+01 2.685505e+00 -1.237234e-04
2.161324e+01 1.570796e-02 -1.145020e-07
2.161324e+01 2.346256e-02 -1.165657e-07
2.161324e+01 3.503514e-02 -4.562065e-07
2.161324e+01 5.263151e-02 -8.585683e-07
2.161324e+01 7.314235e-02 -1.622031e-06
2.161324e+01 1.025928e-01 -2.414211e-06
2.161324e+01 1.448116e-01 -4.473038e-06
2.161324e+01 2.023460e-01 -7.109224e-06
2.161324e+01 2.834245e-01 -9.851951e-06
2.161324e+01 3.967448e-01 -1.476546e-05
2.161324e+01 5.552783e-01 -2.166753e-05
2.161324e+01 7.774819e-01 -3.254442e-05
2.161324e+01 1.088445e+00 -4.542961e-05
2.161324e+01 1.523711e+00 -6.455678e-05
2.161324e+01 2.088426e+00 -8.491333e-05
2.161324e+01 2.685505e+00 -8.410305e-05
2.206550e+01 1.570796e-02 -7.891569e-08
2.206550e+01 2.346256e-02 -5.799951e-08
2.206550e+01 3.503514e-02 -3.018628e-07
2.206550e+01 5.263151e-02 -5.352770e-07
2.206550e+01 7.314235e-02 -1.015912e-06
2.206550e+01 1.025928e-01 -1.513157e-06
2.206550e+01 1.448116e-01 -2.862116e-06
2.206550e+01 2.023460e-01 -4.479759e-06
2.206550e+01 2.834245e-01 -6.271716e-06
2.206550e+01 3.967448e-01 -9.338747e-06
2.206550e+01 5.552783e-01 -1.391357e-05
2.206550e+01 7.774819e-01 -2.100650e-05
2.206550e+01 1.088445e+00 -2.934523e-05
2.206550e+01 1.523711e+00 -4.140125e-05
2.206550e+01 2.088426e+00 -5.504257e-05
2.206550e+01 2.685505e+00 -5.502149e-05
2.252681e+01 1.570796e-02 -4.882040e-08
2.252681e+01 2.346256e-02 -3.023368e-08
2.252681e+01 3.503514e-02 -1.743495e-07
2.252681e+01 5.263151e-02 -3.035201e-07
2.252681e+01 7.314235e-02 -5.981287e-07
2.252681e+01 1.025928e-01 -9.398813e-07
2.252681e+01 1.448116e-01 -1.766276e-06
2.252681e+01 2.023460e-01 -2.742629e-06
2.252681e+01 2.834245e-01 -3.870387e-06
2.252681e+01 3.967448e-01 -5.876256e-06
2.252681e+01 5.552783e-01 -8.798944e-06
2.252681e+01 7.774819e-01 -1.323382e-05
2.252681e+01 1.088445e+00 -1.867511e-05
2.252681e+01 1.523711e+00 -2.615828e-05
2.252681e+01 2.088426e+00 -3.489166e-05
2.252681e+01 2.685505e+00 -3.426550e-05
2.299735e+01 1.570796e-02 -2.797519e-08
2.299735e+01 2.346256e-02 -1.480254e-08
2.299735e+01 3.503514e-02 -1.046323e-07
2.299735e+01 5.263151e-02 -1.847366e-07
2.299735e+01 7.314235e-02 -3.213911e-07
2.299735e+01 1.025928e-01 -5.403700e-07
2.299735e+01 1.448116e-01 -1.065746e-06
2.299735e+01 2.023460e-01 -1.657446e-06
2.299735e+01 2.834245e-01 -2.279508e-06
2.299735e+01 3.967448e-01 -3.489883e-06
2.299735e+01 5.552783e-01 -5.318456e-06
2.299735e+01 7.774819e-01 -8.076001e-06
2.299735e+01 1.088445e+00 -1.125639e-05
2.299735e+01 1.523711e+00 -1.606467e-05
2.299735e+01 2.088426e+00 -2.161121e-05
2.299735e+01 2.685505e+00 -2.074761e-05
2.347730e+01 1.570796e-02 -2.056261e-08
2.347730e+01 2.346256e-02 -2.794772e-11
2.347730e+01 3.503514e-02 -6.200228e-08
2.347730e+01 5.263151e-02 -1.028192e-07
2.347730e+01 7.314235e-02 -1.708455e-07
2.347730e+01 1.025928e-01 -3.104374e-07
2.347730e+01 1.448116e-01 -6.488864e-07
2.347730e+01 2.023460e-01 -1.037586e-06
2.347730e+01 2.834245e-01 -1.352643e-06
2.347730e+01 3.967448e-01 -2.157348e-06
2.347730e+01 5.552783e-01 -3.259612e-06
2.347730e+01 7.774819e-01 -4.975627e-06
2.347730e+01 1.088445e+00 -6.654699e-06
2.347730e+01 1.523711e+00 -9.677748e-06
2.347730e+01 2.088426e+00 -1.277171e-05
2.347730e+01 2.685505e+00 -1.157519e-05
2.396684e+01 1.570796e-02 4.324012e-10
2.396684e+01 2.346256e-02 1.100705e-09
2.396684e+01 3.503514e-02 2.230641e-09
2.396684e+01 5.263151e-02 4.570905e-09
2.396684e+01 7.314235e-02 9.551175e-09
2.396684e+01 1.025928e-01 1.424592e-08
2.396684e+01 1.448116e-01 2.418364e-08
2.396684e+01 2.023460e-01 3.531912e-08
2.396684e+01 2.834245e-01 5.146072e-08
2.396684e+01 3.967448e-01 7.294231e-08
2.396684e+01 5.552783e-01 1.022585e-07
2.396684e+01 7.774819e-01 1.338797e-07
2.396684e+01 1.088445e+00 1.504240e-07
2.396684e+01 1.523711e+00 1.335778e-07
2.396684e+01 2.088426e+00 8.991619e-08
2.396684e+01 2.685505e+00 4.042148e-08
2.446618e+01 1.570796e-02 4.042019e-10
2.446618e+01 2.346256e-02 1.027198e-09
2.446618e+01 3.503514e-02 2.084910e-09
2.446618e+01 5.263151e-02 4.267114e-09
2.446618e+01 7.314235e-02 8.922811e-09
2.446618e+01 1.025928e-01 1.330274e-08
2.446618e+01 1.448116e-01 2.260821e-08
2.446618e+01 2.023460e-01 3.310436e-08
2.446618e+01 2.834245e-01 4.846712e-08
2.446618e+01 3.967448e-01 6.917952e-08
2.446618e+01 5.552783e-01 9.765261e-08
2.446618e+01 7.774819e-01 1.285952e-07
2.446618e+01 1.088445e+00 1.455416e-07
2.446618e+01 1.523711e+00 1.311417e-07
2.446618e+01 2.088426e+00 8.993911e-08
2.446618e+01 2.685505e+00 4.099781e-08
2.497550e+01 1.570796e-02 3.763414e-10
2.497550e+01 2.346256e-02 9.551649e-10
2.497550e+01 3.503514e-02 1.940603e-09
2.497550e+01 5.263151e-02 3.968108e-09
2.497550e+01 7.314235e-02 8.303238e-09
2.497550e+01 1.025928e-01 1.237661e-08
2.497550e+01 1.448116e-01 2.106056e-08
2.497550e+01 2.023460e-01 3.092591e-08
2.497550e+01 2.834245e-01 4.551287e-08
2.497550e+01 3.967448e-01 6.541031e-08
2.497550e+01 5.552783e-01 9.295532e-08
2.497550e+01 7.774819e-01 1.230497e-07
2.497550e+01 1.088445e+00 1.403644e-07
2.497550e+01 1.523711e+00 1.283559e-07
2.497550e+01 2.088426e+00 9.003248e-08
2.497550e+01 2.685505e+00 4.166397e-08
2.549501e+01 1.570796e-02 3.488698e-10
2.549501e+01 2.346256e-02 8.845837e-10
2.549501e+01 3.503514e-02 1.799648e-09
2.549501e+01 5.263151e-02 3.674652e-09
2.549501e+01 7.314235e-02 7.697367e-09
2.549501e+01 1.025928e-01 1.147065e-08
2.549501e+01 1.448116e-01 1.954722e-08
2.549501e+01 2.023460e-01 2.878341e-08
2.549501e+01 2.834245e-01 4.259975e-08
2.549501e+01 3.967448e-01 6.164655e-08
2.549501e+01 5.552783e-01 8.815482e-08
2.549501e+01 7.774819e-01 1.173349e-07
2.549501e+01 1.088445e+00 1.348671e-07
2.549501e+01 1.523711e+00 1.254134e-07
2.549501e+01 2.088426e+00 9.003011e-08
2.549501e+01 2.685505e+00 4.244209e-08
2.602491e+01 1.570796e-02 3.218736e-10
2.602491e+01 2.346256e-02 8.158506e-10
2.602491e+01 3.503514e-02 1.661047e-09
2.602491e+01 5.263151e-02 3.388465e-09
2.602491e+01 7.314235e-02 7.104413e-09
2.602491e+01 1.025928e-01 1.058220e-08
2.602491e+01 1.448116e-01 1.806518e-08
2.602491e+01 2.023460e-01 2.668535e-08
2.602491e+01 2.834245e-01 3.972066e-08
2.602491e+01 3.967448e-01 5.787173e-08
2.602491e+01 5.552783e-01 8.323427e-08
2.602491e+01 7.774819e-01 1.113592e-07
2.602491e+01 1.088445e+00 1.290945e-07
2.602491e+01 1.523711e+00 1.221933e-07
2.602491e+01 2.088426e+00 8.997379e-08
2.602491e+01 2.685505e+00 4.346845e-08
2.656541e+01 1.570796e-02 2.955329e-10
2.656541e+01 2.346256e-02 7.495758e-10
2.656541e+01 3.503514e-02 1.525313e-09
2.656541e+01 5.263151e-02 3.109495e-09
2.656541e+01 7.314235e-02 6.525268e-09
2.656541e+01 1.025928e-01 9.716500e-09
2.656541e+01 1.448116e-01 1.661750e-08
2.656541e+01 2.023460e-01 2.463644e-08
2.656541e+01 2.834245e-01 3.687230e-08
2.656541e+01 3.967448e-01 5.408984e-08
2.656541e+01 5.552783e-01 7.821735e-08
2.656541e+01 7.774819e-01 1.051692e-07
2.656541e+01 1.088445e+00 1.230165e-07
2.656541e+01 1.523711e+00 1.186499e-07
2.656541e+01 2.088426e+00 8.978360e-08
2.656541e+01 2.685505e+00 4.475231e-08
2.711672e+01 1.570796e-02 2.699665e-10
2.711672e+01 2.346256e-02 6.849714e-10
2.711672e+01 3.503514e-02 1.393056e-09
2.711672e+01 5.263151e-02 2.838785e-09
2.711672e+01 7.314235e-02 5.960432e-09
2.711672e+01 1.025928e-01 8.876170e-09
2.711672e+01 1.448116e-01 1.520352e-08
2.711672e+01 2.023460e-01 2.263011e-08
2.711672e+01 2.834245e-01 3.406776e-08
2.711672e+01 3.967448e-01 5.027409e-08
2.711672e+01 5.552783e-01 7.308141e-08
2.711672e+01 7.774819e-01 9.874996e-08
2.711672e+01 1.088445e+00 1.166209e-07
2.711672e+01 1.523711e+00 1.147829e-07
2.711672e+01 2.088426e+00 8.930905e-08
2.711672e+01 2.685505e+00 4.644789e-08
2.767905e+01 1.570796e-02 2.449245e-10
2.767905e+01 2.346256e-02 6.215913e-10
2.767905e+01 3.503514e-02 1.264152e-09
2.767905e+01 5.263151e-02 2.575412e-09
2.767905e+01 7.314235e-02 5.412235e-09
2.767905e+01 1.025928e-01 8.057295e-09
2.767905e+01 1.448116e-01 1.382715e-08
2.767905e+01 2.023460e-01 2.066753e-08
2.767905e+01 2.834245e-01 3.129152e-08
2.767905e+01 3.967448e-01 4.643908e-08
2.767905e+01 5.552783e-01 6.782502e-08
2.767905e+01 7.774819e-01 9.210112e-08
2.767905e+01 1.088445e+00 1.098839e-07
2.767905e+01 1.523711e+00 1.104530e-07
2.767905e+01 2.088426e+00 8.871715e-08
2.767905e+01 2.685505e+00 4.836408e-08
2.825263e+01 1.570796e-02 2.206168e-10
2.825263e+01 2.346256e-02 5.605691e-10
2.825263e+01 3.503514e-02 1.138526e-09
2.825263e+01 5.263151e-02 2.318577e-09
2.825263e+01 7.314235e-02 4.877380e-09
2.825263e+01 1.025928e-01 7.263317e-09
2.825263e+01 1.448116e-01 1.247984e-08
2.825263e+01 2.023460e-01 1.874246e-08
2.825263e+01 2.834245e-01 2.852892e-08
2.825263e+01 3.967448e-01 4.256315e-08
2.825263e+01 5.552783e-01 6.243655e-08
2.825263e+01 7.774819e-01 8.525905e-08
2.825263e+01 1.088445e+00 1.028014e-07
2.825263e+01 1.523711e+00 1.057054e-07
2.825263e+01 2.088426e+00 8.772997e-08
2.825263e+01 2.685505e+00 5.057557e-08
2.883769e+01 1.570796e-02 1.968711e-10
2.883769e+01 2.346256e-02 5.009074e-10
2.883769e+01 3.503514e-02 1.016176e-09
2.883769e+01 5.263151e-02 2.069119e-09
2.883769e+01 7.314235e-02 4.355561e-09
2.883769e+01 1.025928e-01 6.488751e-09
2.883769e+01 1.448116e-01 1.116552e-08
2.883769e+01 2.023460e-01 1.684683e-08
2.883769e+01 2.834245e-01 2.578133e-08
2.883769e+01 3.967448e-01 3.864704e-08
2.883769e+01 5.552783e-01 5.694277e-08
2.883769e+01 7.774819e-01 7.819742e-08
2.883769e+01 1.088445e+00 9.530246e-08
2.883769e+01 1.523711e+00 1.002512e-07
2.883769e+01 2.088426e+00 8.629505e-08
2.883769e+01 2.685505e+00 5.287849e-08
2.943444e+01 1.570796e-02 1.738356e-10
2.943444e+01 2.346256e-02 4.426925e-10
2.943444e+01 3.503514e-02 8.965767e-10
2.943444e+01 5.263151e-02 1.826128e-09
2.943444e+01 7.314235e-02 3.846661e-09
2.943444e+01 1.025928e-01 5.733765e-09
2.943444e+01 1.448116e-01 9.879881e-09
2.943444e+01 2.023460e-01 1.498000e-08
2.943444e+01 2.834245e-01 2.304187e-08
2.943444e+01 3.967448e-01 3.469172e-08
2.943444e+01 5.552783e-01 5.132240e-08
2.943444e+01 7.774819e-01 7.087826e-08
2.943444e+01 1.088445e+00 8.738037e-08
2.943444e+01 1.523711e+00 9.418201e-08
2.943444e+01 2.088426e+00 8.423614e-08
2.943444e+01 2.685505e+00 5.522791e-08
3.004313e+01 1.570796e-02 1.512989e-10
3.004313e+01 2.346256e-02 3.857667e-10
3.004313e+01 3.503514e-02 7.803971e-10
3.004313e+01 5.263151e-02 1.589913e-09
3.004313e+01 7.314235e-02 3.351112e-09
3.004313e+01 1.025928e-01 4.997748e-09
3.004313e+01 1.448116e-01 8.624043e-09
3.004313e+01 2.023460e-01 1.313645e-08
3.004313e+01 2.834245e-01 2.030066e-08
3.004313e+01 3.967448e-01 3.069928e-08
3.004313e+01 5.552783e-01 4.558313e-08
3.004313e+01 7.774819e-01 6.330731e-08
3.004313e+01 1.088445e+00 7.902633e-08
3.004313e+01 1.523711e+00 8.729961e-08
3.004313e+01 2.088426e+00 8.138600e-08
3.004313e+01 2.685505e+00 5.731712e-08
3.066399e+01 1.570796e-02 1.292890e-10
3.066399e+01 2.346256e-02 3.305545e-10
3.066399e+01 3.503514e-02 6.669176e-10
3.066399e+01 5.263151e-02 1.359179e-09
3.066399e+01 7.314235e-02 2.868048e-09
3.066399e+01 1.025928e-01 4.279414e-09
3.066399e+01 1.448116e-01 7.392373e-09
3.066399e+01 2.023460e-01 1.131994e-08
3.066399e+01 2.834245e-01 1.757439e-08
3.066399e+01 3.967448e-01 2.666351e-08
3.066399e+01 5.552783e-01 3.974369e-08
3.066399e+01 7.774819e-01 5.548849e-08
3.066399e+01 1.088445e+00 7.014181e-08
3.066399e+01 1.523711e+00 7.948383e-08
3.066399e+01 2.088426e+00 7.738768e-08
3.066399e+01 2.685505e+00 5.879424e-08
3.129727e+01 1.570796e-02 1.079441e-10
3.129727e+01 2.346256e-02 2.762899e-10
3.129727e+01 3.503514e-02 5.563292e-10
3.129727e+01 5.263151e-02 1.134617e-09
3.129727e+01 7.314235e-02 2.395862e-09
3.129727e+01 1.025928e-01 3.578909e-09
3.129727e+01 1.448116e-01 6.188376e-09
3.129727e+01 2.023460e-01 9.519364e-09
3.129727e+01 2.834245e-01 1.484494e-08
3.129727e+01 3.967448e-01 2.259219e-08
3.129727e+01 5.552783e-01 3.378929e-08
3.129727e+01 7.774819e-01 4.743322e-08
3.129727e+01 1.088445e+00 6.070755e-08
3.129727e+01 1.523711e+00 7.063608e-08
3.129727e+01 2.088426e+00 7.205704e-08
3.129727e+01 2.685505e+00 5.930223e-08
3.194322e+01 1.570796e-02 8.705330e-11
3.194322e+01 2.346256e-02 2.233883e-10
3.194322e+01 3.503514e-02 4.486787e-10
3.194322e+01 5.263151e-02 9.156664e-10
3.194322e+01 7.314235e-02 1.935340e-09
3.194322e+01 1.025928e-01 2.893791e-09
3.194322e+01 1.448116e-01 5.009360e-09
3.194322e+01 2.023460e-01 7.740463e-09
3.194322e+01 2.834245e-01 1.211798e-08
3.194322e+01 3.967448e-01 1.849454e-08
3.194322e+01 5.552783e-01 2.773649e-08
3.194322e+01 7.774819e-01 3.914778e-08
3.194322e+01 1.088445e+00 5.075453e-08
3.194322e+01 1.523711e+00 6.067618e-08
3.194322e+01 2.088426e+00 6.499890e-08
3.194322e+01 2.685505e+00 5.803878e-08
3.260208e+01 1.570796e-02 6.667502e-11
3.260208e+01 2.346256e-02 1.713653e-10
3.260208e+01 3.503514e-02 3.434154e-10
3.260208e+01 5.263151e-02 7.022605e-10
3.260208e+01 7.314235e-02 1.485619e-09
3.260208e+01 1.025928e-01 2.223503e-09
3.260208e+01 1.448116e-01 3.853995e-09
3.260208e+01 2.023460e-01 5.979655e-09
3.260208e+01 2.834245e-01 9.395031e-09
3.260208e+01 3.967448e-01 1.436739e-08
3.260208e+01 5.552783e-01 2.161388e-08
3.260208e+01 7.774819e-01 3.065986e-08
3.260208e+01 1.088445e+00 4.024477e-08
3.260208e+01 1.523711e+00 4.945159e-08
3.260208e+01 2.088426e+00 5.578334e-08
3.260208e+01 2.685505e+00 5.411190e-08
3.327412e+01 1.570796e-02 4.682793e-11
3.327412e+01 2.346256e-02 1.207735e-10
3.327412e+01 3.503514e-02 2.411512e-10
3.327412e+01 5.263151e-02 4.937059e-10
3.327412e+01 7.314235e-02 1.045034e-09
3.327412e+01 1.025928e-01 1.566627e-09
3.327412e+01 1.448116e-01 2.717707e-09
3.327412e+01 2.023460e-01 4.235148e-09
3.327412e+01 2.834245e-01 6.677120e-09
3.327412e+01 3.967448e-01 1.022914e-08
3.327412e+01 5.552783e-01 1.543021e-08
3.327412e+01 7.774819e-01 2.197998e-08
3.327412e+01 1.088445e+00 2.922683e-08
3.327412e+01 1.523711e+00 3.690287e-08
3.327412e+01 2.088426e+00 4.395534e-08
3.327412e+01 2.685505e+00 4.630256e-08
3.395961e+01 1.570796e-02 2.814659e-11
3.395961e+01 2.346256e-02 7.303705e-11
3.395961e+01 3.503514e-02 1.448534e-10
3.395961e+01 5.263151e-02 2.977651e-10
3.395961e+01 7.314235e-02 6.307785e-10
3.395961e+01 1.025928e-01 9.465991e-10
3.395961e+01 1.448116e-01 1.641242e-09
3.395961e+01 2.023460e-01 2.560219e-09
3.395961e+01 2.834245e-01 4.033467e-09
3.395961e+01 3.967448e-01 6.157321e-09
3.395961e+01 5.552783e-01 9.272139e-09
3.395961e+01 7.774819e-01 1.320676e-08
3.395961e+01 1.088445e+00 1.772362e-08
3.395961e+01 1.523711e+00 2.295727e-08
3.395961e+01 2.088426e+00 2.878901e-08
3.395961e+01 2.685505e+00 3.258091e-08
3.465880e+01 1.570796e-02 9.003941e-12
3.465880e+01 2.346256e-02 2.236457e-11
3.465880e+01 3.503514e-02 4.776633e-11
3.465880e+01 5.263151e-02 9.230545e-11
3.465880e+01 7.314235e-02 2.012057e-10
3.465880e+01 1.025928e-01 2.995530e-10
3.465880e+01 1.448116e-01 5.188842e-10
3.465880e+01 2.023460e-01 8.207522e-10
3.465880e+01 2.834245e-01 1.304737e-09
3.465880e+01 3.967448e-01 2.003584e-09
3.465880e+01 5.552783e-01 3.027273e-09
3.465880e+01 7.774819e-01 4.334996e-09
3.465880e+01 1.088445e+00 5.876406e-09
3.465880e+01 1.523711e+00 7.781834e-09
3.465880e+01 2.088426e+00 1.021689e-08
3.465880e+01 2.685505e+00 1.234914e-08
3.537197e+01 1.570796e-02 0.000000e+00
3.537197e+01 2.346256e-02 0.000000e+00
3.537197e+01 3.503514e-02 0.000000e+00
3.537197e+01 5.263151e-02 0.000000e+00
3.537197e+01 7.314235e-02 0.000000e+00
3.537197e+01 1.025928e-01 0.000000e+00
3.537197e+01 1.448116e-01 0.000000e+00
3.537197e+01 2.023460e-01 0.000000e+00
3.537197e+01 2.834245e-01 0.000000e+00
3.537197e+01 3.967448e-01 0.000000e+00
3.537197e+01 5.552783e-01 0.000000e+00
3.537197e+01 7.774819e-01 0.000000e+00
3.537197e+01 1.088445e+00 0.000000e+00
3.537197e+01 1.523711e+00 0.000000e+00
3.537197e+01 2.088426e+00 0.000000e+00
3.537197e+01 2.685505e+00 0.000000e+00
