5.000000e+00 1.570796e-02 0.000000e+00
5.000000e+00 2.346256e-02 0.000000e+00
5.000000e+00 3.503514e-02 0.000000e+00
5.000000e+00 5.263151e-02 0.000000e+00
5.000000e+00 7.314235e-02 0.000000e+00
5.000000e+00 1.025928e-01 0.000000e+00
5.000000e+00 1.448116e-01 0.000000e+00
5.000000e+00 2.023460e-01 0.000000e+00
5.000000e+00 2.834245e-01 0.000000e+00
5.000000e+00 3.967448e-01 0.000000e+00
5.000000e+00 5.552783e-01 0.000000e+00
5.000000e+00 7.774819e-01 0.000000e+00
5.000000e+00 1.088445e+00 0.000000e+00
5.000000e+00 1.523711e+00 0.000000e+00
5.000000e+00 2.088426e+00 0.000000e+00
5.000000e+00 2.685505e+00 0.000000e+00
5.120000e+00 1.570796e-02 0.000000e+00
5.120000e+00 2.346256e-02 0.000000e+00
5.120000e+00 3.503514e-02 0.000000e+00
5.120000e+00 5.263151e-02 0.000000e+00
5.120000e+00 7.314235e-02 0.000000e+00
5.120000e+00 1.025928e-01 0.000000e+00
5.120000e+00 1.448116e-01 0.000000e+00
5.120000e+00 2.023460e-01 0.000000e+00
5.120000e+00 2.834245e-01 0.000000e+00
5.120000e+00 3.967448e-01 0.000000e+00
5.120000e+00 5.552783e-01 0.000000e+00
5.120000e+00 7.774819e-01 0.000000e+00
5.120000e+00 1.088445e+00 0.000000e+00
5.120000e+00 1.523711e+00 0.000000e+00
5.120000e+00 2.088426e+00 0.000000e+00
5.120000e+00 2.685505e+00 0.000000e+00
5.242400e+00 1.570796e-02 0.000000e+00
5.242400e+00 2.346256e-02 0.000000e+00
5.242400e+00 3.503514e-02 0.000000e+00
5.242400e+00 5.263151e-02 0.000000e+00
5.242400e+00 7.314235e-02 0.000000e+00
5.242400e+00 1.025928e-01 0.000000e+00
5.242400e+00 1.448116e-01 0.000000e+00
5.242400e+00 2.023460e-01 0.000000e+00
5.242400e+00 2.834245e-01 0.000000e+00
5.242400e+00 3.967448e-01 0.000000e+00
5.242400e+00 5.552783e-01 0.000000e+00
5.242400e+00 7.774819e-01 0.000000e+00
5.242400e+00 1.088445e+00 0.000000e+00
5.242400e+00 1.523711e+00 0.000000e+00
5.242400e+00 2.088426e+00 0.000000e+00
5.242400e+00 2.685505e+00 0.000000e+00
5.367248e+00 1.570796e-02 0.000000e+00
5.367248e+00 2.346256e-02 0.000000e+00
5.367248e+00 3.503514e-02 0.000000e+00
5.367248e+00 5.263151e-02 0.000000e+00
5.367248e+00 7.314235e-02 0.000000e+00
5.367248e+00 1.025928e-01 0.000000e+00
5.367248e+00 1.448116e-01 0.000000e+00
5.367248e+00 2.023460e-01 0.000000e+00
5.367248e+00 2.834245e-01 0.000000e+00
5.367248e+00 3.967448e-01 0.000000e+00
5.367248e+00 5.552783e-01 0.000000e+00
5.367248e+00 7.774819e-01 0.000000e+00
5.367248e+00 1.088445e+00 0.000000e+00
5.367248e+00 1.523711e+00 0.000000e+00
5.367248e+00 2.088426e+00 0.000000e+00
5.367248e+00 2.685505e+00 0.000000e+00
5.494593e+00 1.570796e-02 0.000000e+00
5.494593e+00 2.346256e-02 0.000000e+00
5.494593e+00 3.503514e-02 0.000000e+00
5.494593e+00 5.263151e-02 0.000000e+00
5.494593e+00 7.314235e-02 0.000000e+00
5.494593e+00 1.025928e-01 0.000000e+00
5.494593e+00 1.448116e-01 0.000000e+00
5.494593e+00 2.023460e-01 0.000000e+00
5.494593e+00 2.834245e-01 0.000000e+00
5.494593e+00 3.967448e-01 0.000000e+00
5.494593e+00 5.552783e-01 0.000000e+00
5.494593e+00 7.774819e-01 0.000000e+00
5.494593e+00 1.088445e+00 0.000000e+00
5.494593e+00 1.523711e+00 0.000000e+00
5.494593e+00 2.088426e+00 0.000000e+00
5.494593e+00 2.685505e+00 0.000000e+00
5.624485e+00 1.570796e-02 0.000000e+00
5.624485e+00 2.346256e-02 0.000000e+00
5.624485e+00 3.503514e-02 0.000000e+00
5.624485e+00 5.263151e-02 0.000000e+00
5.624485e+00 7.314235e-02 0.000000e+00
5.624485e+00 1.025928e-01 0.000000e+00
5.624485e+00 1.448116e-01 0.000000e+00
5.624485e+00 2.023460e-01 0.000000e+00
5.624485e+00 2.834245e-01 0.000000e+00
5.624485e+00 3.967448e-01 0.000000e+00
5.624485e+00 5.552783e-01 0.000000e+00
5.624485e+00 7.774819e-01 0.000000e+00
5.624485e+00 1.088445e+00 0.000000e+00
5.624485e+00 1.523711e+00 0.000000e+00
5.624485e+00 2.088426e+00 0.000000e+00
5.624485e+00 2.685505e+00 0.000000e+00
5.756975e+00 1.570796e-02 0.000000e+00
5.756975e+00 2.346256e-02 0.000000e+00
5.756975e+00 3.503514e-02 0.000000e+00
5.756975e+00 5.263151e-02 0.000000e+00
5.756975e+00 7.314235e-02 0.000000e+00
5.756975e+00 1.025928e-01 0.000000e+00
5.756975e+00 1.448116e-01 0.000000e+00
5.756975e+00 2.023460e-01 0.000000e+00
5.756975e+00 2.834245e-01 0.000000e+00
5.756975e+00 3.967448e-01 0.000000e+00
5.756975e+00 5.552783e-01 0.000000e+00
5.756975e+00 7.774819e-01 0.000000e+00
5.756975e+00 1.088445e+00 0.000000e+00
5.756975e+00 1.523711e+00 0.000000e+00
5.756975e+00 2.088426e+00 0.000000e+00
5.756975e+00 2.685505e+00 0.000000e+00
5.892114e+00 1.570796e-02 0.000000e+00
5.892114e+00 2.346256e-02 0.000000e+00
5.892114e+00 3.503514e-02 0.000000e+00
5.892114e+00 5.263151e-02 0.000000e+00
5.892114e+00 7.314235e-02 0.000000e+00
5.892114e+00 1.025928e-01 0.000000e+00
5.892114e+00 1.448116e-01 0.000000e+00
5.892114e+00 2.023460e-01 0.000000e+00
5.892114e+00 2.834245e-01 0.000000e+00
5.892114e+00 3.967448e-01 0.000000e+00
5.892114e+00 5.552783e-01 0.000000e+00
5.892114e+00 7.774819e-01 0.000000e+00
5.892114e+00 1.088445e+00 0.000000e+00
5.892114e+00 1.523711e+00 0.000000e+00
5.892114e+00 2.088426e+00 0.000000e+00
5.892114e+00 2.685505e+00 0.000000e+00
6.029956e+00 1.570796e-02 0.000000e+00
6.029956e+00 2.346256e-02 0.000000e+00
6.029956e+00 3.503514e-02 0.000000e+00
6.029956e+00 5.263151e-02 0.000000e+00
6.029956e+00 7.314235e-02 0.000000e+00
6.029956e+00 1.025928e-01 0.000000e+00
6.029956e+00 1.448116e-01 0.000000e+00
6.029956e+00 2.023460e-01 0.000000e+00
6.029956e+00 2.834245e-01 0.000000e+00
6.029956e+00 3.967448e-01 0.000000e+00
6.029956e+00 5.552783e-01 0.000000e+00
6.029956e+00 7.774819e-01 0.000000e+00
6.029956e+00 1.088445e+00 0.000000e+00
6.029956e+00 1.523711e+00 0.000000e+00
6.029956e+00 2.088426e+00 0.000000e+00
6.029956e+00 2.685505e+00 0.000000e+00
6.170555e+00 1.570796e-02 0.000000e+00
6.170555e+00 2.346256e-02 0.000000e+00
6.170555e+00 3.503514e-02 0.000000e+00
6.170555e+00 5.263151e-02 0.000000e+00
6.170555e+00 7.314235e-02 0.000000e+00
6.170555e+00 1.025928e-01 0.000000e+00
6.170555e+00 1.448116e-01 0.000000e+00
6.170555e+00 2.023460e-01 0.000000e+00
6.170555e+00 2.834245e-01 0.000000e+00
6.170555e+00 3.967448e-01 0.000000e+00
6.170555e+00 5.552783e-01 0.000000e+00
6.170555e+00 7.774819e-01 0.000000e+00
6.170555e+00 1.088445e+00 0.000000e+00
6.170555e+00 1.523711e+00 0.000000e+00
6.170555e+00 2.088426e+00 0.000000e+00
6.170555e+00 2.685505e+00 0.000000e+00
6.313967e+00 1.570796e-02 0.000000e+00
6.313967e+00 2.346256e-02 0.000000e+00
6.313967e+00 3.503514e-02 0.000000e+00
6.313967e+00 5.263151e-02 0.000000e+00
6.313967e+00 7.314235e-02 0.000000e+00
6.313967e+00 1.025928e-01 0.000000e+00
6.313967e+00 1.448116e-01 0.000000e+00
6.313967e+00 2.023460e-01 0.000000e+00
6.313967e+00 2.834245e-01 0.000000e+00
6.313967e+00 3.967448e-01 0.000000e+00
6.313967e+00 5.552783e-01 0.000000e+00
6.313967e+00 7.774819e-01 0.000000e+00
6.313967e+00 1.088445e+00 0.000000e+00
6.313967e+00 1.523711e+00 0.000000e+00
6.313967e+00 2.088426e+00 0.000000e+00
6.313967e+00 2.685505e+00 0.000000e+00
6.460246e+00 1.570796e-02 0.000000e+00
6.460246e+00 2.346256e-02 0.000000e+00
6.460246e+00 3.503514e-02 0.000000e+00
6.460246e+00 5.263151e-02 0.000000e+00
6.460246e+00 7.314235e-02 0.000000e+00
6.460246e+00 1.025928e-01 0.000000e+00
6.460246e+00 1.448116e-01 0.000000e+00
6.460246e+00 2.023460e-01 0.000000e+00
6.460246e+00 2.834245e-01 0.000000e+00
6.460246e+00 3.967448e-01 0.000000e+00
6.460246e+00 5.552783e-01 0.000000e+00
6.460246e+00 7.774819e-01 0.000000e+00
6.460246e+00 1.088445e+00 0.000000e+00
6.460246e+00 1.523711e+00 0.000000e+00
6.460246e+00 2.088426e+00 0.000000e+00
6.460246e+00 2.685505e+00 0.000000e+00
6.609451e+00 1.570796e-02 0.000000e+00
6.609451e+00 2.346256e-02 0.000000e+00
6.609451e+00 3.503514e-02 0.000000e+00
6.609451e+00 5.263151e-02 0.000000e+00
6.609451e+00 7.314235e-02 0.000000e+00
6.609451e+00 1.025928e-01 0.000000e+00
6.609451e+00 1.448116e-01 0.000000e+00
6.609451e+00 2.023460e-01 0.000000e+00
6.609451e+00 2.834245e-01 0.000000e+00
6.609451e+00 3.967448e-01 0.000000e+00
6.609451e+00 5.552783e-01 0.000000e+00
6.609451e+00 7.774819e-01 0.000000e+00
6.609451e+00 1.088445e+00 0.000000e+00
6.609451e+00 1.523711e+00 0.000000e+00
6.609451e+00 2.088426e+00 0.000000e+00
6.609451e+00 2.685505e+00 0.000000e+00
6.761640e+00 1.570796e-02 -7.242318e-06
6.761640e+00 2.346256e-02 -5.365184e-06
6.761640e+00 3.503514e-02 -9.483905e-06
6.761640e+00 5.263151e-02 -2.826867e-06
6.761640e+00 7.314235e-02 -1.860956e-05
6.761640e+00 1.025928e-01 -8.331792e-06
6.761640e+00 1.448116e-01 -2.633185e-08
6.761640e+00 2.023460e-01 -5.728485e-06
6.761640e+00 2.834245e-01 2.059426e-06
6.761640e+00 3.967448e-01 -4.483876e-06
6.761640e+00 5.552783e-01 -6.439809e-06
6.761640e+00 7.774819e-01 -2.651270e-06
6.761640e+00 1.088445e+00 -3.658445e-06
6.761640e+00 1.523711e+00 -4.501017e-06
6.761640e+00 2.088426e+00 -4.050285e-06
6.761640e+00 2.685505e+00 -3.317522e-06
6.916873e+00 1.570796e-02 -1.096659e-04
6.916873e+00 2.346256e-02 -8.076820e-05
6.916873e+00 3.503514e-02 -1.456622e-04
6.916873e+00 5.263151e-02 -2.208737e-04
6.916873e+00 7.314235e-02 -2.378511e-04
6.916873e+00 1.025928e-01 -8.238591e-05
6.916873e+00 1.448116e-01 -2.184424e-04
6.916873e+00 2.023460e-01 -1.084713e-04
6.916873e+00 2.834245e-01 -2.252288e-04
6.916873e+00 3.967448e-01 -1.151433e-04
6.916873e+00 5.552783e-01 -9.842598e-05
6.916873e+00 7.774819e-01 -9.441735e-05
6.916873e+00 1.088445e+00 -8.295087e-05
6.916873e+00 1.523711e+00 -7.772253e-05
6.916873e+00 2.088426e+00 -8.952782e-05
6.916873e+00 2.685505e+00 -9.468946e-05
7.075210e+00 1.570796e-02 -2.653437e-04
7.075210e+00 2.346256e-02 -2.637348e-04
7.075210e+00 3.503514e-02 -3.005537e-04
7.075210e+00 5.263151e-02 -5.465153e-04
7.075210e+00 7.314235e-02 -6.616921e-04
7.075210e+00 1.025928e-01 -4.882229e-04
7.075210e+00 1.448116e-01 -6.084860e-04
7.075210e+00 2.023460e-01 -5.425883e-04
7.075210e+00 2.834245e-01 -6.900285e-04
7.075210e+00 3.967448e-01 -4.639679e-04
7.075210e+00 5.552783e-01 -4.159699e-04
7.075210e+00 7.774819e-01 -3.688739e-04
7.075210e+00 1.088445e+00 -3.127123e-04
7.075210e+00 1.523711e+00 -3.004423e-04
7.075210e+00 2.088426e+00 -3.272740e-04
7.075210e+00 2.685505e+00 -3.360731e-04
7.236714e+00 1.570796e-02 -5.785102e-04
7.236714e+00 2.346256e-02 -6.927932e-04
7.236714e+00 3.503514e-02 -1.084138e-03
7.236714e+00 5.263151e-02 -1.861785e-03
7.236714e+00 7.314235e-02 -2.510966e-03
7.236714e+00 1.025928e-01 -1.953787e-03
7.236714e+00 1.448116e-01 -2.520845e-03
7.236714e+00 2.023460e-01 -2.187354e-03
7.236714e+00 2.834245e-01 -2.323042e-03
7.236714e+00 3.967448e-01 -1.730192e-03
7.236714e+00 5.552783e-01 -1.556523e-03
7.236714e+00 7.774819e-01 -1.347996e-03
7.236714e+00 1.088445e+00 -1.132472e-03
7.236714e+00 1.523711e+00 -1.089724e-03
7.236714e+00 2.088426e+00 -1.161725e-03
7.236714e+00 2.685505e+00 -1.201433e-03
7.401449e+00 1.570796e-02 -8.082026e-04
7.401449e+00 2.346256e-02 -1.465905e-03
7.401449e+00 3.503514e-02 -2.342696e-03
7.401449e+00 5.263151e-02 -3.579768e-03
7.401449e+00 7.314235e-02 -5.689492e-03
7.401449e+00 1.025928e-01 -4.283535e-03
7.401449e+00 1.448116e-01 -5.093789e-03
7.401449e+00 2.023460e-01 -5.186103e-03
7.401449e+00 2.834245e-01 -5.008217e-03
7.401449e+00 3.967448e-01 -4.102926e-03
7.401449e+00 5.552783e-01 -3.716892e-03
7.401449e+00 7.774819e-01 -3.133482e-03
7.401449e+00 1.088445e+00 -2.656760e-03
7.401449e+00 1.523711e+00 -2.504564e-03
7.401449e+00 2.088426e+00 -2.640234e-03
7.401449e+00 2.685505e+00 -2.718162e-03
7.569477e+00 1.570796e-02 -8.656233e-04
7.569477e+00 2.346256e-02 -2.063642e-03
7.569477e+00 3.503514e-02 -3.799621e-03
7.569477e+00 5.263151e-02 -5.670719e-03
7.569477e+00 7.314235e-02 -9.251276e-03
7.569477e+00 1.025928e-01 -8.005831e-03
7.569477e+00 1.448116e-01 -9.198386e-03
7.569477e+00 2.023460e-01 -9.469710e-03
7.569477e+00 2.834245e-01 -9.125351e-03
7.569477e+00 3.967448e-01 -7.802166e-03
7.569477e+00 5.552783e-01 -6.907125e-03
7.569477e+00 7.774819e-01 -5.893348e-03
7.569477e+00 1.088445e+00 -4.924548e-03
7.569477e+00 1.523711e+00 -4.561989e-03
7.569477e+00 2.088426e+00 -4.793285e-03
7.569477e+00 2.685505e+00 -4.874875e-03
7.740867e+00 1.570796e-02 -8.994643e-04
7.740867e+00 2.346256e-02 -2.374418e-03
7.740867e+00 3.503514e-02 -4.698057e-03
7.740867e+00 5.263151e-02 -7.378881e-03
7.740867e+00 7.314235e-02 -1.235153e-02
7.740867e+00 1.025928e-01 -1.223780e-02
7.740867e+00 1.448116e-01 -1.458866e-02
7.740867e+00 2.023460e-01 -1.489586e-02
7.740867e+00 2.834245e-01 -1.447501e-02
7.740867e+00 3.967448e-01 -1.235435e-02
7.740867e+00 5.552783e-01 -1.103474e-02
7.740867e+00 7.774819e-01 -9.340402e-03
7.740867e+00 1.088445e+00 -7.825899e-03
7.740867e+00 1.523711e+00 -7.129307e-03
7.740867e+00 2.088426e+00 -7.364065e-03
7.740867e+00 2.685505e+00 -7.359625e-03
7.915684e+00 1.570796e-02 -9.176035e-04
7.915684e+00 2.346256e-02 -2.306785e-03
7.915684e+00 3.503514e-02 -4.999578e-03
7.915684e+00 5.263151e-02 -8.572557e-03
7.915684e+00 7.314235e-02 -1.453085e-02
7.915684e+00 1.025928e-01 -1.608690e-02
7.915684e+00 1.448116e-01 -1.951137e-02
7.915684e+00 2.023460e-01 -2.014969e-02
7.915684e+00 2.834245e-01 -1.975015e-02
7.915684e+00 3.967448e-01 -1.741816e-02
7.915684e+00 5.552783e-01 -1.560143e-02
7.915684e+00 7.774819e-01 -1.313474e-02
7.915684e+00 1.088445e+00 -1.098195e-02
7.915684e+00 1.523711e+00 -9.874122e-03
7.915684e+00 2.088426e+00 -1.003580e-02
7.915684e+00 2.685505e+00 -9.860866e-03
8.093998e+00 1.570796e-02 -9.055144e-04
8.093998e+00 2.346256e-02 -2.140249e-03
8.093998e+00 3.503514e-02 -4.856486e-03
8.093998e+00 5.263151e-02 -8.714639e-03
8.093998e+00 7.314235e-02 -1.558736e-02
8.093998e+00 1.025928e-01 -1.872441e-02
8.093998e+00 1.448116e-01 -2.414533e-02
8.093998e+00 2.023460e-01 -2.500133e-02
8.093998e+00 2.834245e-01 -2.476128e-02
8.093998e+00 3.967448e-01 -2.244358e-02
8.093998e+00 5.552783e-01 -2.004743e-02
8.093998e+00 7.774819e-01 -1.703021e-02
8.093998e+00 1.088445e+00 -1.413483e-02
8.093998e+00 1.523711e+00 -1.264472e-02
8.093998e+00 2.088426e+00 -1.263578e-02
8.093998e+00 2.685505e+00 -1.232735e-02
8.275878e+00 1.570796e-02 -8.218164e-04
8.275878e+00 2.346256e-02 -1.993398e-03
8.275878e+00 3.503514e-02 -4.465175e-03
8.275878e+00 5.263151e-02 -8.387341e-03
8.275878e+00 7.314235e-02 -1.561290e-02
8.275878e+00 1.025928e-01 -2.009444e-02
8.275878e+00 1.448116e-01 -2.684706e-02
8.275878e+00 2.023460e-01 -2.875502e-02
8.275878e+00 2.834245e-01 -2.896198e-02
8.275878e+00 3.967448e-01 -2.680742e-02
8.275878e+00 5.552783e-01 -2.409435e-02
8.275878e+00 7.774819e-01 -2.046002e-02
8.275878e+00 1.088445e+00 -1.701392e-02
8.275878e+00 1.523711e+00 -1.508779e-02
8.275878e+00 2.088426e+00 -1.492746e-02
8.275878e+00 2.685505e+00 -1.435632e-02
8.461396e+00 1.570796e-02 -7.231520e-04
8.461396e+00 2.346256e-02 -1.784187e-03
8.461396e+00 3.503514e-02 -4.108123e-03
8.461396e+00 5.263151e-02 -7.872243e-03
8.461396e+00 7.314235e-02 -1.493218e-02
8.461396e+00 1.025928e-01 -2.032033e-02
8.461396e+00 1.448116e-01 -2.809920e-02
8.461396e+00 2.023460e-01 -3.112674e-02
8.461396e+00 2.834245e-01 -3.194553e-02
8.461396e+00 3.967448e-01 -3.010107e-02
8.461396e+00 5.552783e-01 -2.741313e-02
8.461396e+00 7.774819e-01 -2.340130e-02
8.461396e+00 1.088445e+00 -1.942478e-02
8.461396e+00 1.523711e+00 -1.709142e-02
8.461396e+00 2.088426e+00 -1.677593e-02
8.461396e+00 2.685505e+00 -1.598007e-02
8.650623e+00 1.570796e-02 -6.394393e-04
8.650623e+00 2.346256e-02 -1.614183e-03
8.650623e+00 3.503514e-02 -3.635126e-03
8.650623e+00 5.263151e-02 -7.139487e-03
8.650623e+00 7.314235e-02 -1.380804e-02
8.650623e+00 1.025928e-01 -1.962367e-02
8.650623e+00 1.448116e-01 -2.811356e-02
8.650623e+00 2.023460e-01 -3.216150e-02
8.650623e+00 2.834245e-01 -3.381705e-02
8.650623e+00 3.967448e-01 -3.264296e-02
8.650623e+00 5.552783e-01 -3.004263e-02
8.650623e+00 7.774819e-01 -2.586294e-02
8.650623e+00 1.088445e+00 -2.146678e-02
8.650623e+00 1.523711e+00 -1.879630e-02
8.650623e+00 2.088426e+00 -1.826696e-02
8.650623e+00 2.685505e+00 -1.722244e-02
8.843636e+00 1.570796e-02 -5.729519e-04
8.843636e+00 2.346256e-02 -1.454820e-03
8.843636e+00 3.503514e-02 -3.143014e-03
8.843636e+00 5.263151e-02 -6.370599e-03
8.843636e+00 7.314235e-02 -1.255691e-02
8.843636e+00 1.025928e-01 -1.827405e-02
8.843636e+00 1.448116e-01 -2.722543e-02
8.843636e+00 2.023460e-01 -3.204834e-02
8.843636e+00 2.834245e-01 -3.465689e-02
8.843636e+00 3.967448e-01 -3.422815e-02
8.843636e+00 5.552783e-01 -3.184332e-02
8.843636e+00 7.774819e-01 -2.767051e-02
8.843636e+00 1.088445e+00 -2.307298e-02
8.843636e+00 1.523711e+00 -2.015633e-02
8.843636e+00 2.088426e+00 -1.957671e-02
8.843636e+00 2.685505e+00 -1.840682e-02
9.040509e+00 1.570796e-02 -5.091940e-04
9.040509e+00 2.346256e-02 -1.290602e-03
9.040509e+00 3.503514e-02 -2.695271e-03
9.040509e+00 5.263151e-02 -5.647949e-03
9.040509e+00 7.314235e-02 -1.121201e-02
9.040509e+00 1.025928e-01 -1.673641e-02
9.040509e+00 1.448116e-01 -2.558685e-02
9.040509e+00 2.023460e-01 -3.109303e-02
9.040509e+00 2.834245e-01 -3.457483e-02
9.040509e+00 3.967448e-01 -3.488553e-02
9.040509e+00 5.552783e-01 -3.293870e-02
9.040509e+00 7.774819e-01 -2.888767e-02
9.040509e+00 1.088445e+00 -2.422328e-02
9.040509e+00 1.523711e+00 -2.108566e-02
9.040509e+00 2.088426e+00 -2.044591e-02
9.040509e+00 2.685505e+00 -1.920266e-02
9.241319e+00 1.570796e-02 -4.475920e-04
9.241319e+00 2.346256e-02 -1.158966e-03
9.241319e+00 3.503514e-02 -2.352412e-03
9.241319e+00 5.263151e-02 -4.973537e-03
9.241319e+00 7.314235e-02 -9.923402e-03
9.241319e+00 1.025928e-01 -1.501755e-02
9.241319e+00 1.448116e-01 -2.346733e-02
9.241319e+00 2.023460e-01 -2.940464e-02
9.241319e+00 2.834245e-01 -3.368694e-02
9.241319e+00 3.967448e-01 -3.479154e-02
9.241319e+00 5.552783e-01 -3.336568e-02
9.241319e+00 7.774819e-01 -2.957880e-02
9.241319e+00 1.088445e+00 -2.500776e-02
9.241319e+00 1.523711e+00 -2.177039e-02
9.241319e+00 2.088426e+00 -2.100072e-02
9.241319e+00 2.685505e+00 -1.952010e-02
9.446145e+00 1.570796e-02 -3.881610e-04
9.446145e+00 2.346256e-02 -1.030042e-03
9.446145e+00 3.503514e-02 -2.062913e-03
9.446145e+00 5.263151e-02 -4.365422e-03
9.446145e+00 7.314235e-02 -8.707187e-03
9.446145e+00 1.025928e-01 -1.326882e-02
9.446145e+00 1.448116e-01 -2.114652e-02
9.446145e+00 2.023460e-01 -2.730986e-02
9.446145e+00 2.834245e-01 -3.223453e-02
9.446145e+00 3.967448e-01 -3.408205e-02
9.446145e+00 5.552783e-01 -3.320805e-02
9.446145e+00 7.774819e-01 -2.980985e-02
9.446145e+00 1.088445e+00 -2.537684e-02
9.446145e+00 1.523711e+00 -2.218878e-02
9.446145e+00 2.088426e+00 -2.134328e-02
9.446145e+00 2.685505e+00 -1.966378e-02
9.655068e+00 1.570796e-02 -3.317265e-04
9.655068e+00 2.346256e-02 -9.160207e-04
9.655068e+00 3.503514e-02 -1.802860e-03
9.655068e+00 5.263151e-02 -3.814805e-03
9.655068e+00 7.314235e-02 -7.606662e-03
9.655068e+00 1.025928e-01 -1.161844e-02
9.655068e+00 1.448116e-01 -1.884203e-02
9.655068e+00 2.023460e-01 -2.496750e-02
9.655068e+00 2.834245e-01 -3.033658e-02
9.655068e+00 3.967448e-01 -3.280364e-02
9.655068e+00 5.552783e-01 -3.249799e-02
9.655068e+00 7.774819e-01 -2.958438e-02
9.655068e+00 1.088445e+00 -2.535574e-02
9.655068e+00 1.523711e+00 -2.233224e-02
9.655068e+00 2.088426e+00 -2.148380e-02
9.655068e+00 2.685505e+00 -1.967508e-02
9.868170e+00 1.570796e-02 -2.825185e-04
9.868170e+00 2.346256e-02 -8.122616e-04
9.868170e+00 3.503514e-02 -1.574770e-03
9.868170e+00 5.263151e-02 -3.318442e-03
9.868170e+00 7.314235e-02 -6.636180e-03
9.868170e+00 1.025928e-01 -1.012513e-02
9.868170e+00 1.448116e-01 -1.662152e-02
9.868170e+00 2.023460e-01 -2.255109e-02
9.868170e+00 2.834245e-01 -2.810623e-02
9.868170e+00 3.967448e-01 -3.110252e-02
9.868170e+00 5.552783e-01 -3.135550e-02
9.868170e+00 7.774819e-01 -2.893331e-02
9.868170e+00 1.088445e+00 -2.505154e-02
9.868170e+00 1.523711e+00 -2.215973e-02
9.868170e+00 2.088426e+00 -2.137261e-02
9.868170e+00 2.685505e+00 -1.949674e-02
1.008553e+01 1.570796e-02 -2.413343e-04
1.008553e+01 2.346256e-02 -7.119429e-04
1.008553e+01 3.503514e-02 -1.373655e-03
1.008553e+01 5.263151e-02 -2.880697e-03
1.008553e+01 7.314235e-02 -5.758267e-03
1.008553e+01 1.025928e-01 -8.781349e-03
1.008553e+01 1.448116e-01 -1.454969e-02
1.008553e+01 2.023460e-01 -2.016731e-02
1.008553e+01 2.834245e-01 -2.569667e-02
1.008553e+01 3.967448e-01 -2.905636e-02
1.008553e+01 5.552783e-01 -2.986692e-02
1.008553e+01 7.774819e-01 -2.793261e-02
1.008553e+01 1.088445e+00 -2.448831e-02
1.008553e+01 1.523711e+00 -2.185956e-02
1.008553e+01 2.088426e+00 -2.106025e-02
1.008553e+01 2.685505e+00 -1.915194e-02
1.030724e+01 1.570796e-02 -2.077885e-04
1.030724e+01 2.346256e-02 -6.208346e-04
1.030724e+01 3.503514e-02 -1.196670e-03
1.030724e+01 5.263151e-02 -2.491101e-03
1.030724e+01 7.314235e-02 -4.981363e-03
1.030724e+01 1.025928e-01 -7.613815e-03
1.030724e+01 1.448116e-01 -1.268959e-02
1.030724e+01 2.023460e-01 -1.784073e-02
1.030724e+01 2.834245e-01 -2.318196e-02
1.030724e+01 3.967448e-01 -2.679256e-02
1.030724e+01 5.552783e-01 -2.804049e-02
1.030724e+01 7.774819e-01 -2.665741e-02
1.030724e+01 1.088445e+00 -2.367066e-02
1.030724e+01 1.523711e+00 -2.134800e-02
1.030724e+01 2.088426e+00 -2.060192e-02
1.030724e+01 2.685505e+00 -1.868136e-02
1.053339e+01 1.570796e-02 -1.796345e-04
1.053339e+01 2.346256e-02 -5.381857e-04
1.053339e+01 3.503514e-02 -1.041820e-03
1.053339e+01 5.263151e-02 -2.153206e-03
1.053339e+01 7.314235e-02 -4.305222e-03
1.053339e+01 1.025928e-01 -6.613757e-03
1.053339e+01 1.448116e-01 -1.101804e-02
1.053339e+01 2.023460e-01 -1.566262e-02
1.053339e+01 2.834245e-01 -2.070221e-02
1.053339e+01 3.967448e-01 -2.439774e-02
1.053339e+01 5.552783e-01 -2.602700e-02
1.053339e+01 7.774819e-01 -2.513730e-02
1.053339e+01 1.088445e+00 -2.264784e-02
1.053339e+01 1.523711e+00 -2.060786e-02
1.053339e+01 2.088426e+00 -1.995186e-02
1.053339e+01 2.685505e+00 -1.791618e-02
1.076406e+01 1.570796e-02 -1.553515e-04
1.076406e+01 2.346256e-02 -4.678044e-04
1.076406e+01 3.503514e-02 -9.085540e-04
1.076406e+01 5.263151e-02 -1.857856e-03
1.076406e+01 7.314235e-02 -3.715529e-03
1.076406e+01 1.025928e-01 -5.725216e-03
1.076406e+01 1.448116e-01 -9.543601e-03
1.076406e+01 2.023460e-01 -1.364167e-02
1.076406e+01 2.834245e-01 -1.832355e-02
1.076406e+01 3.967448e-01 -2.199871e-02
1.076406e+01 5.552783e-01 -2.394396e-02
1.076406e+01 7.774819e-01 -2.348023e-02
1.076406e+01 1.088445e+00 -2.147463e-02
1.076406e+01 1.523711e+00 -1.972208e-02
1.076406e+01 2.088426e+00 -1.912032e-02
1.076406e+01 2.685505e+00 -1.704782e-02
1.099934e+01 1.570796e-02 -1.346443e-04
1.099934e+01 2.346256e-02 -4.007721e-04
1.099934e+01 3.503514e-02 -7.871326e-04
1.099934e+01 5.263151e-02 -1.592365e-03
1.099934e+01 7.314235e-02 -3.189443e-03
1.099934e+01 1.025928e-01 -4.928950e-03
1.099934e+01 1.448116e-01 -8.205989e-03
1.099934e+01 2.023460e-01 -1.178723e-02
1.099934e+01 2.834245e-01 -1.605340e-02
1.099934e+01 3.967448e-01 -1.961175e-02
1.099934e+01 5.552783e-01 -2.172705e-02
1.099934e+01 7.774819e-01 -2.168796e-02
1.099934e+01 1.088445e+00 -2.017147e-02
1.099934e+01 1.523711e+00 -1.881452e-02
1.099934e+01 2.088426e+00 -1.839377e-02
1.099934e+01 2.685505e+00 -1.639117e-02
1.123932e+01 1.570796e-02 -1.171174e-04
1.123932e+01 2.346256e-02 -3.394146e-04
1.123932e+01 3.503514e-02 -6.789612e-04
1.123932e+01 5.263151e-02 -1.360521e-03
1.123932e+01 7.314235e-02 -2.732288e-03
1.123932e+01 1.025928e-01 -4.222720e-03
1.123932e+01 1.448116e-01 -7.017231e-03
1.123932e+01 2.023460e-01 -1.012376e-02
1.123932e+01 2.834245e-01 -1.396891e-02
1.123932e+01 3.967448e-01 -1.733494e-02
1.123932e+01 5.552783e-01 -1.953507e-02
1.123932e+01 7.774819e-01 -1.985145e-02
1.123932e+01 1.088445e+00 -1.877877e-02
1.123932e+01 1.523711e+00 -1.779632e-02
1.123932e+01 2.088426e+00 -1.750617e-02
1.123932e+01 2.685505e+00 -1.554386e-02
1.148411e+01 1.570796e-02 -1.011564e-04
1.148411e+01 2.346256e-02 -2.873847e-04
1.148411e+01 3.503514e-02 -5.784976e-04
1.148411e+01 5.263151e-02 -1.159730e-03
1.148411e+01 7.314235e-02 -2.331923e-03
1.148411e+01 1.025928e-01 -3.594320e-03
1.148411e+01 1.448116e-01 -5.975960e-03
1.148411e+01 2.023460e-01 -8.644531e-03
1.148411e+01 2.834245e-01 -1.205938e-02
1.148411e+01 3.967448e-01 -1.519479e-02
1.148411e+01 5.552783e-01 -1.741868e-02
1.148411e+01 7.774819e-01 -1.799707e-02
1.148411e+01 1.088445e+00 -1.730792e-02
1.148411e+01 1.523711e+00 -1.661277e-02
1.148411e+01 2.088426e+00 -1.642370e-02
1.148411e+01 2.685505e+00 -1.450755e-02
1.173379e+01 1.570796e-02 -8.723587e-05
1.173379e+01 2.346256e-02 -2.409352e-04
1.173379e+01 3.503514e-02 -4.903674e-04
1.173379e+01 5.263151e-02 -9.855986e-04
1.173379e+01 7.314235e-02 -1.977810e-03
1.173379e+01 1.025928e-01 -3.044050e-03
1.173379e+01 1.448116e-01 -5.060086e-03
1.173379e+01 2.023460e-01 -7.347311e-03
1.173379e+01 2.834245e-01 -1.032715e-02
1.173379e+01 3.967448e-01 -1.320609e-02
1.173379e+01 5.552783e-01 -1.538642e-02
1.173379e+01 7.774819e-01 -1.617916e-02
1.173379e+01 1.088445e+00 -1.578607e-02
1.173379e+01 1.523711e+00 -1.534652e-02
1.173379e+01 2.088426e+00 -1.529853e-02
1.173379e+01 2.685505e+00 -1.346616e-02
1.198847e+01 1.570796e-02 -7.359491e-05
1.198847e+01 2.346256e-02 -1.992358e-04
1.198847e+01 3.503514e-02 -4.162979e-04
1.198847e+01 5.263151e-02 -8.334989e-04
1.198847e+01 7.314235e-02 -1.669278e-03
1.198847e+01 1.025928e-01 -2.571379e-03
1.198847e+01 1.448116e-01 -4.259669e-03
1.198847e+01 2.023460e-01 -6.224245e-03
1.198847e+01 2.834245e-01 -8.795533e-03
1.198847e+01 3.967448e-01 -1.138161e-02
1.198847e+01 5.552783e-01 -1.345930e-02
1.198847e+01 7.774819e-01 -1.440357e-02
1.198847e+01 1.088445e+00 -1.428903e-02
1.198847e+01 1.523711e+00 -1.412869e-02
1.198847e+01 2.088426e+00 -1.420697e-02
1.198847e+01 2.685505e+00 -1.247060e-02
1.224824e+01 1.570796e-02 -6.216588e-05
1.224824e+01 2.346256e-02 -1.656917e-04
1.224824e+01 3.503514e-02 -3.514704e-04
1.224824e+01 5.263151e-02 -7.034815e-04
1.224824e+01 7.314235e-02 -1.401308e-03
1.224824e+01 1.025928e-01 -2.168374e-03
1.224824e+01 1.448116e-01 -3.582368e-03
1.224824e+01 2.023460e-01 -5.263306e-03
1.224824e+01 2.834245e-01 -7.457782e-03
1.224824e+01 3.967448e-01 -9.751021e-03
1.224824e+01 5.552783e-01 -1.168663e-02
1.224824e+01 7.774819e-01 -1.270930e-02
1.224824e+01 1.088445e+00 -1.283878e-02
1.224824e+01 1.523711e+00 -1.289064e-02
1.224824e+01 2.088426e+00 -1.308570e-02
1.224824e+01 2.685505e+00 -1.141994e-02
1.251320e+01 1.570796e-02 -5.290763e-05
1.251320e+01 2.346256e-02 -1.375564e-04
1.251320e+01 3.503514e-02 -2.939352e-04
1.251320e+01 5.263151e-02 -5.893490e-04
1.251320e+01 7.314235e-02 -1.172350e-03
1.251320e+01 1.025928e-01 -1.818477e-03
1.251320e+01 1.448116e-01 -3.000480e-03
1.251320e+01 2.023460e-01 -4.420291e-03
1.251320e+01 2.834245e-01 -6.280229e-03
1.251320e+01 3.967448e-01 -8.288116e-03
1.251320e+01 5.552783e-01 -1.005243e-02
1.251320e+01 7.774819e-01 -1.112258e-02
1.251320e+01 1.088445e+00 -1.141427e-02
1.251320e+01 1.523711e+00 -1.164734e-02
1.251320e+01 2.088426e+00 -1.192461e-02
1.251320e+01 2.685505e+00 -1.038392e-02
1.278347e+01 1.570796e-02 -4.436884e-05
1.278347e+01 2.346256e-02 -1.128277e-04
1.278347e+01 3.503514e-02 -2.453040e-04
1.278347e+01 5.263151e-02 -4.912498e-04
1.278347e+01 7.314235e-02 -9.741868e-04
1.278347e+01 1.025928e-01 -1.517719e-03
1.278347e+01 1.448116e-01 -2.496776e-03
1.278347e+01 2.023460e-01 -3.693921e-03
1.278347e+01 2.834245e-01 -5.261849e-03
1.278347e+01 3.967448e-01 -6.992110e-03
1.278347e+01 5.552783e-01 -8.574577e-03
1.278347e+01 7.774819e-01 -9.641735e-03
1.278347e+01 1.088445e+00 -1.008451e-02
1.278347e+01 1.523711e+00 -1.046643e-02
1.278347e+01 2.088426e+00 -1.082034e-02
1.278347e+01 2.685505e+00 -9.455412e-03
1.305914e+01 1.570796e-02 -3.663737e-05
1.305914e+01 2.346256e-02 -9.085185e-05
1.305914e+01 3.503514e-02 -2.015208e-04
1.305914e+01 5.263151e-02 -4.074481e-04
1.305914e+01 7.314235e-02 -8.070745e-04
1.305914e+01 1.025928e-01 -1.259088e-03
1.305914e+01 1.448116e-01 -2.067535e-03
1.305914e+01 2.023460e-01 -3.068381e-03
1.305914e+01 2.834245e-01 -4.379672e-03
1.305914e+01 3.967448e-01 -5.854809e-03
1.305914e+01 5.552783e-01 -7.264909e-03
1.305914e+01 7.774819e-01 -8.306224e-03
1.305914e+01 1.088445e+00 -8.841745e-03
1.305914e+01 1.523711e+00 -9.324439e-03
1.305914e+01 2.088426e+00 -9.741648e-03
1.305914e+01 2.685505e+00 -8.537478e-03
1.334032e+01 1.570796e-02 -3.058206e-05
1.334032e+01 2.346256e-02 -7.409257e-05
1.334032e+01 3.503514e-02 -1.662148e-04
1.334032e+01 5.263151e-02 -3.371618e-04
1.334032e+01 7.314235e-02 -6.667981e-04
1.334032e+01 1.025928e-01 -1.040433e-03
1.334032e+01 1.448116e-01 -1.700535e-03
1.334032e+01 2.023460e-01 -2.534080e-03
1.334032e+01 2.834245e-01 -3.630615e-03
1.334032e+01 3.967448e-01 -4.871573e-03
1.334032e+01 5.552783e-01 -6.097757e-03
1.334032e+01 7.774819e-01 -7.110367e-03
1.334032e+01 1.088445e+00 -7.695629e-03
1.334032e+01 1.523711e+00 -8.239121e-03
1.334032e+01 2.088426e+00 -8.706675e-03
1.334032e+01 2.685505e+00 -7.672947e-03
1.362713e+01 1.570796e-02 -2.521814e-05
1.362713e+01 2.346256e-02 -6.033996e-05
1.362713e+01 3.503514e-02 -1.362725e-04
1.362713e+01 5.263151e-02 -2.742496e-04
1.362713e+01 7.314235e-02 -5.454692e-04
1.362713e+01 1.025928e-01 -8.510395e-04
1.362713e+01 1.448116e-01 -1.391616e-03
1.362713e+01 2.023460e-01 -2.078697e-03
1.362713e+01 2.834245e-01 -2.975437e-03
1.362713e+01 3.967448e-01 -4.012176e-03
1.362713e+01 5.552783e-01 -5.077684e-03
1.362713e+01 7.774819e-01 -6.013495e-03
1.362713e+01 1.088445e+00 -6.623425e-03
1.362713e+01 1.523711e+00 -7.217110e-03
1.362713e+01 2.088426e+00 -7.716840e-03
1.362713e+01 2.685505e+00 -6.894450e-03
1.391967e+01 1.570796e-02 -2.061062e-05
1.391967e+01 2.346256e-02 -4.832105e-05
1.391967e+01 3.503514e-02 -1.094801e-04
1.391967e+01 5.263151e-02 -2.221249e-04
1.391967e+01 7.314235e-02 -4.443987e-04
1.391967e+01 1.025928e-01 -6.909218e-04
1.391967e+01 1.448116e-01 -1.128658e-03
1.391967e+01 2.023460e-01 -1.694558e-03
1.391967e+01 2.834245e-01 -2.429464e-03
1.391967e+01 3.967448e-01 -3.288837e-03
1.391967e+01 5.552783e-01 -4.196002e-03
1.391967e+01 7.774819e-01 -5.049174e-03
1.391967e+01 1.088445e+00 -5.675659e-03
1.391967e+01 1.523711e+00 -6.293114e-03
1.391967e+01 2.088426e+00 -6.837533e-03
1.391967e+01 2.685505e+00 -6.115132e-03
1.421806e+01 1.570796e-02 -1.676981e-05
1.421806e+01 2.346256e-02 -3.881943e-05
1.421806e+01 3.503514e-02 -8.932066e-05
1.421806e+01 5.263151e-02 -1.807238e-04
1.421806e+01 7.314235e-02 -3.587124e-04
1.421806e+01 1.025928e-01 -5.598094e-04
1.421806e+01 1.448116e-01 -9.166601e-04
1.421806e+01 2.023460e-01 -1.377477e-03
1.421806e+01 2.834245e-01 -1.978219e-03
1.421806e+01 3.967448e-01 -2.683042e-03
1.421806e+01 5.552783e-01 -3.457585e-03
1.421806e+01 7.774819e-01 -4.225719e-03
1.421806e+01 1.088445e+00 -4.840806e-03
1.421806e+01 1.523711e+00 -5.471146e-03
1.421806e+01 2.088426e+00 -6.007064e-03
1.421806e+01 2.685505e+00 -5.406002e-03
1.452242e+01 1.570796e-02 -1.355157e-05
1.452242e+01 2.346256e-02 -3.116007e-05
1.452242e+01 3.503514e-02 -7.186930e-05
1.452242e+01 5.263151e-02 -1.453009e-04
1.452242e+01 7.314235e-02 -2.873519e-04
1.452242e+01 1.025928e-01 -4.485775e-04
1.452242e+01 1.448116e-01 -7.358067e-04
1.452242e+01 2.023460e-01 -1.108781e-03
1.452242e+01 2.834245e-01 -1.594608e-03
1.452242e+01 3.967448e-01 -2.175408e-03
1.452242e+01 5.552783e-01 -2.824415e-03
1.452242e+01 7.774819e-01 -3.507884e-03
1.452242e+01 1.088445e+00 -4.089636e-03
1.452242e+01 1.523711e+00 -4.723008e-03
1.452242e+01 2.088426e+00 -5.247328e-03
1.452242e+01 2.685505e+00 -4.788343e-03
1.483287e+01 1.570796e-02 -1.103221e-05
1.483287e+01 2.346256e-02 -2.497257e-05
1.483287e+01 3.503514e-02 -5.770856e-05
1.483287e+01 5.263151e-02 -1.173391e-04
1.483287e+01 7.314235e-02 -2.304715e-04
1.483287e+01 1.025928e-01 -3.594191e-04
1.483287e+01 1.448116e-01 -5.909910e-04
1.483287e+01 2.023460e-01 -8.897420e-04
1.483287e+01 2.834245e-01 -1.280263e-03
1.483287e+01 3.967448e-01 -1.755760e-03
1.483287e+01 5.552783e-01 -2.305468e-03
1.483287e+01 7.774819e-01 -2.894845e-03
1.483287e+01 1.088445e+00 -3.433113e-03
1.483287e+01 1.523711e+00 -4.042410e-03
1.483287e+01 2.088426e+00 -4.556278e-03
1.483287e+01 2.685505e+00 -4.157673e-03
1.514953e+01 1.570796e-02 -8.783663e-06
1.514953e+01 2.346256e-02 -1.955142e-05
1.514953e+01 3.503514e-02 -4.562930e-05
1.514953e+01 5.263151e-02 -9.337995e-05
1.514953e+01 7.314235e-02 -1.834311e-04
1.514953e+01 1.025928e-01 -2.858185e-04
1.514953e+01 1.448116e-01 -4.706009e-04
1.514953e+01 2.023460e-01 -7.116109e-04
1.514953e+01 2.834245e-01 -1.024094e-03
1.514953e+01 3.967448e-01 -1.409499e-03
1.514953e+01 5.552783e-01 -1.863803e-03
1.514953e+01 7.774819e-01 -2.367674e-03
1.514953e+01 1.088445e+00 -2.868128e-03
1.514953e+01 1.523711e+00 -3.435240e-03
1.514953e+01 2.088426e+00 -3.924165e-03
1.514953e+01 2.685505e+00 -3.631018e-03
1.547252e+01 1.570796e-02 -7.076352e-06
1.547252e+01 2.346256e-02 -1.496147e-05
1.547252e+01 3.503514e-02 -3.595453e-05
1.547252e+01 5.263151e-02 -7.317510e-05
1.547252e+01 7.314235e-02 -1.440405e-04
1.547252e+01 1.025928e-01 -2.254348e-04
1.547252e+01 1.448116e-01 -3.711555e-04
1.547252e+01 2.023460e-01 -5.649814e-04
1.547252e+01 2.834245e-01 -8.086402e-04
1.547252e+01 3.967448e-01 -1.117562e-03
1.547252e+01 5.552783e-01 -1.489575e-03
1.547252e+01 7.774819e-01 -1.919285e-03
1.547252e+01 1.088445e+00 -2.370908e-03
1.547252e+01 1.523711e+00 -2.886786e-03
1.547252e+01 2.088426e+00 -3.338209e-03
1.547252e+01 2.685505e+00 -3.102572e-03
1.580197e+01 1.570796e-02 -5.613679e-06
1.580197e+01 2.346256e-02 -1.161513e-05
1.580197e+01 3.503514e-02 -2.810613e-05
1.580197e+01 5.263151e-02 -5.709512e-05
1.580197e+01 7.314235e-02 -1.132856e-04
1.580197e+01 1.025928e-01 -1.784420e-04
1.580197e+01 1.448116e-01 -2.922220e-04
1.580197e+01 2.023460e-01 -4.449280e-04
1.580197e+01 2.834245e-01 -6.351119e-04
1.580197e+01 3.967448e-01 -8.838406e-04
1.580197e+01 5.552783e-01 -1.186872e-03
1.580197e+01 7.774819e-01 -1.546126e-03
1.580197e+01 1.088445e+00 -1.940650e-03
1.580197e+01 1.523711e+00 -2.403027e-03
1.580197e+01 2.088426e+00 -2.803752e-03
1.580197e+01 2.685505e+00 -2.633905e-03
1.613801e+01 1.570796e-02 -4.472052e-06
1.613801e+01 2.346256e-02 -8.997794e-06
1.613801e+01 3.503514e-02 -2.203917e-05
1.613801e+01 5.263151e-02 -4.471080e-05
1.613801e+01 7.314235e-02 -8.837130e-05
1.613801e+01 1.025928e-01 -1.389497e-04
1.613801e+01 1.448116e-01 -2.293921e-04
1.613801e+01 2.023460e-01 -3.473006e-04
1.613801e+01 2.834245e-01 -4.964442e-04
1.613801e+01 3.967448e-01 -6.927634e-04
1.613801e+01 5.552783e-01 -9.369427e-04
1.613801e+01 7.774819e-01 -1.232455e-03
1.613801e+01 1.088445e+00 -1.576927e-03
1.613801e+01 1.523711e+00 -1.991184e-03
1.613801e+01 2.088426e+00 -2.357246e-03
1.613801e+01 2.685505e+00 -2.230132e-03
1.648077e+01 1.570796e-02 -3.672769e-06
1.648077e+01 2.346256e-02 -7.098408e-06
1.648077e+01 3.503514e-02 -1.735617e-05
1.648077e+01 5.263151e-02 -3.399669e-05
1.648077e+01 7.314235e-02 -6.920783e-05
1.648077e+01 1.025928e-01 -1.080521e-04
1.648077e+01 1.448116e-01 -1.778187e-04
1.648077e+01 2.023460e-01 -2.714626e-04
1.648077e+01 2.834245e-01 -3.885852e-04
1.648077e+01 3.967448e-01 -5.428158e-04
1.648077e+01 5.552783e-01 -7.393858e-04
1.648077e+01 7.774819e-01 -9.801312e-04
1.648077e+01 1.088445e+00 -1.276015e-03
1.648077e+01 1.523711e+00 -1.642104e-03
1.648077e+01 2.088426e+00 -1.960074e-03
1.648077e+01 2.685505e+00 -1.832669e-03
1.683038e+01 1.570796e-02 -2.726371e-06
1.683038e+01 2.346256e-02 -5.351410e-06
1.683038e+01 3.503514e-02 -1.350910e-05
1.683038e+01 5.263151e-02 -2.596662e-05
1.683038e+01 7.314235e-02 -5.307833e-05
1.683038e+01 1.025928e-01 -8.275494e-05
1.683038e+01 1.448116e-01 -1.366825e-04
1.683038e+01 2.023460e-01 -2.086458e-04
1.683038e+01 2.834245e-01 -2.985624e-04
1.683038e+01 3.967448e-01 -4.182169e-04
1.683038e+01 5.552783e-01 -5.742011e-04
1.683038e+01 7.774819e-01 -7.690999e-04
1.683038e+01 1.088445e+00 -1.018550e-03
1.683038e+01 1.523711e+00 -1.330596e-03
1.683038e+01 2.088426e+00 -1.601333e-03
1.683038e+01 2.685505e+00 -1.491077e-03
1.718699e+01 1.570796e-02 -2.139550e-06
1.718699e+01 2.346256e-02 -4.052863e-06
1.718699e+01 3.503514e-02 -1.026026e-05
1.718699e+01 5.263151e-02 -1.976831e-05
1.718699e+01 7.314235e-02 -3.989244e-05
1.718699e+01 1.025928e-01 -6.216488e-05
1.718699e+01 1.448116e-01 -1.043226e-04
1.718699e+01 2.023460e-01 -1.591086e-04
1.718699e+01 2.834245e-01 -2.270089e-04
1.718699e+01 3.967448e-01 -3.194416e-04
1.718699e+01 5.552783e-01 -4.404298e-04
1.718699e+01 7.774819e-01 -5.964669e-04
1.718699e+01 1.088445e+00 -8.002916e-04
1.718699e+01 1.523711e+00 -1.064918e-03
1.718699e+01 2.088426e+00 -1.297911e-03
1.718699e+01 2.685505e+00 -1.210431e-03
1.755073e+01 1.570796e-02 -1.663041e-06
1.755073e+01 2.346256e-02 -3.015167e-06
1.755073e+01 3.503514e-02 -7.863337e-06
1.755073e+01 5.263151e-02 -1.512354e-05
1.755073e+01 7.314235e-02 -2.997507e-05
1.755073e+01 1.025928e-01 -4.701455e-05
1.755073e+01 1.448116e-01 -7.929222e-05
1.755073e+01 2.023460e-01 -1.207997e-04
1.755073e+01 2.834245e-01 -1.736292e-04
1.755073e+01 3.967448e-01 -2.438251e-04
1.755073e+01 5.552783e-01 -3.374262e-04
1.755073e+01 7.774819e-01 -4.613552e-04
1.755073e+01 1.088445e+00 -6.260993e-04
1.755073e+01 1.523711e+00 -8.442316e-04
1.755073e+01 2.088426e+00 -1.036692e-03
1.755073e+01 2.685505e+00 -9.739757e-04
1.792175e+01 1.570796e-02 -1.280928e-06
1.792175e+01 2.346256e-02 -2.153866e-06
1.792175e+01 3.503514e-02 -6.054148e-06
1.792175e+01 5.263151e-02 -1.123685e-05
1.792175e+01 7.314235e-02 -2.255906e-05
1.792175e+01 1.025928e-01 -3.489043e-05
1.792175e+01 1.448116e-01 -5.897479e-05
1.792175e+01 2.023460e-01 -9.075832e-05
1.792175e+01 2.834245e-01 -1.295676e-04
1.792175e+01 3.967448e-01 -1.831251e-04
1.792175e+01 5.552783e-01 -2.539189e-04
1.792175e+01 7.774819e-01 -3.509857e-04
1.792175e+01 1.088445e+00 -4.816865e-04
1.792175e+01 1.523711e+00 -6.564222e-04
1.792175e+01 2.088426e+00 -8.147211e-04
1.792175e+01 2.685505e+00 -7.724883e-04
1.830018e+01 1.570796e-02 -1.002746e-06
1.830018e+01 2.346256e-02 -1.499607e-06
1.830018e+01 3.503514e-02 -4.509192e-06
1.830018e+01 5.263151e-02 -8.113572e-06
1.830018e+01 7.314235e-02 -1.635841e-05
1.830018e+01 1.025928e-01 -2.550601e-05
1.830018e+01 1.448116e-01 -4.328312e-05
1.830018e+01 2.023460e-01 -6.699836e-05
1.830018e+01 2.834245e-01 -9.525533e-05
1.830018e+01 3.967448e-01 -1.358717e-04
1.830018e+01 5.552783e-01 -1.887732e-04
1.830018e+01 7.774819e-01 -2.646749e-04
1.830018e+01 1.088445e+00 -3.642728e-04
1.830018e+01 1.523711e+00 -4.996961e-04
1.830018e+01 2.088426e+00 -6.253675e-04
1.830018e+01 2.685505e+00 -5.950758e-04
1.868618e+01 1.570796e-02 -7.357606e-07
1.868618e+01 2.346256e-02 -9.868215e-07
1.868618e+01 3.503514e-02 -3.255296e-06
1.868618e+01 5.263151e-02 -6.083667e-06
1.868618e+01 7.314235e-02 -1.185300e-05
1.868618e+01 1.025928e-01 -1.829569e-05
1.868618e+01 1.448116e-01 -3.113384e-05
1.868618e+01 2.023460e-01 -4.811654e-05
1.868618e+01 2.834245e-01 -6.904628e-05
1.868618e+01 3.967448e-01 -9.845370e-05
1.868618e+01 5.552783e-01 -1.380563e-04
1.868618e+01 7.774819e-01 -1.951836e-04
1.868618e+01 1.088445e+00 -2.696441e-04
1.868618e+01 1.523711e+00 -3.748820e-04
1.868618e+01 2.088426e+00 -4.688321e-04
1.868618e+01 2.685505e+00 -4.464989e-04
1.907991e+01 1.570796e-02 -5.426167e-07
1.907991e+01 2.346256e-02 -6.910305e-07
1.907991e+01 3.503514e-02 -2.252335e-06
1.907991e+01 5.263151e-02 -4.469671e-06
1.907991e+01 7.314235e-02 -8.388929e-06
1.907991e+01 1.025928e-01 -1.279678e-05
1.907991e+01 1.448116e-01 -2.217757e-05
1.907991e+01 2.023460e-01 -3.417491e-05
1.907991e+01 2.834245e-01 -4.853344e-05
1.907991e+01 3.967448e-01 -6.956086e-05
1.907991e+01 5.552783e-01 -9.834013e-05
1.907991e+01 7.774819e-01 -1.420114e-04
1.907991e+01 1.088445e+00 -1.963979e-04
1.907991e+01 1.523711e+00 -2.751739e-04
1.907991e+01 2.088426e+00 -3.466119e-04
1.907991e+01 2.685505e+00 -3.297166e-04
1.948151e+01 1.570796e-02 -3.955742e-07
1.948151e+01 2.346256e-02 -4.670329e-07
1.948151e+01 3.503514e-02 -1.559469e-06
1.948151e+01 5.263151e-02 -3.145441e-06
1.948151e+01 7.314235e-02 -5.812343e-06
1.948151e+01 1.025928e-01 -8.846469e-06
1.948151e+01 1.448116e-01 -1.556486e-05
1.948151e+01 2.023460e-01 -2.419001e-05
1.948151e+01 2.834245e-01 -3.438058e-05
1.948151e+01 3.967448e-01 -4.951623e-05
1.948151e+01 5.552783e-01 -7.025504e-05
1.948151e+01 7.774819e-01 -1.022741e-04
1.948151e+01 1.088445e+00 -1.416343e-04
1.948151e+01 1.523711e+00 -1.993254e-04
1.948151e+01 2.088426e+00 -2.520710e-04
1.948151e+01 2.685505e+00 -2.394491e-04
1.989114e+01 1.570796e-02 -2.854995e-07
1.989114e+01 2.346256e-02 -2.855880e-07
1.989114e+01 3.503514e-02 -1.055402e-06
1.989114e+01 5.263151e-02 -2.237250e-06
1.989114e+01 7.314235e-02 -4.061765e-06
1.989114e+01 1.025928e-01 -5.974900e-06
1.989114e+01 1.448116e-01 -1.080630e-05
1.989114e+01 2.023460e-01 -1.685053e-05
1.989114e+01 2.834245e-01 -2.365857e-05
1.989114e+01 3.967448e-01 -3.451141e-05
1.989114e+01 5.552783e-01 -4.899432e-05
1.989114e+01 7.774819e-01 -7.226767e-05
1.989114e+01 1.088445e+00 -1.000437e-04
1.989114e+01 1.523711e+00 -1.407509e-04
1.989114e+01 2.088426e+00 -1.798921e-04
1.989114e+01 2.685505e+00 -1.749973e-04
2.030896e+01 1.570796e-02 -2.067453e-07
2.030896e+01 2.346256e-02 -1.974967e-07
2.030896e+01 3.503514e-02 -7.490246e-07
2.030896e+01 5.263151e-02 -1.514605e-06
2.030896e+01 7.314235e-02 -2.689314e-06
2.030896e+01 1.025928e-01 -3.920873e-06
2.030896e+01 1.448116e-01 -7.375093e-06
2.030896e+01 2.023460e-01 -1.162439e-05
2.030896e+01 2.834245e-01 -1.596673e-05
2.030896e+01 3.967448e-01 -2.345394e-05
2.030896e+01 5.552783e-01 -3.365304e-05
2.030896e+01 7.774819e-01 -4.965899e-05
2.030896e+01 1.088445e+00 -6.886914e-05
2.030896e+01 1.523711e+00 -9.676478e-05
2.030896e+01 2.088426e+00 -1.255445e-04
2.030896e+01 2.685505e+00 -1.232902e-04
2.073514e+01 1.570796e-02 -1.359524e-07
2.073514e+01 2.346256e-02 -1.211378e-07
2.073514e+01 3.503514e-02 -4.847225e-07
2.073514e+01 5.263151e-02 -9.757407e-07
2.073514e+01 7.314235e-02 -1.695542e-06
2.073514e+01 1.025928e-01 -2.497797e-06
2.073514e+01 1.448116e-01 -4.873253e-06
2.073514e+01 2.023460e-01 -7.856208e-06
2.073514e+01 2.834245e-01 -1.051261e-05
2.073514e+01 3.967448e-01 -1.562826e-05
2.073514e+01 5.552783e-01 -2.280183e-05
2.073514e+01 7.774819e-01 -3.381675e-05
2.073514e+01 1.088445e+00 -4.630052e-05
2.073514e+01 1.523711e+00 -6.546357e-05
2.073514e+01 2.088426e+00 -8.552197e-05
2.073514e+01 2.685505e+00 -8.392697e-05
2.116984e+01 1.570796e-02 -9.135452e-08
2.116984e+01 2.346256e-02 -7.892724e-08
2.116984e+01 3.503514e-02 -3.302895e-07
2.116984e+01 5.263151e-02 -5.888698e-07
2.116984e+01 7.314235e-02 -1.067278e-06
2.116984e+01 1.025928e-01 -1.601850e-06
2.116984e+01 1.448116e-01 -3.148791e-06
2.116984e+01 2.023460e-01 -5.009573e-06
2.116984e+01 2.834245e-01 -6.818396e-06
2.116984e+01 3.967448e-01 -1.002772e-05
2.116984e+01 5.552783e-01 -1.490486e-05
2.116984e+01 7.774819e-01 -2.207804e-05
2.116984e+01 1.088445e+00 -3.030579e-05
2.116984e+01 1.523711e+00 -4.291806e-05
2.116984e+01 2.088426e+00 -5.664667e-05
2.116984e+01 2.685505e+00 -5.492475e-05
2.161324e+01 1.570796e-02 -5.567575e-08
2.161324e+01 2.346256e-02 -3.991727e-08
2.161324e+01 3.503514e-02 -2.013097e-07
2.161324e+01 5.263151e-02 -3.532824e-07
2.161324e+01 7.314235e-02 -6.273469e-07
2.161324e+01 1.025928e-01 -9.999092e-07
2.161324e+01 1.448116e-01 -1.956133e-06
2.161324e+01 2.023460e-01 -3.125870e-06
2.161324e+01 2.834245e-01 -4.209905e-06
2.161324e+01 3.967448e-01 -6.406066e-06
2.161324e+01 5.552783e-01 -9.398303e-06
2.161324e+01 7.774819e-01 -1.406229e-05
2.161324e+01 1.088445e+00 -1.932106e-05
2.161324e+01 1.523711e+00 -2.757720e-05
2.161324e+01 2.088426e+00 -3.612400e-05
2.161324e+01 2.685505e+00 -3.534828e-05
2.206550e+01 1.570796e-02 -3.522824e-08
2.206550e+01 2.346256e-02 -1.736718e-08
2.206550e+01 3.503514e-02 -1.296630e-07
2.206550e+01 5.263151e-02 -2.146013e-07
2.206550e+01 7.314235e-02 -3.755890e-07
2.206550e+01 1.025928e-01 -6.195645e-07
2.206550e+01 1.448116e-01 -1.242383e-06
2.206550e+01 2.023460e-01 -1.921441e-06
2.206550e+01 2.834245e-01 -2.620513e-06
2.206550e+01 3.967448e-01 -4.011395e-06
2.206550e+01 5.552783e-01 -5.940212e-06
2.206550e+01 7.774819e-01 -8.912908e-06
2.206550e+01 1.088445e+00 -1.222767e-05
2.206550e+01 1.523711e+00 -1.722643e-05
2.206550e+01 2.088426e+00 -2.267847e-05
2.206550e+01 2.685505e+00 -2.236861e-05
2.252681e+01 1.570796e-02 -1.997023e-08
2.252681e+01 2.346256e-02 -8.379400e-09
2.252681e+01 3.503514e-02 -7.055161e-08
2.252681e+01 5.263151e-02 -1.149136e-07
2.252681e+01 7.314235e-02 -2.011550e-07
2.252681e+01 1.025928e-01 -3.463350e-07
2.252681e+01 1.448116e-01 -6.882143e-07
2.252681e+01 2.023460e-01 -1.077346e-06
2.252681e+01 2.834245e-01 -1.477616e-06
2.252681e+01 3.967448e-01 -2.286201e-06
2.252681e+01 5.552783e-01 -3.469044e-06
2.252681e+01 7.774819e-01 -5.192197e-06
2.252681e+01 1.088445e+00 -7.228258e-06
2.252681e+01 1.523711e+00 -1.025525e-05
2.252681e+01 2.088426e+00 -1.372793e-05
2.252681e+01 2.685505e+00 -1.285481e-05
2.299735e+01 1.570796e-02 4.951886e-10
2.299735e+01 2.346256e-02 1.258818e-09
2.299735e+01 3.503514e-02 2.551758e-09
2.299735e+01 5.263151e-02 5.236356e-09
2.299735e+01 7.314235e-02 1.092244e-08
2.299735e+01 1.025928e-01 1.629471e-08
2.299735e+01 1.448116e-01 2.760553e-08
2.299735e+01 2.023460e-01 4.013775e-08
2.299735e+01 2.834245e-01 5.789741e-08
2.299735e+01 3.967448e-01 8.096761e-08
2.299735e+01 5.552783e-01 1.117497e-07
2.299735e+01 7.774819e-01 1.445319e-07
2.299735e+01 1.088445e+00 1.600146e-07
2.299735e+01 1.523711e+00 1.388592e-07
2.299735e+01 2.088426e+00 9.063667e-08
2.299735e+01 2.685505e+00 4.020260e-08
2.347730e+01 1.570796e-02 4.650262e-10
2.347730e+01 2.346256e-02 1.180795e-09
2.347730e+01 3.503514e-02 2.396176e-09
2.347730e+01 5.263151e-02 4.911382e-09
2.347730e+01 7.314235e-02 1.025132e-08
2.347730e+01 1.025928e-01 1.528900e-08
2.347730e+01 1.448116e-01 2.592353e-08
2.347730e+01 2.023460e-01 3.776697e-08
2.347730e+01 2.834245e-01 5.472367e-08
2.347730e+01 3.967448e-01 7.704489e-08
2.347730e+01 5.552783e-01 1.071453e-07
2.347730e+01 7.774819e-01 1.394290e-07
2.347730e+01 1.088445e+00 1.554909e-07
2.347730e+01 1.523711e+00 1.365138e-07
2.347730e+01 2.088426e+00 9.051263e-08
2.347730e+01 2.685505e+00 4.039141e-08
2.396684e+01 1.570796e-02 4.353768e-10
2.396684e+01 2.346256e-02 1.104481e-09
2.396684e+01 3.503514e-02 2.242287e-09
2.396684e+01 5.263151e-02 4.591946e-09
2.396684e+01 7.314235e-02 9.591377e-09
2.396684e+01 1.025928e-01 1.430264e-08
2.396684e+01 1.448116e-01 2.427514e-08
2.396684e+01 2.023460e-01 3.544570e-08
2.396684e+01 2.834245e-01 5.160833e-08
2.396684e+01 3.967448e-01 7.313581e-08
2.396684e+01 5.552783e-01 1.024931e-07
2.396684e+01 7.774819e-01 1.341720e-07
2.396684e+01 1.088445e+00 1.507440e-07
2.396684e+01 1.523711e+00 1.339953e-07
2.396684e+01 2.088426e+00 9.037516e-08
2.396684e+01 2.685505e+00 4.075036e-08
2.446618e+01 1.570796e-02 4.060312e-10
2.446618e+01 2.346256e-02 1.029331e-09
2.446618e+01 3.503514e-02 2.091896e-09
2.446618e+01 5.263151e-02 4.279545e-09
2.446618e+01 7.314235e-02 8.946698e-09
2.446618e+01 1.025928e-01 1.333656e-08
2.446618e+01 1.448116e-01 2.266373e-08
2.446618e+01 2.023460e-01 3.317937e-08
2.446618e+01 2.834245e-01 4.855705e-08
2.446618e+01 3.967448e-01 6.929741e-08
2.446618e+01 5.552783e-01 9.779591e-08
2.446618e+01 7.774819e-01 1.287737e-07
2.446618e+01 1.088445e+00 1.457355e-07
2.446618e+01 1.523711e+00 1.313955e-07
2.446618e+01 2.088426e+00 9.021854e-08
2.446618e+01 2.685505e+00 4.116872e-08
2.497550e+01 1.570796e-02 3.774553e-10
2.497550e+01 2.346256e-02 9.563564e-10
2.497550e+01 3.503514e-02 1.944649e-09
2.497550e+01 5.263151e-02 3.975234e-09
2.497550e+01 7.314235e-02 8.317191e-09
2.497550e+01 1.025928e-01 1.239623e-08
2.497550e+01 1.448116e-01 2.109352e-08
2.497550e+01 2.023460e-01 3.097033e-08
2.497550e+01 2.834245e-01 4.556669e-08
2.497550e+01 3.967448e-01 6.548131e-08
2.497550e+01 5.552783e-01 9.304252e-08
2.497550e+01 7.774819e-01 1.231589e-07
2.497550e+01 1.088445e+00 1.404814e-07
2.497550e+01 1.523711e+00 1.285083e-07
2.497550e+01 2.088426e+00 9.019923e-08
2.497550e+01 2.685505e+00 4.177033e-08
2.549501e+01 1.570796e-02 3.495068e-10
2.549501e+01 2.346256e-02 8.852299e-10
2.549501e+01 3.503514e-02 1.801994e-09
2.549501e+01 5.263151e-02 3.678720e-09
2.549501e+01 7.314235e-02 7.705451e-09
2.549501e+01 1.025928e-01 1.148182e-08
2.549501e+01 1.448116e-01 1.956667e-08
2.549501e+01 2.023460e-01 2.880923e-08
2.549501e+01 2.834245e-01 4.263116e-08
2.549501e+01 3.967448e-01 6.168860e-08
2.549501e+01 5.552783e-01 8.820664e-08
2.549501e+01 7.774819e-01 1.173997e-07
2.549501e+01 1.088445e+00 1.349369e-07
2.549501e+01 1.523711e+00 1.255060e-07
2.549501e+01 2.088426e+00 9.012954e-08
2.549501e+01 2.685505e+00 4.250747e-08
2.602491e+01 1.570796e-02 3.222523e-10
2.602491e+01 2.346256e-02 8.161873e-10
2.602491e+01 3.503514e-02 1.662356e-09
2.602491e+01 5.263151e-02 3.390714e-09
2.602491e+01 7.314235e-02 7.108940e-09
2.602491e+01 1.025928e-01 1.058838e-08
2.602491e+01 1.448116e-01 1.807589e-08
2.602491e+01 2.023460e-01 2.669993e-08
2.602491e+01 2.834245e-01 3.973836e-08
2.602491e+01 3.967448e-01 5.789586e-08
2.602491e+01 5.552783e-01 8.326464e-08
2.602491e+01 7.774819e-01 1.113964e-07
2.602491e+01 1.088445e+00 1.291348e-07
2.602491e+01 1.523711e+00 1.222471e-07
2.602491e+01 2.088426e+00 9.003114e-08
2.602491e+01 2.685505e+00 4.350504e-08
2.656541e+01 1.570796e-02 2.957392e-10
2.656541e+01 2.346256e-02 7.497708e-10
2.656541e+01 3.503514e-02 1.526051e-09
2.656541e+01 5.263151e-02 3.110745e-09
2.656541e+01 7.314235e-02 6.527767e-09
2.656541e+01 1.025928e-01 9.719891e-09
2.656541e+01 1.448116e-01 1.662351e-08
2.656541e+01 2.023460e-01 2.464462e-08
2.656541e+01 2.834245e-01 3.688219e-08
2.656541e+01 3.967448e-01 5.410353e-08
2.656541e+01 5.552783e-01 7.823455e-08
2.656541e+01 7.774819e-01 1.051903e-07
2.656541e+01 1.088445e+00 1.230395e-07
2.656541e+01 1.523711e+00 1.186807e-07
2.656541e+01 2.088426e+00 8.981631e-08
2.656541e+01 2.685505e+00 4.477248e-08
2.711672e+01 1.570796e-02 2.700785e-10
2.711672e+01 2.346256e-02 6.850919e-10
2.711672e+01 3.503514e-02 1.393443e-09
2.711672e+01 5.263151e-02 2.839482e-09
2.711672e+01 7.314235e-02 5.961815e-09
2.711672e+01 1.025928e-01 8.878060e-09
2.711672e+01 1.448116e-01 1.520669e-08
2.711672e+01 2.023460e-01 2.263454e-08
2.711672e+01 2.834245e-01 3.407315e-08
2.711672e+01 3.967448e-01 5.028153e-08
2.711672e+01 5.552783e-01 7.309090e-08
2.711672e+01 7.774819e-01 9.876149e-08
2.711672e+01 1.088445e+00 1.166335e-07
2.711672e+01 1.523711e+00 1.147998e-07
2.711672e+01 2.088426e+00 8.932693e-08
2.711672e+01 2.685505e+00 4.645921e-08
2.767905e+01 1.570796e-02 2.449748e-10
2.767905e+01 2.346256e-02 6.216450e-10
2.767905e+01 3.503514e-02 1.264367e-09
2.767905e+01 5.263151e-02 2.575765e-09
2.767905e+01 7.314235e-02 5.412905e-09
2.767905e+01 1.025928e-01 8.058267e-09
2.767905e+01 1.448116e-01 1.382888e-08
2.767905e+01 2.023460e-01 2.066985e-08
2.767905e+01 2.834245e-01 3.129444e-08
2.767905e+01 3.967448e-01 4.644299e-08
2.767905e+01 5.552783e-01 6.783013e-08
2.767905e+01 7.774819e-01 9.210735e-08
2.767905e+01 1.088445e+00 1.098909e-07
2.767905e+01 1.523711e+00 1.104621e-07
2.767905e+01 2.088426e+00 8.872678e-08
2.767905e+01 2.685505e+00 4.837005e-08
2.825263e+01 1.570796e-02 2.206383e-10
2.825263e+01 2.346256e-02 5.605926e-10
2.825263e+01 3.503514e-02 1.138621e-09
2.825263e+01 5.263151e-02 2.318752e-09
2.825263e+01 7.314235e-02 4.877746e-09
2.825263e+01 1.025928e-01 7.263819e-09
2.825263e+01 1.448116e-01 1.248069e-08
2.825263e+01 2.023460e-01 1.874371e-08
2.825263e+01 2.834245e-01 2.853049e-08
2.825263e+01 3.967448e-01 4.256530e-08
2.825263e+01 5.552783e-01 6.243924e-08
2.825263e+01 7.774819e-01 8.526235e-08
2.825263e+01 1.088445e+00 1.028050e-07
2.825263e+01 1.523711e+00 1.057102e-07
2.825263e+01 2.088426e+00 8.773519e-08
2.825263e+01 2.685505e+00 5.057830e-08
2.883769e+01 1.570796e-02 1.968845e-10
2.883769e+01 2.346256e-02 5.009172e-10
2.883769e+01 3.503514e-02 1.016229e-09
2.883769e+01 5.263151e-02 2.069217e-09
2.883769e+01 7.314235e-02 4.355720e-09
2.883769e+01 1.025928e-01 6.488997e-09
2.883769e+01 1.448116e-01 1.116595e-08
2.883769e+01 2.023460e-01 1.684745e-08
2.883769e+01 2.834245e-01 2.578213e-08
2.883769e+01 3.967448e-01 3.864808e-08
2.883769e+01 5.552783e-01 5.694412e-08
2.883769e+01 7.774819e-01 7.819910e-08
2.883769e+01 1.088445e+00 9.530448e-08
2.883769e+01 1.523711e+00 1.002539e-07
2.883769e+01 2.088426e+00 8.629797e-08
2.883769e+01 2.685505e+00 5.288004e-08
2.943444e+01 1.570796e-02 1.738423e-10
2.943444e+01 2.346256e-02 4.426949e-10
2.943444e+01 3.503514e-02 8.966005e-10
2.943444e+01 5.263151e-02 1.826165e-09
2.943444e+01 7.314235e-02 3.846739e-09
2.943444e+01 1.025928e-01 5.733887e-09
2.943444e+01 1.448116e-01 9.880086e-09
2.943444e+01 2.023460e-01 1.498028e-08
2.943444e+01 2.834245e-01 2.304224e-08
2.943444e+01 3.967448e-01 3.469225e-08
2.943444e+01 5.552783e-01 5.132312e-08
2.943444e+01 7.774819e-01 7.087916e-08
2.943444e+01 1.088445e+00 8.738141e-08
2.943444e+01 1.523711e+00 9.418339e-08
2.943444e+01 2.088426e+00 8.423754e-08
2.943444e+01 2.685505e+00 5.522867e-08
3.004313e+01 1.570796e-02 1.513023e-10
3.004313e+01 2.346256e-02 3.857722e-10
3.004313e+01 3.503514e-02 7.804098e-10
3.004313e+01 5.263151e-02 1.589936e-09
3.004313e+01 7.314235e-02 3.351157e-09
3.004313e+01 1.025928e-01 4.997805e-09
3.004313e+01 1.448116e-01 8.624164e-09
3.004313e+01 2.023460e-01 1.313660e-08
3.004313e+01 2.834245e-01 2.030085e-08
3.004313e+01 3.967448e-01 3.069959e-08
3.004313e+01 5.552783e-01 4.558349e-08
3.004313e+01 7.774819e-01 6.330771e-08
3.004313e+01 1.088445e+00 7.902684e-08
3.004313e+01 1.523711e+00 8.730027e-08
3.004313e+01 2.088426e+00 8.138667e-08
3.004313e+01 2.685505e+00 5.731752e-08
3.066399e+01 1.570796e-02 1.292902e-10
3.066399e+01 2.346256e-02 3.305562e-10
3.066399e+01 3.503514e-02 6.669262e-10
3.066399e+01 5.263151e-02 1.359192e-09
3.066399e+01 7.314235e-02 2.868069e-09
3.066399e+01 1.025928e-01 4.279443e-09
3.066399e+01 1.448116e-01 7.392423e-09
3.066399e+01 2.023460e-01 1.132002e-08
3.066399e+01 2.834245e-01 1.757449e-08
3.066399e+01 3.967448e-01 2.666362e-08
3.066399e+01 5.552783e-01 3.974387e-08
3.066399e+01 7.774819e-01 5.548870e-08
3.066399e+01 1.088445e+00 7.014207e-08
3.066399e+01 1.523711e+00 7.948415e-08
3.066399e+01 2.088426e+00 7.738800e-08
3.066399e+01 2.685505e+00 5.879438e-08
3.129727e+01 1.570796e-02 1.079448e-10
3.129727e+01 2.346256e-02 2.762912e-10
3.129727e+01 3.503514e-02 5.563315e-10
3.129727e+01 5.263151e-02 1.134620e-09
3.129727e+01 7.314235e-02 2.395869e-09
3.129727e+01 1.025928e-01 3.578918e-09
3.129727e+01 1.448116e-01 6.188395e-09
3.129727e+01 2.023460e-01 9.519392e-09
3.129727e+01 2.834245e-01 1.484498e-08
3.129727e+01 3.967448e-01 2.259225e-08
3.129727e+01 5.552783e-01 3.378937e-08
3.129727e+01 7.774819e-01 4.743328e-08
3.129727e+01 1.088445e+00 6.070764e-08
3.129727e+01 1.523711e+00 7.063620e-08
3.129727e+01 2.088426e+00 7.205716e-08
3.129727e+01 2.685505e+00 5.930228e-08
3.194322e+01 1.570796e-02 8.705369e-11
3.194322e+01 2.346256e-02 2.233893e-10
3.194322e+01 3.503514e-02 4.486794e-10
3.194322e+01 5.263151e-02 9.156698e-10
3.194322e+01 7.314235e-02 1.935346e-09
3.194322e+01 1.025928e-01 2.893799e-09
3.194322e+01 1.448116e-01 5.009370e-09
3.194322e+01 2.023460e-01 7.740478e-09
3.194322e+01 2.834245e-01 1.211800e-08
3.194322e+01 3.967448e-01 1.849456e-08
3.194322e+01 5.552783e-01 2.773653e-08
3.194322e+01 7.774819e-01 3.914782e-08
3.194322e+01 1.088445e+00 5.075457e-08
3.194322e+01 1.523711e+00 6.067623e-08
3.194322e+01 2.088426e+00 6.499895e-08
3.194322e+01 2.685505e+00 5.803881e-08
3.260208e+01 1.570796e-02 6.667502e-11
3.260208e+01 2.346256e-02 1.713659e-10
3.260208e+01 3.503514e-02 3.434161e-10
3.260208e+01 5.263151e-02 7.022609e-10
3.260208e+01 7.314235e-02 1.485622e-09
3.260208e+01 1.025928e-01 2.223505e-09
3.260208e+01 1.448116e-01 3.853998e-09
3.260208e+01 2.023460e-01 5.979659e-09
3.260208e+01 2.834245e-01 9.395039e-09
3.260208e+01 3.967448e-01 1.436740e-08
3.260208e+01 5.552783e-01 2.161389e-08
3.260208e+01 7.774819e-01 3.065987e-08
3.260208e+01 1.088445e+00 4.024479e-08
3.260208e+01 1.523711e+00 4.945161e-08
3.260208e+01 2.088426e+00 5.578338e-08
3.260208e+01 2.685505e+00 5.411192e-08
3.327412e+01 1.570796e-02 4.682784e-11
3.327412e+01 2.346256e-02 1.207735e-10
3.327412e+01 3.503514e-02 2.411512e-10
3.327412e+01 5.263151e-02 4.937061e-10
3.327412e+01 7.314235e-02 1.045034e-09
3.327412e+01 1.025928e-01 1.566628e-09
3.327412e+01 1.448116e-01 2.717707e-09
3.327412e+01 2.023460e-01 4.235151e-09
3.327412e+01 2.834245e-01 6.677123e-09
3.327412e+01 3.967448e-01 1.022915e-08
3.327412e+01 5.552783e-01 1.543022e-08
3.327412e+01 7.774819e-01 2.197998e-08
3.327412e+01 1.088445e+00 2.922684e-08
3.327412e+01 1.523711e+00 3.690288e-08
3.327412e+01 2.088426e+00 4.395535e-08
3.327412e+01 2.685505e+00 4.630258e-08
3.395961e+01 1.570796e-02 2.814668e-11
3.395961e+01 2.346256e-02 7.303716e-11
3.395961e+01 3.503514e-02 1.448537e-10
3.395961e+01 5.263151e-02 2.977650e-10
3.395961e+01 7.314235e-02 6.307784e-10
3.395961e+01 1.025928e-01 9.465996e-10
3.395961e+01 1.448116e-01 1.641242e-09
3.395961e+01 2.023460e-01 2.560220e-09
3.395961e+01 2.834245e-01 4.033467e-09
3.395961e+01 3.967448e-01 6.157323e-09
3.395961e+01 5.552783e-01 9.272139e-09
3.395961e+01 7.774819e-01 1.320676e-08
3.395961e+01 1.088445e+00 1.772362e-08
3.395961e+01 1.523711e+00 2.295727e-08
3.395961e+01 2.088426e+00 2.878901e-08
3.395961e+01 2.685505e+00 3.258092e-08
3.465880e+01 1.570796e-02 9.003941e-12
3.465880e+01 2.346256e-02 2.236457e-11
3.465880e+01 3.503514e-02 4.776633e-11
3.465880e+01 5.263151e-02 9.230545e-11
3.465880e+01 7.314235e-02 2.012057e-10
3.465880e+01 1.025928e-01 2.995530e-10
3.465880e+01 1.448116e-01 5.188842e-10
3.465880e+01 2.023460e-01 8.207522e-10
3.465880e+01 2.834245e-01 1.304737e-09
3.465880e+01 3.967448e-01 2.003584e-09
3.465880e+01 5.552783e-01 3.027273e-09
3.465880e+01 7.774819e-01 4.334996e-09
3.465880e+01 1.088445e+00 5.876406e-09
3.465880e+01 1.523711e+00 7.781834e-09
3.465880e+01 2.088426e+00 1.021689e-08
3.465880e+01 2.685505e+00 1.234914e-08
3.537197e+01 1.570796e-02 0.000000e+00
3.537197e+01 2.346256e-02 0.000000e+00
3.537197e+01 3.503514e-02 0.000000e+00
3.537197e+01 5.263151e-02 0.000000e+00
3.537197e+01 7.314235e-02 0.000000e+00
3.537197e+01 1.025928e-01 0.000000e+00
3.537197e+01 1.448116e-01 0.000000e+00
3.537197e+01 2.023460e-01 0.000000e+00
3.537197e+01 2.834245e-01 0.000000e+00
3.537197e+01 3.967448e-01 0.000000e+00
3.537197e+01 5.552783e-01 0.000000e+00
3.537197e+01 7.774819e-01 0.000000e+00
3.537197e+01 1.088445e+00 0.000000e+00
3.537197e+01 1.523711e+00 0.000000e+00
3.537197e+01 2.088426e+00 0.000000e+00
3.537197e+01 2.685505e+00 0.000000e+00
