5.000000e+00 1.570796e-02 0.000000e+00
5.000000e+00 2.346256e-02 0.000000e+00
5.000000e+00 3.503514e-02 0.000000e+00
5.000000e+00 5.263151e-02 0.000000e+00
5.000000e+00 7.314235e-02 0.000000e+00
5.000000e+00 1.025928e-01 0.000000e+00
5.000000e+00 1.448116e-01 0.000000e+00
5.000000e+00 2.023460e-01 0.000000e+00
5.000000e+00 2.834245e-01 0.000000e+00
5.000000e+00 3.967448e-01 0.000000e+00
5.000000e+00 5.552783e-01 0.000000e+00
5.000000e+00 7.774819e-01 0.000000e+00
5.000000e+00 1.088445e+00 0.000000e+00
5.000000e+00 1.523711e+00 0.000000e+00
5.000000e+00 2.088426e+00 0.000000e+00
5.000000e+00 2.685505e+00 0.000000e+00
5.120000e+00 1.570796e-02 0.000000e+00
5.120000e+00 2.346256e-02 0.000000e+00
5.120000e+00 3.503514e-02 0.000000e+00
5.120000e+00 5.263151e-02 0.000000e+00
5.120000e+00 7.314235e-02 0.000000e+00
5.120000e+00 1.025928e-01 0.000000e+00
5.120000e+00 1.448116e-01 0.000000e+00
5.120000e+00 2.023460e-01 0.000000e+00
5.120000e+00 2.834245e-01 0.000000e+00
5.120000e+00 3.967448e-01 0.000000e+00
5.120000e+00 5.552783e-01 0.000000e+00
5.120000e+00 7.774819e-01 0.000000e+00
5.120000e+00 1.088445e+00 0.000000e+00
5.120000e+00 1.523711e+00 0.000000e+00
5.120000e+00 2.088426e+00 0.000000e+00
5.120000e+00 2.685505e+00 0.000000e+00
5.242400e+00 1.570796e-02 0.000000e+00
5.242400e+00 2.346256e-02 0.000000e+00
5.242400e+00 3.503514e-02 0.000000e+00
5.242400e+00 5.263151e-02 0.000000e+00
5.242400e+00 7.314235e-02 0.000000e+00
5.242400e+00 1.025928e-01 0.000000e+00
5.242400e+00 1.448116e-01 0.000000e+00
5.242400e+00 2.023460e-01 0.000000e+00
5.242400e+00 2.834245e-01 0.000000e+00
5.242400e+00 3.967448e-01 0.000000e+00
5.242400e+00 5.552783e-01 0.000000e+00
5.242400e+00 7.774819e-01 0.000000e+00
5.242400e+00 1.088445e+00 0.000000e+00
5.242400e+00 1.523711e+00 0.000000e+00
5.242400e+00 2.088426e+00 0.000000e+00
5.242400e+00 2.685505e+00 0.000000e+00
5.367248e+00 1.570796e-02 -4.173153e-05
5.367248e+00 2.346256e-02 -2.907263e-05
5.367248e+00 3.503514e-02 -6.041217e-05
5.367248e+00 5.263151e-02 -2.809788e-05
5.367248e+00 7.314235e-02 -8.803374e-05
5.367248e+00 1.025928e-01 -1.119722e-05
5.367248e+00 1.448116e-01 -1.186710e-04
5.367248e+00 2.023460e-01 -3.448922e-05
5.367248e+00 2.834245e-01 -5.803814e-05
5.367248e+00 3.967448e-01 -1.639684e-05
5.367248e+00 5.552783e-01 -3.154015e-05
5.367248e+00 7.774819e-01 -3.488070e-05
5.367248e+00 1.088445e+00 -3.026186e-05
5.367248e+00 1.523711e+00 -2.903784e-05
5.367248e+00 2.088426e+00 -3.185706e-05
5.367248e+00 2.685505e+00 -3.459429e-05
5.494593e+00 1.570796e-02 -1.686455e-04
5.494593e+00 2.346256e-02 -1.336309e-04
5.494593e+00 3.503514e-02 -2.175337e-04
5.494593e+00 5.263151e-02 -3.182474e-04
5.494593e+00 7.314235e-02 -4.051689e-04
5.494593e+00 1.025928e-01 -2.215316e-04
5.494593e+00 1.448116e-01 -2.924158e-04
5.494593e+00 2.023460e-01 -3.345787e-04
5.494593e+00 2.834245e-01 -4.005898e-04
5.494593e+00 3.967448e-01 -2.546319e-04
5.494593e+00 5.552783e-01 -2.288052e-04
5.494593e+00 7.774819e-01 -2.199419e-04
5.494593e+00 1.088445e+00 -1.941293e-04
5.494593e+00 1.523711e+00 -1.886089e-04
5.494593e+00 2.088426e+00 -2.113470e-04
5.494593e+00 2.685505e+00 -2.157196e-04
5.624485e+00 1.570796e-02 -3.856314e-04
5.624485e+00 2.346256e-02 -3.878461e-04
5.624485e+00 3.503514e-02 -6.287752e-04
5.624485e+00 5.263151e-02 -1.097809e-03
5.624485e+00 7.314235e-02 -1.417050e-03
5.624485e+00 1.025928e-01 -1.165506e-03
5.624485e+00 1.448116e-01 -1.470658e-03
5.624485e+00 2.023460e-01 -1.412280e-03
5.624485e+00 2.834245e-01 -1.410381e-03
5.624485e+00 3.967448e-01 -1.068241e-03
5.624485e+00 5.552783e-01 -9.444913e-04
5.624485e+00 7.774819e-01 -8.632935e-04
5.624485e+00 1.088445e+00 -7.527541e-04
5.624485e+00 1.523711e+00 -7.245295e-04
5.624485e+00 2.088426e+00 -8.001934e-04
5.624485e+00 2.685505e+00 -8.483908e-04
5.756975e+00 1.570796e-02 -6.337877e-04
5.756975e+00 2.346256e-02 -1.001786e-03
5.756975e+00 3.503514e-02 -1.524003e-03
5.756975e+00 5.263151e-02 -2.490237e-03
5.756975e+00 7.314235e-02 -4.021054e-03
5.756975e+00 1.025928e-01 -2.893189e-03
5.756975e+00 1.448116e-01 -3.661991e-03
5.756975e+00 2.023460e-01 -3.586354e-03
5.756975e+00 2.834245e-01 -3.589556e-03
5.756975e+00 3.967448e-01 -2.900076e-03
5.756975e+00 5.552783e-01 -2.632621e-03
5.756975e+00 7.774819e-01 -2.306291e-03
5.756975e+00 1.088445e+00 -2.002377e-03
5.756975e+00 1.523711e+00 -1.926902e-03
5.756975e+00 2.088426e+00 -2.090913e-03
5.756975e+00 2.685505e+00 -2.187488e-03
5.892114e+00 1.570796e-02 -7.163299e-04
5.892114e+00 2.346256e-02 -1.584439e-03
5.892114e+00 3.503514e-02 -2.772150e-03
5.892114e+00 5.263151e-02 -4.078607e-03
5.892114e+00 7.314235e-02 -6.870562e-03
5.892114e+00 1.025928e-01 -5.670571e-03
5.892114e+00 1.448116e-01 -6.576075e-03
5.892114e+00 2.023460e-01 -6.940263e-03
5.892114e+00 2.834245e-01 -6.573021e-03
5.892114e+00 3.967448e-01 -5.672385e-03
5.892114e+00 5.552783e-01 -5.156912e-03
5.892114e+00 7.774819e-01 -4.432962e-03
5.892114e+00 1.088445e+00 -3.819297e-03
5.892114e+00 1.523711e+00 -3.611881e-03
5.892114e+00 2.088426e+00 -3.888610e-03
5.892114e+00 2.685505e+00 -4.005446e-03
6.029956e+00 1.570796e-02 -7.869157e-04
6.029956e+00 2.346256e-02 -1.997215e-03
6.029956e+00 3.503514e-02 -3.748233e-03
6.029956e+00 5.263151e-02 -5.723126e-03
6.029956e+00 7.314235e-02 -9.724036e-03
6.029956e+00 1.025928e-01 -9.112067e-03
6.029956e+00 1.448116e-01 -1.086395e-02
6.029956e+00 2.023460e-01 -1.118376e-02
6.029956e+00 2.834245e-01 -1.101291e-02
6.029956e+00 3.967448e-01 -9.417050e-03
6.029956e+00 5.552783e-01 -8.504586e-03
6.029956e+00 7.774819e-01 -7.377002e-03
6.029956e+00 1.088445e+00 -6.243349e-03
6.029956e+00 1.523711e+00 -5.844807e-03
6.029956e+00 2.088426e+00 -6.202853e-03
6.029956e+00 2.685505e+00 -6.359293e-03
6.170555e+00 1.570796e-02 -8.143276e-04
6.170555e+00 2.346256e-02 -2.125612e-03
6.170555e+00 3.503514e-02 -4.336996e-03
6.170555e+00 5.263151e-02 -7.090280e-03
6.170555e+00 7.314235e-02 -1.231805e-02
6.170555e+00 1.025928e-01 -1.289695e-02
6.170555e+00 1.448116e-01 -1.556233e-02
6.170555e+00 2.023460e-01 -1.606084e-02
6.170555e+00 2.834245e-01 -1.594221e-02
6.170555e+00 3.967448e-01 -1.394046e-02
6.170555e+00 5.552783e-01 -1.272717e-02
6.170555e+00 7.774819e-01 -1.091224e-02
6.170555e+00 1.088445e+00 -9.260088e-03
6.170555e+00 1.523711e+00 -8.529751e-03
6.170555e+00 2.088426e+00 -8.966259e-03
6.170555e+00 2.685505e+00 -9.097484e-03
6.313967e+00 1.570796e-02 -8.479918e-04
6.313967e+00 2.346256e-02 -2.071337e-03
6.313967e+00 3.503514e-02 -4.570214e-03
6.313967e+00 5.263151e-02 -7.966038e-03
6.313967e+00 7.314235e-02 -1.396225e-02
6.313967e+00 1.025928e-01 -1.593422e-02
6.313967e+00 1.448116e-01 -1.993370e-02
6.313967e+00 2.023460e-01 -2.088124e-02
6.313967e+00 2.834245e-01 -2.084021e-02
6.313967e+00 3.967448e-01 -1.874669e-02
6.313967e+00 5.552783e-01 -1.712716e-02
6.313967e+00 7.774819e-01 -1.473184e-02
6.313967e+00 1.088445e+00 -1.246973e-02
6.313967e+00 1.523711e+00 -1.136110e-02
6.313967e+00 2.088426e+00 -1.183814e-02
6.313967e+00 2.685505e+00 -1.190189e-02
6.460246e+00 1.570796e-02 -8.359854e-04
6.460246e+00 2.346256e-02 -1.970786e-03
6.460246e+00 3.503514e-02 -4.480530e-03
6.460246e+00 5.263151e-02 -8.122875e-03
6.460246e+00 7.314235e-02 -1.486199e-02
6.460246e+00 1.025928e-01 -1.824538e-02
6.460246e+00 1.448116e-01 -2.402726e-02
6.460246e+00 2.023460e-01 -2.533590e-02
6.460246e+00 2.834245e-01 -2.550960e-02
6.460246e+00 3.967448e-01 -2.353433e-02
6.460246e+00 5.552783e-01 -2.158305e-02
6.460246e+00 7.774819e-01 -1.865763e-02
6.460246e+00 1.088445e+00 -1.573260e-02
6.460246e+00 1.523711e+00 -1.429827e-02
6.460246e+00 2.088426e+00 -1.465716e-02
6.460246e+00 2.685505e+00 -1.470289e-02
6.609451e+00 1.570796e-02 -7.797559e-04
6.609451e+00 2.346256e-02 -1.877408e-03
6.609451e+00 3.503514e-02 -4.235012e-03
6.609451e+00 5.263151e-02 -7.967223e-03
6.609451e+00 7.314235e-02 -1.504621e-02
6.609451e+00 1.025928e-01 -1.956345e-02
6.609451e+00 1.448116e-01 -2.654443e-02
6.609451e+00 2.023460e-01 -2.894188e-02
6.609451e+00 2.834245e-01 -2.964430e-02
6.609451e+00 3.967448e-01 -2.789837e-02
6.609451e+00 5.552783e-01 -2.570065e-02
6.609451e+00 7.774819e-01 -2.226490e-02
6.609451e+00 1.088445e+00 -1.884553e-02
6.609451e+00 1.523711e+00 -1.690215e-02
6.609451e+00 2.088426e+00 -1.713714e-02
6.609451e+00 2.685505e+00 -1.685323e-02
6.761640e+00 1.570796e-02 -7.133319e-04
6.761640e+00 2.346256e-02 -1.725739e-03
6.761640e+00 3.503514e-02 -4.001613e-03
6.761640e+00 5.263151e-02 -7.663849e-03
6.761640e+00 7.314235e-02 -1.468669e-02
6.761640e+00 1.025928e-01 -2.000907e-02
6.761640e+00 1.448116e-01 -2.800754e-02
6.761640e+00 2.023460e-01 -3.148034e-02
6.761640e+00 2.834245e-01 -3.285869e-02
6.761640e+00 3.967448e-01 -3.143002e-02
6.761640e+00 5.552783e-01 -2.927185e-02
6.761640e+00 7.774819e-01 -2.553750e-02
6.761640e+00 1.088445e+00 -2.158264e-02
6.761640e+00 1.523711e+00 -1.920910e-02
6.761640e+00 2.088426e+00 -1.925766e-02
6.761640e+00 2.685505e+00 -1.872261e-02
6.916873e+00 1.570796e-02 -6.475306e-04
6.916873e+00 2.346256e-02 -1.597645e-03
6.916873e+00 3.503514e-02 -3.657558e-03
6.916873e+00 5.263151e-02 -7.155679e-03
6.916873e+00 7.314235e-02 -1.388796e-02
6.916873e+00 1.025928e-01 -1.971175e-02
6.916873e+00 1.448116e-01 -2.844727e-02
6.916873e+00 2.023460e-01 -3.289736e-02
6.916873e+00 2.834245e-01 -3.503864e-02
6.916873e+00 3.967448e-01 -3.433711e-02
6.916873e+00 5.552783e-01 -3.227302e-02
6.916873e+00 7.774819e-01 -2.835665e-02
6.916873e+00 1.088445e+00 -2.399471e-02
6.916873e+00 1.523711e+00 -2.122787e-02
6.916873e+00 2.088426e+00 -2.108401e-02
6.916873e+00 2.685505e+00 -2.033683e-02
7.075210e+00 1.570796e-02 -5.979097e-04
7.075210e+00 2.346256e-02 -1.490855e-03
7.075210e+00 3.503514e-02 -3.283674e-03
7.075210e+00 5.263151e-02 -6.577102e-03
7.075210e+00 7.314235e-02 -1.297289e-02
7.075210e+00 1.025928e-01 -1.884009e-02
7.075210e+00 1.448116e-01 -2.814552e-02
7.075210e+00 2.023460e-01 -3.339871e-02
7.075210e+00 2.834245e-01 -3.648535e-02
7.075210e+00 3.967448e-01 -3.649317e-02
7.075210e+00 5.552783e-01 -3.472751e-02
7.075210e+00 7.774819e-01 -3.074570e-02
7.075210e+00 1.088445e+00 -2.601924e-02
7.075210e+00 1.523711e+00 -2.299731e-02
7.075210e+00 2.088426e+00 -2.267282e-02
7.075210e+00 2.685505e+00 -2.164897e-02
7.236714e+00 1.570796e-02 -5.467033e-04
7.236714e+00 2.346256e-02 -1.367231e-03
7.236714e+00 3.503514e-02 -2.914921e-03
7.236714e+00 5.263151e-02 -5.996370e-03
7.236714e+00 7.314235e-02 -1.194994e-02
7.236714e+00 1.025928e-01 -1.771795e-02
7.236714e+00 1.448116e-01 -2.714418e-02
7.236714e+00 2.023460e-01 -3.310915e-02
7.236714e+00 2.834245e-01 -3.710350e-02
7.236714e+00 3.967448e-01 -3.778889e-02
7.236714e+00 5.552783e-01 -3.638482e-02
7.236714e+00 7.774819e-01 -3.258922e-02
7.236714e+00 1.088445e+00 -2.765514e-02
7.236714e+00 1.523711e+00 -2.440840e-02
7.236714e+00 2.088426e+00 -2.391090e-02
7.236714e+00 2.685505e+00 -2.260793e-02
7.401449e+00 1.570796e-02 -4.998206e-04
7.401449e+00 2.346256e-02 -1.251569e-03
7.401449e+00 3.503514e-02 -2.605784e-03
7.401449e+00 5.263151e-02 -5.443203e-03
7.401449e+00 7.314235e-02 -1.090543e-02
7.401449e+00 1.025928e-01 -1.643480e-02
7.401449e+00 1.448116e-01 -2.564426e-02
7.401449e+00 2.023460e-01 -3.213944e-02
7.401449e+00 2.834245e-01 -3.692139e-02
7.401449e+00 3.967448e-01 -3.836047e-02
7.401449e+00 5.552783e-01 -3.750518e-02
7.401449e+00 7.774819e-01 -3.389464e-02
7.401449e+00 1.088445e+00 -2.893408e-02
7.401449e+00 1.523711e+00 -2.548676e-02
7.401449e+00 2.088426e+00 -2.490025e-02
7.401449e+00 2.685505e+00 -2.333809e-02
7.569477e+00 1.570796e-02 -4.510144e-04
7.569477e+00 2.346256e-02 -1.145862e-03
7.569477e+00 3.503514e-02 -2.349190e-03
7.569477e+00 5.263151e-02 -4.925706e-03
7.569477e+00 7.314235e-02 -9.885461e-03
7.569477e+00 1.025928e-01 -1.500091e-02
7.569477e+00 1.448116e-01 -2.381171e-02
7.569477e+00 2.023460e-01 -3.063179e-02
7.569477e+00 2.834245e-01 -3.613616e-02
7.569477e+00 3.967448e-01 -3.832643e-02
7.569477e+00 5.552783e-01 -3.801350e-02
7.569477e+00 7.774819e-01 -3.471513e-02
7.569477e+00 1.088445e+00 -2.984848e-02
7.569477e+00 1.523711e+00 -2.631716e-02
7.569477e+00 2.088426e+00 -2.562086e-02
7.569477e+00 2.685505e+00 -2.378802e-02
7.740867e+00 1.570796e-02 -3.991999e-04
7.740867e+00 2.346256e-02 -1.041177e-03
7.740867e+00 3.503514e-02 -2.116602e-03
7.740867e+00 5.263151e-02 -4.447048e-03
7.740867e+00 7.314235e-02 -8.897375e-03
7.740867e+00 1.025928e-01 -1.355054e-02
7.740867e+00 1.448116e-01 -2.183475e-02
7.740867e+00 2.023460e-01 -2.878158e-02
7.740867e+00 2.834245e-01 -3.485214e-02
7.740867e+00 3.967448e-01 -3.779555e-02
7.740867e+00 5.552783e-01 -3.800829e-02
7.740867e+00 7.774819e-01 -3.507725e-02
7.740867e+00 1.088445e+00 -3.040730e-02
7.740867e+00 1.523711e+00 -2.687375e-02
7.740867e+00 2.088426e+00 -2.611543e-02
7.740867e+00 2.685505e+00 -2.407387e-02
7.915684e+00 1.570796e-02 -3.534315e-04
7.915684e+00 2.346256e-02 -9.455544e-04
7.915684e+00 3.503514e-02 -1.889597e-03
7.915684e+00 5.263151e-02 -3.991172e-03
7.915684e+00 7.314235e-02 -7.996572e-03
7.915684e+00 1.025928e-01 -1.217466e-02
7.915684e+00 1.448116e-01 -1.987330e-02
7.915684e+00 2.023460e-01 -2.674423e-02
7.915684e+00 2.834245e-01 -3.316572e-02
7.915684e+00 3.967448e-01 -3.673178e-02
7.915684e+00 5.552783e-01 -3.746111e-02
7.915684e+00 7.774819e-01 -3.498637e-02
7.915684e+00 1.088445e+00 -3.061915e-02
7.915684e+00 1.523711e+00 -2.714954e-02
7.915684e+00 2.088426e+00 -2.631267e-02
7.915684e+00 2.685505e+00 -2.424577e-02
8.093998e+00 1.570796e-02 -3.093465e-04
8.093998e+00 2.346256e-02 -8.596453e-04
8.093998e+00 3.503514e-02 -1.694838e-03
8.093998e+00 5.263151e-02 -3.565852e-03
8.093998e+00 7.314235e-02 -7.150206e-03
8.093998e+00 1.025928e-01 -1.089887e-02
8.093998e+00 1.448116e-01 -1.797619e-02
8.093998e+00 2.023460e-01 -2.461159e-02
8.093998e+00 2.834245e-01 -3.118974e-02
8.093998e+00 3.967448e-01 -3.526037e-02
8.093998e+00 5.552783e-01 -3.648076e-02
8.093998e+00 7.774819e-01 -3.452925e-02
8.093998e+00 1.088445e+00 -3.049354e-02
8.093998e+00 1.523711e+00 -2.721372e-02
8.093998e+00 2.088426e+00 -2.628833e-02
8.093998e+00 2.685505e+00 -2.401717e-02
8.275878e+00 1.570796e-02 -2.733545e-04
8.275878e+00 2.346256e-02 -7.761992e-04
8.275878e+00 3.503514e-02 -1.516145e-03
8.275878e+00 5.263151e-02 -3.180489e-03
8.275878e+00 7.314235e-02 -6.385691e-03
8.275878e+00 1.025928e-01 -9.717390e-03
8.275878e+00 1.448116e-01 -1.615406e-02
8.275878e+00 2.023460e-01 -2.246907e-02
8.275878e+00 2.834245e-01 -2.900675e-02
8.275878e+00 3.967448e-01 -3.343401e-02
8.275878e+00 5.552783e-01 -3.515550e-02
8.275878e+00 7.774819e-01 -3.373487e-02
8.275878e+00 1.088445e+00 -3.007455e-02
8.275878e+00 1.523711e+00 -2.705400e-02
8.275878e+00 2.088426e+00 -2.622076e-02
8.275878e+00 2.685505e+00 -2.381646e-02
8.461396e+00 1.570796e-02 -2.420522e-04
8.461396e+00 2.346256e-02 -6.965758e-04
8.461396e+00 3.503514e-02 -1.359628e-03
8.461396e+00 5.263151e-02 -2.829352e-03
8.461396e+00 7.314235e-02 -5.675981e-03
8.461396e+00 1.025928e-01 -8.662433e-03
8.461396e+00 1.448116e-01 -1.444508e-02
8.461396e+00 2.023460e-01 -2.033196e-02
8.461396e+00 2.834245e-01 -2.668830e-02
8.461396e+00 3.967448e-01 -3.131419e-02
8.461396e+00 5.552783e-01 -3.349147e-02
8.461396e+00 7.774819e-01 -3.257251e-02
8.461396e+00 1.088445e+00 -2.933586e-02
8.461396e+00 1.523711e+00 -2.666015e-02
8.461396e+00 2.088426e+00 -2.590121e-02
8.461396e+00 2.685505e+00 -2.348884e-02
8.650623e+00 1.570796e-02 -2.147162e-04
8.650623e+00 2.346256e-02 -6.173194e-04
8.650623e+00 3.503514e-02 -1.212022e-03
8.650623e+00 5.263151e-02 -2.513508e-03
8.650623e+00 7.314235e-02 -5.042553e-03
8.650623e+00 1.025928e-01 -7.706980e-03
8.650623e+00 1.448116e-01 -1.286369e-02
8.650623e+00 2.023460e-01 -1.826663e-02
8.650623e+00 2.834245e-01 -2.431659e-02
8.650623e+00 3.967448e-01 -2.905238e-02
8.650623e+00 5.552783e-01 -3.157733e-02
8.650623e+00 7.774819e-01 -3.113984e-02
8.650623e+00 1.088445e+00 -2.842107e-02
8.650623e+00 1.523711e+00 -2.606490e-02
8.650623e+00 2.088426e+00 -2.535013e-02
8.650623e+00 2.685505e+00 -2.289872e-02
8.843636e+00 1.570796e-02 -1.895184e-04
8.843636e+00 2.346256e-02 -5.499872e-04
8.843636e+00 3.503514e-02 -1.081065e-03
8.843636e+00 5.263151e-02 -2.226265e-03
8.843636e+00 7.314235e-02 -4.471629e-03
8.843636e+00 1.025928e-01 -6.849436e-03
8.843636e+00 1.448116e-01 -1.143045e-02
8.843636e+00 2.023460e-01 -1.631776e-02
8.843636e+00 2.834245e-01 -2.198612e-02
8.843636e+00 3.967448e-01 -2.667344e-02
8.843636e+00 5.552783e-01 -2.951101e-02
8.843636e+00 7.774819e-01 -2.949358e-02
8.843636e+00 1.088445e+00 -2.729621e-02
8.843636e+00 1.523711e+00 -2.529867e-02
8.843636e+00 2.088426e+00 -2.470103e-02
8.843636e+00 2.685505e+00 -2.221764e-02
9.040509e+00 1.570796e-02 -1.681066e-04
9.040509e+00 2.346256e-02 -4.871633e-04
9.040509e+00 3.503514e-02 -9.587198e-04
9.040509e+00 5.263151e-02 -1.964614e-03
9.040509e+00 7.314235e-02 -3.940832e-03
9.040509e+00 1.025928e-01 -6.055476e-03
9.040509e+00 1.448116e-01 -1.010916e-02
9.040509e+00 2.023460e-01 -1.448258e-02
9.040509e+00 2.834245e-01 -1.973350e-02
9.040509e+00 3.967448e-01 -2.429949e-02
9.040509e+00 5.552783e-01 -2.731607e-02
9.040509e+00 7.774819e-01 -2.772052e-02
9.040509e+00 1.088445e+00 -2.600551e-02
9.040509e+00 1.523711e+00 -2.438656e-02
9.040509e+00 2.088426e+00 -2.391397e-02
9.040509e+00 2.685505e+00 -2.142623e-02
9.241319e+00 1.570796e-02 -1.486850e-04
9.241319e+00 2.346256e-02 -4.257236e-04
9.241319e+00 3.503514e-02 -8.506391e-04
9.241319e+00 5.263151e-02 -1.726757e-03
9.241319e+00 7.314235e-02 -3.466155e-03
9.241319e+00 1.025928e-01 -5.330479e-03
9.241319e+00 1.448116e-01 -8.899254e-03
9.241319e+00 2.023460e-01 -1.279735e-02
9.241319e+00 2.834245e-01 -1.760806e-02
9.241319e+00 3.967448e-01 -2.196402e-02
9.241319e+00 5.552783e-01 -2.506959e-02
9.241319e+00 7.774819e-01 -2.581991e-02
9.241319e+00 1.088445e+00 -2.460986e-02
9.241319e+00 1.523711e+00 -2.332010e-02
9.241319e+00 2.088426e+00 -2.298819e-02
9.241319e+00 2.685505e+00 -2.045009e-02
9.446145e+00 1.570796e-02 -1.309279e-04
9.446145e+00 2.346256e-02 -3.723613e-04
9.446145e+00 3.503514e-02 -7.481081e-04
9.446145e+00 5.263151e-02 -1.509878e-03
9.446145e+00 7.314235e-02 -3.042224e-03
9.446145e+00 1.025928e-01 -4.674614e-03
9.446145e+00 1.448116e-01 -7.803303e-03
9.446145e+00 2.023460e-01 -1.124759e-02
9.446145e+00 2.834245e-01 -1.562363e-02
9.446145e+00 3.967448e-01 -1.972695e-02
9.446145e+00 5.552783e-01 -2.284756e-02
9.446145e+00 7.774819e-01 -2.387776e-02
9.446145e+00 1.088445e+00 -2.309296e-02
9.446145e+00 1.523711e+00 -2.220330e-02
9.446145e+00 2.088426e+00 -2.198247e-02
9.446145e+00 2.685505e+00 -1.947063e-02
9.655068e+00 1.570796e-02 -1.155602e-04
9.655068e+00 2.346256e-02 -3.226759e-04
9.655068e+00 3.503514e-02 -6.520199e-04
9.655068e+00 5.263151e-02 -1.319870e-03
9.655068e+00 7.314235e-02 -2.658469e-03
9.655068e+00 1.025928e-01 -4.081588e-03
9.655068e+00 1.448116e-01 -6.813315e-03
9.655068e+00 2.023460e-01 -9.836799e-03
9.655068e+00 2.834245e-01 -1.376323e-02
9.655068e+00 3.967448e-01 -1.759221e-02
9.655068e+00 5.552783e-01 -2.065242e-02
9.655068e+00 7.774819e-01 -2.191503e-02
9.655068e+00 1.088445e+00 -2.153427e-02
9.655068e+00 1.523711e+00 -2.099371e-02
9.655068e+00 2.088426e+00 -2.091597e-02
9.655068e+00 2.685505e+00 -1.852066e-02
9.868170e+00 1.570796e-02 -1.013077e-04
9.868170e+00 2.346256e-02 -2.771939e-04
9.868170e+00 3.503514e-02 -5.660818e-04
9.868170e+00 5.263151e-02 -1.148819e-03
9.868170e+00 7.314235e-02 -2.311629e-03
9.868170e+00 1.025928e-01 -3.547481e-03
9.868170e+00 1.448116e-01 -5.922110e-03
9.868170e+00 2.023460e-01 -8.570214e-03
9.868170e+00 2.834245e-01 -1.205765e-02
9.868170e+00 3.967448e-01 -1.558599e-02
9.868170e+00 5.552783e-01 -1.852280e-02
9.868170e+00 7.774819e-01 -1.996221e-02
9.868170e+00 1.088445e+00 -1.991054e-02
9.868170e+00 1.523711e+00 -1.968066e-02
9.868170e+00 2.088426e+00 -1.975752e-02
9.868170e+00 2.685505e+00 -1.736490e-02
1.008553e+01 1.570796e-02 -8.822989e-05
1.008553e+01 2.346256e-02 -2.385871e-04
1.008553e+01 3.503514e-02 -4.917138e-04
1.008553e+01 5.263151e-02 -9.972393e-04
1.008553e+01 7.314235e-02 -2.005162e-03
1.008553e+01 1.025928e-01 -3.077290e-03
1.008553e+01 1.448116e-01 -5.123499e-03
1.008553e+01 2.023460e-01 -7.453122e-03
1.008553e+01 2.834245e-01 -1.052069e-02
1.008553e+01 3.967448e-01 -1.371917e-02
1.008553e+01 5.552783e-01 -1.650162e-02
1.008553e+01 7.774819e-01 -1.801644e-02
1.008553e+01 1.088445e+00 -1.823801e-02
1.008553e+01 1.523711e+00 -1.826360e-02
1.008553e+01 2.088426e+00 -1.840388e-02
1.008553e+01 2.685505e+00 -1.607017e-02
1.030724e+01 1.570796e-02 -7.629180e-05
1.030724e+01 2.346256e-02 -2.057489e-04
1.030724e+01 3.503514e-02 -4.237174e-04
1.030724e+01 5.263151e-02 -8.629096e-04
1.030724e+01 7.314235e-02 -1.726144e-03
1.030724e+01 1.025928e-01 -2.651187e-03
1.030724e+01 1.448116e-01 -4.404851e-03
1.030724e+01 2.023460e-01 -6.433685e-03
1.030724e+01 2.834245e-01 -9.112049e-03
1.030724e+01 3.967448e-01 -1.197193e-02
1.030724e+01 5.552783e-01 -1.456101e-02
1.030724e+01 7.774819e-01 -1.614138e-02
1.030724e+01 1.088445e+00 -1.657719e-02
1.030724e+01 1.523711e+00 -1.682825e-02
1.030724e+01 2.088426e+00 -1.712980e-02
1.030724e+01 2.685505e+00 -1.498842e-02
1.053339e+01 1.570796e-02 -6.551501e-05
1.053339e+01 2.346256e-02 -1.741546e-04
1.053339e+01 3.503514e-02 -3.648782e-04
1.053339e+01 5.263151e-02 -7.384694e-04
1.053339e+01 7.314235e-02 -1.477092e-03
1.053339e+01 1.025928e-01 -2.275795e-03
1.053339e+01 1.448116e-01 -3.773240e-03
1.053339e+01 2.023460e-01 -5.525178e-03
1.053339e+01 2.834245e-01 -7.854808e-03
1.053339e+01 3.967448e-01 -1.038155e-02
1.053339e+01 5.552783e-01 -1.274323e-02
1.053339e+01 7.774819e-01 -1.433309e-02
1.053339e+01 1.088445e+00 -1.497702e-02
1.053339e+01 1.523711e+00 -1.546030e-02
1.053339e+01 2.088426e+00 -1.588093e-02
1.053339e+01 2.685505e+00 -1.382950e-02
1.076406e+01 1.570796e-02 -5.610227e-05
1.076406e+01 2.346256e-02 -1.480013e-04
1.076406e+01 3.503514e-02 -3.119229e-04
1.076406e+01 5.263151e-02 -6.316331e-04
1.076406e+01 7.314235e-02 -1.258734e-03
1.076406e+01 1.025928e-01 -1.945672e-03
1.076406e+01 1.448116e-01 -3.222288e-03
1.076406e+01 2.023460e-01 -4.737809e-03
1.076406e+01 2.834245e-01 -6.739096e-03
1.076406e+01 3.967448e-01 -8.958693e-03
1.076406e+01 5.552783e-01 -1.110428e-02
1.076406e+01 7.774819e-01 -1.264551e-02
1.076406e+01 1.088445e+00 -1.343929e-02
1.076406e+01 1.523711e+00 -1.408677e-02
1.076406e+01 2.088426e+00 -1.459026e-02
1.076406e+01 2.685505e+00 -1.268722e-02
1.099934e+01 1.570796e-02 -4.792824e-05
1.099934e+01 2.346256e-02 -1.239334e-04
1.099934e+01 3.503514e-02 -2.640901e-04
1.099934e+01 5.263151e-02 -5.358617e-04
1.099934e+01 7.314235e-02 -1.068356e-03
1.099934e+01 1.025928e-01 -1.657517e-03
1.099934e+01 1.448116e-01 -2.738250e-03
1.099934e+01 2.023460e-01 -4.031528e-03
1.099934e+01 2.834245e-01 -5.746162e-03
1.099934e+01 3.967448e-01 -7.681046e-03
1.099934e+01 5.552783e-01 -9.586571e-03
1.099934e+01 7.774819e-01 -1.107946e-02
1.099934e+01 1.088445e+00 -1.194543e-02
1.099934e+01 1.523711e+00 -1.273784e-02
1.099934e+01 2.088426e+00 -1.332263e-02
1.099934e+01 2.685505e+00 -1.159246e-02
1.123932e+01 1.570796e-02 -4.051357e-05
1.123932e+01 2.346256e-02 -1.028539e-04
1.123932e+01 3.503514e-02 -2.229056e-04
1.123932e+01 5.263151e-02 -4.525191e-04
1.123932e+01 7.314235e-02 -8.996595e-04
1.123932e+01 1.025928e-01 -1.402740e-03
1.123932e+01 1.448116e-01 -2.309859e-03
1.123932e+01 2.023460e-01 -3.413684e-03
1.123932e+01 2.834245e-01 -4.866106e-03
1.123932e+01 3.967448e-01 -6.531588e-03
1.123932e+01 5.552783e-01 -8.222025e-03
1.123932e+01 7.774819e-01 -9.639299e-03
1.123932e+01 1.088445e+00 -1.056234e-02
1.123932e+01 1.523711e+00 -1.144822e-02
1.123932e+01 2.088426e+00 -1.208950e-02
1.123932e+01 2.685505e+00 -1.058897e-02
1.148411e+01 1.570796e-02 -3.410148e-05
1.148411e+01 2.346256e-02 -8.455636e-05
1.148411e+01 3.503514e-02 -1.872254e-04
1.148411e+01 5.263151e-02 -3.800576e-04
1.148411e+01 7.314235e-02 -7.575767e-04
1.148411e+01 1.025928e-01 -1.179188e-03
1.148411e+01 1.448116e-01 -1.935309e-03
1.148411e+01 2.023460e-01 -2.870412e-03
1.148411e+01 2.834245e-01 -4.101828e-03
1.148411e+01 3.967448e-01 -5.515083e-03
1.148411e+01 5.552783e-01 -7.002426e-03
1.148411e+01 7.774819e-01 -8.324895e-03
1.148411e+01 1.088445e+00 -9.271463e-03
1.148411e+01 1.523711e+00 -1.019995e-02
1.148411e+01 2.088426e+00 -1.089420e-02
1.148411e+01 2.685505e+00 -9.553135e-03
1.173379e+01 1.570796e-02 -2.866067e-05
1.173379e+01 2.346256e-02 -7.052533e-05
1.173379e+01 3.503514e-02 -1.565458e-04
1.173379e+01 5.263151e-02 -3.183573e-04
1.173379e+01 7.314235e-02 -6.326602e-04
1.173379e+01 1.025928e-01 -9.840535e-04
1.173379e+01 1.448116e-01 -1.618035e-03
1.173379e+01 2.023460e-01 -2.399646e-03
1.173379e+01 2.834245e-01 -3.441919e-03
1.173379e+01 3.967448e-01 -4.634758e-03
1.173379e+01 5.552783e-01 -5.924489e-03
1.173379e+01 7.774819e-01 -7.147807e-03
1.173379e+01 1.088445e+00 -8.087609e-03
1.173379e+01 1.523711e+00 -9.029702e-03
1.173379e+01 2.088426e+00 -9.742135e-03
1.173379e+01 2.685505e+00 -8.608768e-03
1.198847e+01 1.570796e-02 -2.381136e-05
1.198847e+01 2.346256e-02 -5.818711e-05
1.198847e+01 3.503514e-02 -1.303178e-04
1.198847e+01 5.263151e-02 -2.629005e-04
1.198847e+01 7.314235e-02 -5.252421e-04
1.198847e+01 1.025928e-01 -8.169396e-04
1.198847e+01 1.448116e-01 -1.342561e-03
1.198847e+01 2.023460e-01 -1.996571e-03
1.198847e+01 2.834245e-01 -2.861690e-03
1.198847e+01 3.967448e-01 -3.866468e-03
1.198847e+01 5.552783e-01 -4.976485e-03
1.198847e+01 7.774819e-01 -6.082831e-03
1.198847e+01 1.088445e+00 -6.992331e-03
1.198847e+01 1.523711e+00 -7.940826e-03
1.198847e+01 2.088426e+00 -8.669988e-03
1.198847e+01 2.685505e+00 -7.731600e-03
1.224824e+01 1.570796e-02 -1.983823e-05
1.224824e+01 2.346256e-02 -4.737189e-05
1.224824e+01 3.503514e-02 -1.066183e-04
1.224824e+01 5.263151e-02 -2.161465e-04
1.224824e+01 7.314235e-02 -4.327317e-04
1.224824e+01 1.025928e-01 -6.725801e-04
1.224824e+01 1.448116e-01 -1.105880e-03
1.224824e+01 2.023460e-01 -1.650306e-03
1.224824e+01 2.834245e-01 -2.366626e-03
1.224824e+01 3.967448e-01 -3.209713e-03
1.224824e+01 5.552783e-01 -4.156246e-03
1.224824e+01 7.774819e-01 -5.146959e-03
1.224824e+01 1.088445e+00 -6.019614e-03
1.224824e+01 1.523711e+00 -6.933798e-03
1.224824e+01 2.088426e+00 -7.672550e-03
1.224824e+01 2.685505e+00 -6.862333e-03
1.251320e+01 1.570796e-02 -1.631724e-05
1.251320e+01 2.346256e-02 -3.843856e-05
1.251320e+01 3.503514e-02 -8.792181e-05
1.251320e+01 5.263151e-02 -1.779754e-04
1.251320e+01 7.314235e-02 -3.529509e-04
1.251320e+01 1.025928e-01 -5.506991e-04
1.251320e+01 1.448116e-01 -9.081694e-04
1.251320e+01 2.023460e-01 -1.355994e-03
1.251320e+01 2.834245e-01 -1.944052e-03
1.251320e+01 3.967448e-01 -2.643928e-03
1.251320e+01 5.552783e-01 -3.450407e-03
1.251320e+01 7.774819e-01 -4.325871e-03
1.251320e+01 1.088445e+00 -5.143772e-03
1.251320e+01 1.523711e+00 -6.031587e-03
1.251320e+01 2.088426e+00 -6.730370e-03
1.251320e+01 2.685505e+00 -6.023516e-03
1.278347e+01 1.570796e-02 -1.331644e-05
1.278347e+01 2.346256e-02 -3.168042e-05
1.278347e+01 3.503514e-02 -7.127323e-05
1.278347e+01 5.263151e-02 -1.453216e-04
1.278347e+01 7.314235e-02 -2.876541e-04
1.278347e+01 1.025928e-01 -4.466195e-04
1.278347e+01 1.448116e-01 -7.377421e-04
1.278347e+01 2.023460e-01 -1.105828e-03
1.278347e+01 2.834245e-01 -1.585711e-03
1.278347e+01 3.967448e-01 -2.165651e-03
1.278347e+01 5.552783e-01 -2.843813e-03
1.278347e+01 7.774819e-01 -3.606287e-03
1.278347e+01 1.088445e+00 -4.345244e-03
1.278347e+01 1.523711e+00 -5.189241e-03
1.278347e+01 2.088426e+00 -5.849203e-03
1.278347e+01 2.685505e+00 -5.299059e-03
1.305914e+01 1.570796e-02 -1.099983e-05
1.305914e+01 2.346256e-02 -2.553370e-05
1.305914e+01 3.503514e-02 -5.801643e-05
1.305914e+01 5.263151e-02 -1.184795e-04
1.305914e+01 7.314235e-02 -2.325972e-04
1.305914e+01 1.025928e-01 -3.621636e-04
1.305914e+01 1.448116e-01 -5.975145e-04
1.305914e+01 2.023460e-01 -8.966445e-04
1.305914e+01 2.834245e-01 -1.287049e-03
1.305914e+01 3.967448e-01 -1.761186e-03
1.305914e+01 5.552783e-01 -2.333290e-03
1.305914e+01 7.774819e-01 -2.988842e-03
1.305914e+01 1.088445e+00 -3.662843e-03
1.305914e+01 1.523711e+00 -4.453293e-03
1.305914e+01 2.088426e+00 -5.091361e-03
1.305914e+01 2.685505e+00 -4.648320e-03
1.334032e+01 1.570796e-02 -8.820450e-06
1.334032e+01 2.346256e-02 -2.012160e-05
1.334032e+01 3.503514e-02 -4.636530e-05
1.334032e+01 5.263151e-02 -9.495042e-05
1.334032e+01 7.314235e-02 -1.868655e-04
1.334032e+01 1.025928e-01 -2.909681e-04
1.334032e+01 1.448116e-01 -4.814369e-04
1.334032e+01 2.023460e-01 -7.249880e-04
1.334032e+01 2.834245e-01 -1.038267e-03
1.334032e+01 3.967448e-01 -1.429142e-03
1.334032e+01 5.552783e-01 -1.902559e-03
1.334032e+01 7.774819e-01 -2.464884e-03
1.334032e+01 1.088445e+00 -3.076644e-03
1.334032e+01 1.523711e+00 -3.798298e-03
1.334032e+01 2.088426e+00 -4.394104e-03
1.334032e+01 2.685505e+00 -4.062578e-03
1.362713e+01 1.570796e-02 -7.162011e-06
1.362713e+01 2.346256e-02 -1.576066e-05
1.362713e+01 3.503514e-02 -3.707839e-05
1.362713e+01 5.263151e-02 -7.543690e-05
1.362713e+01 7.314235e-02 -1.489757e-04
1.362713e+01 1.025928e-01 -2.325666e-04
1.362713e+01 1.448116e-01 -3.845990e-04
1.362713e+01 2.023460e-01 -5.808754e-04
1.362713e+01 2.834245e-01 -8.311166e-04
1.362713e+01 3.967448e-01 -1.147813e-03
1.362713e+01 5.552783e-01 -1.537494e-03
1.362713e+01 7.774819e-01 -2.011204e-03
1.362713e+01 1.088445e+00 -2.556579e-03
1.362713e+01 1.523711e+00 -3.195177e-03
1.362713e+01 2.088426e+00 -3.745349e-03
1.362713e+01 2.685505e+00 -3.489114e-03
1.391967e+01 1.570796e-02 -5.755608e-06
1.391967e+01 2.346256e-02 -1.247904e-05
1.391967e+01 3.503514e-02 -2.936631e-05
1.391967e+01 5.263151e-02 -5.968056e-05
1.391967e+01 7.314235e-02 -1.186416e-04
1.391967e+01 1.025928e-01 -1.861170e-04
1.391967e+01 1.448116e-01 -3.061787e-04
1.391967e+01 2.023460e-01 -4.628333e-04
1.391967e+01 2.834245e-01 -6.606499e-04
1.391967e+01 3.967448e-01 -9.170875e-04
1.391967e+01 5.552783e-01 -1.235541e-03
1.391967e+01 7.774819e-01 -1.629886e-03
1.391967e+01 1.088445e+00 -2.101541e-03
1.391967e+01 1.523711e+00 -2.670097e-03
1.391967e+01 2.088426e+00 -3.154781e-03
1.391967e+01 2.685505e+00 -2.973417e-03
1.421806e+01 1.570796e-02 -4.660630e-06
1.421806e+01 2.346256e-02 -9.740747e-06
1.421806e+01 3.503514e-02 -2.317057e-05
1.421806e+01 5.263151e-02 -4.694930e-05
1.421806e+01 7.314235e-02 -9.344471e-05
1.421806e+01 1.025928e-01 -1.461498e-04
1.421806e+01 1.448116e-01 -2.428751e-04
1.421806e+01 2.023460e-01 -3.652793e-04
1.421806e+01 2.834245e-01 -5.222555e-04
1.421806e+01 3.967448e-01 -7.264713e-04
1.421806e+01 5.552783e-01 -9.858820e-04
1.421806e+01 7.774819e-01 -1.309966e-03
1.421806e+01 1.088445e+00 -1.716723e-03
1.421806e+01 1.523711e+00 -2.217966e-03
1.421806e+01 2.088426e+00 -2.657127e-03
1.421806e+01 2.685505e+00 -2.522193e-03
1.452242e+01 1.570796e-02 -3.741739e-06
1.452242e+01 2.346256e-02 -7.715716e-06
1.452242e+01 3.503514e-02 -1.849558e-05
1.452242e+01 5.263151e-02 -3.633524e-05
1.452242e+01 7.314235e-02 -7.388973e-05
1.452242e+01 1.025928e-01 -1.149279e-04
1.452242e+01 1.448116e-01 -1.899590e-04
1.452242e+01 2.023460e-01 -2.881513e-04
1.452242e+01 2.834245e-01 -4.118539e-04
1.452242e+01 3.967448e-01 -5.743079e-04
1.452242e+01 5.552783e-01 -7.841073e-04
1.452242e+01 7.774819e-01 -1.050494e-03
1.452242e+01 1.088445e+00 -1.396110e-03
1.452242e+01 1.523711e+00 -1.833363e-03
1.452242e+01 2.088426e+00 -2.215780e-03
1.452242e+01 2.685505e+00 -2.082922e-03
1.483287e+01 1.570796e-02 -2.898012e-06
1.483287e+01 2.346256e-02 -5.878472e-06
1.483287e+01 3.503514e-02 -1.449573e-05
1.483287e+01 5.263151e-02 -2.803950e-05
1.483287e+01 7.314235e-02 -5.731854e-05
1.483287e+01 1.025928e-01 -8.912267e-05
1.483287e+01 1.448116e-01 -1.474082e-04
1.483287e+01 2.023460e-01 -2.237623e-04
1.483287e+01 2.834245e-01 -3.196844e-04
1.483287e+01 3.967448e-01 -4.467149e-04
1.483287e+01 5.552783e-01 -6.143419e-04
1.483287e+01 7.774819e-01 -8.308839e-04
1.483287e+01 1.088445e+00 -1.120836e-03
1.483287e+01 1.523711e+00 -1.491876e-03
1.483287e+01 2.088426e+00 -1.820916e-03
1.483287e+01 2.685505e+00 -1.710725e-03
1.514953e+01 1.570796e-02 -2.261894e-06
1.514953e+01 2.346256e-02 -4.527553e-06
1.514953e+01 3.503514e-02 -1.120161e-05
1.514953e+01 5.263151e-02 -2.166770e-05
1.514953e+01 7.314235e-02 -4.363851e-05
1.514953e+01 1.025928e-01 -6.762451e-05
1.514953e+01 1.448116e-01 -1.142957e-04
1.514953e+01 2.023460e-01 -1.728437e-04
1.514953e+01 2.834245e-01 -2.468740e-04
1.514953e+01 3.967448e-01 -3.461910e-04
1.514953e+01 5.552783e-01 -4.774278e-04
1.514953e+01 7.774819e-01 -6.530226e-04
1.514953e+01 1.088445e+00 -8.893983e-04
1.514953e+01 1.523711e+00 -1.200668e-03
1.514953e+01 2.088426e+00 -1.479565e-03
1.514953e+01 2.685505e+00 -1.400279e-03
1.547252e+01 1.570796e-02 -1.775814e-06
1.547252e+01 2.346256e-02 -3.438288e-06
1.547252e+01 3.503514e-02 -8.742379e-06
1.547252e+01 5.263151e-02 -1.664845e-05
1.547252e+01 7.314235e-02 -3.328378e-05
1.547252e+01 1.025928e-01 -5.177878e-05
1.547252e+01 1.448116e-01 -8.742244e-05
1.547252e+01 2.023460e-01 -1.325767e-04
1.547252e+01 2.834245e-01 -1.899071e-04
1.547252e+01 3.967448e-01 -2.666651e-04
1.547252e+01 5.552783e-01 -3.689372e-04
1.547252e+01 7.774819e-01 -5.075829e-04
1.547252e+01 1.088445e+00 -6.987027e-04
1.547252e+01 1.523711e+00 -9.548761e-04
1.547252e+01 2.088426e+00 -1.186555e-03
1.547252e+01 2.685505e+00 -1.121375e-03
1.580197e+01 1.570796e-02 -1.366240e-06
1.580197e+01 2.346256e-02 -2.511097e-06
1.580197e+01 3.503514e-02 -6.606455e-06
1.580197e+01 5.263151e-02 -1.240726e-05
1.580197e+01 7.314235e-02 -2.506614e-05
1.580197e+01 1.025928e-01 -3.845472e-05
1.580197e+01 1.448116e-01 -6.539266e-05
1.580197e+01 2.023460e-01 -9.975138e-05
1.580197e+01 2.834245e-01 -1.423580e-04
1.580197e+01 3.967448e-01 -2.007439e-04
1.580197e+01 5.552783e-01 -2.797896e-04
1.580197e+01 7.774819e-01 -3.887136e-04
1.580197e+01 1.088445e+00 -5.404181e-04
1.580197e+01 1.523711e+00 -7.462571e-04
1.580197e+01 2.088426e+00 -9.356623e-04
1.580197e+01 2.685505e+00 -8.923424e-04
1.613801e+01 1.570796e-02 -1.081966e-06
1.613801e+01 2.346256e-02 -1.774143e-06
1.613801e+01 3.503514e-02 -5.020907e-06
1.613801e+01 5.263151e-02 -9.174159e-06
1.613801e+01 7.314235e-02 -1.845426e-05
1.613801e+01 1.025928e-01 -2.865223e-05
1.613801e+01 1.448116e-01 -4.859035e-05
1.613801e+01 2.023460e-01 -7.446168e-05
1.613801e+01 2.834245e-01 -1.060689e-04
1.613801e+01 3.967448e-01 -1.509734e-04
1.613801e+01 5.552783e-01 -2.105341e-04
1.613801e+01 7.774819e-01 -2.962983e-04
1.613801e+01 1.088445e+00 -4.129485e-04
1.613801e+01 1.523711e+00 -5.734414e-04
1.613801e+01 2.088426e+00 -7.234563e-04
1.613801e+01 2.685505e+00 -6.946075e-04
1.648077e+01 1.570796e-02 -7.974738e-07
1.648077e+01 2.346256e-02 -1.193389e-06
1.648077e+01 3.503514e-02 -3.634297e-06
1.648077e+01 5.263151e-02 -6.921221e-06
1.648077e+01 7.314235e-02 -1.338596e-05
1.648077e+01 1.025928e-01 -2.069252e-05
1.648077e+01 1.448116e-01 -3.517896e-05
1.648077e+01 2.023460e-01 -5.399047e-05
1.648077e+01 2.834245e-01 -7.756960e-05
1.648077e+01 3.967448e-01 -1.103703e-04
1.648077e+01 5.552783e-01 -1.552837e-04
1.648077e+01 7.774819e-01 -2.211138e-04
1.648077e+01 1.088445e+00 -3.089001e-04
1.648077e+01 1.523711e+00 -4.338538e-04
1.648077e+01 2.088426e+00 -5.490899e-04
1.648077e+01 2.685505e+00 -5.254575e-04
1.683038e+01 1.570796e-02 -5.946604e-07
1.683038e+01 2.346256e-02 -8.205807e-07
1.683038e+01 3.503514e-02 -2.592830e-06
1.683038e+01 5.263151e-02 -5.062962e-06
1.683038e+01 7.314235e-02 -9.570739e-06
1.683038e+01 1.025928e-01 -1.477145e-05
1.683038e+01 1.448116e-01 -2.543855e-05
1.683038e+01 2.023460e-01 -3.887116e-05
1.683038e+01 2.834245e-01 -5.552323e-05
1.683038e+01 3.967448e-01 -7.907194e-05
1.683038e+01 5.552783e-01 -1.121060e-04
1.683038e+01 7.774819e-01 -1.621485e-04
1.683038e+01 1.088445e+00 -2.271341e-04
1.683038e+01 1.523711e+00 -3.200455e-04
1.683038e+01 2.088426e+00 -4.068518e-04
1.683038e+01 2.685505e+00 -3.904284e-04
1.718699e+01 1.570796e-02 -4.299769e-07
1.718699e+01 2.346256e-02 -5.605636e-07
1.718699e+01 3.503514e-02 -1.773347e-06
1.718699e+01 5.263151e-02 -3.568644e-06
1.718699e+01 7.314235e-02 -6.700629e-06
1.718699e+01 1.025928e-01 -1.010602e-05
1.718699e+01 1.448116e-01 -1.766521e-05
1.718699e+01 2.023460e-01 -2.711467e-05
1.718699e+01 2.834245e-01 -3.895153e-05
1.718699e+01 3.967448e-01 -5.557851e-05
1.718699e+01 5.552783e-01 -7.915128e-05
1.718699e+01 7.774819e-01 -1.161363e-04
1.718699e+01 1.088445e+00 -1.624142e-04
1.718699e+01 1.523711e+00 -2.303998e-04
1.718699e+01 2.088426e+00 -2.937029e-04
1.718699e+01 2.685505e+00 -2.820391e-04
1.755073e+01 1.570796e-02 -3.093358e-07
1.755073e+01 2.346256e-02 -3.544347e-07
1.755073e+01 3.503514e-02 -1.208742e-06
1.755073e+01 5.263151e-02 -2.528845e-06
1.755073e+01 7.314235e-02 -4.636775e-06
1.755073e+01 1.025928e-01 -6.930471e-06
1.755073e+01 1.448116e-01 -1.237629e-05
1.755073e+01 2.023460e-01 -1.916444e-05
1.755073e+01 2.834245e-01 -2.692122e-05
1.755073e+01 3.967448e-01 -3.909717e-05
1.755073e+01 5.552783e-01 -5.573875e-05
1.755073e+01 7.774819e-01 -8.239417e-05
1.755073e+01 1.088445e+00 -1.157373e-04
1.755073e+01 1.523711e+00 -1.636867e-04
1.755073e+01 2.088426e+00 -2.113580e-04
1.755073e+01 2.685505e+00 -2.069496e-04
1.792175e+01 1.570796e-02 -2.264810e-07
1.792175e+01 2.346256e-02 -2.394024e-07
1.792175e+01 3.503514e-02 -8.650299e-07
1.792175e+01 5.263151e-02 -1.700380e-06
1.792175e+01 7.314235e-02 -3.134048e-06
1.792175e+01 1.025928e-01 -4.639488e-06
1.792175e+01 1.448116e-01 -8.514026e-06
1.792175e+01 2.023460e-01 -1.323954e-05
1.792175e+01 2.834245e-01 -1.842790e-05
1.792175e+01 3.967448e-01 -2.694649e-05
1.792175e+01 5.552783e-01 -3.862587e-05
1.792175e+01 7.774819e-01 -5.726587e-05
1.792175e+01 1.088445e+00 -8.049353e-05
1.792175e+01 1.523711e+00 -1.143145e-04
1.792175e+01 2.088426e+00 -1.490428e-04
1.792175e+01 2.685505e+00 -1.472575e-04
1.830018e+01 1.570796e-02 -1.506217e-07
1.830018e+01 2.346256e-02 -1.524597e-07
1.830018e+01 3.503514e-02 -5.651916e-07
1.830018e+01 5.263151e-02 -1.123727e-06
1.830018e+01 7.314235e-02 -2.037895e-06
1.830018e+01 1.025928e-01 -3.026945e-06
1.830018e+01 1.448116e-01 -5.692096e-06
1.830018e+01 2.023460e-01 -9.028709e-06
1.830018e+01 2.834245e-01 -1.227139e-05
1.830018e+01 3.967448e-01 -1.818641e-05
1.830018e+01 5.552783e-01 -2.654664e-05
1.830018e+01 7.774819e-01 -3.945080e-05
1.830018e+01 1.088445e+00 -5.493249e-05
1.830018e+01 1.523711e+00 -7.812052e-05
1.830018e+01 2.088426e+00 -1.022073e-04
1.830018e+01 2.685505e+00 -1.008547e-04
1.868618e+01 1.570796e-02 -9.989154e-08
1.868618e+01 2.346256e-02 -8.576012e-08
1.868618e+01 3.503514e-02 -3.728610e-07
1.868618e+01 5.263151e-02 -6.937998e-07
1.868618e+01 7.314235e-02 -1.261361e-06
1.868618e+01 1.025928e-01 -1.937343e-06
1.868618e+01 1.448116e-01 -3.720714e-06
1.868618e+01 2.023460e-01 -5.839549e-06
1.868618e+01 2.834245e-01 -8.042515e-06
1.868618e+01 3.967448e-01 -1.174516e-05
1.868618e+01 5.552783e-01 -1.749490e-05
1.868618e+01 7.774819e-01 -2.612208e-05
1.868618e+01 1.088445e+00 -3.640570e-05
1.868618e+01 1.523711e+00 -5.200772e-05
1.868618e+01 2.088426e+00 -6.871803e-05
1.868618e+01 2.685505e+00 -6.718226e-05
1.907991e+01 1.570796e-02 -6.180481e-08
1.907991e+01 2.346256e-02 -5.753727e-08
1.907991e+01 3.503514e-02 -2.360684e-07
1.907991e+01 5.263151e-02 -4.212701e-07
1.907991e+01 7.314235e-02 -7.782449e-07
1.907991e+01 1.025928e-01 -1.230049e-06
1.907991e+01 1.448116e-01 -2.354571e-06
1.907991e+01 2.023460e-01 -3.710344e-06
1.907991e+01 2.834245e-01 -5.047307e-06
1.907991e+01 3.967448e-01 -7.656715e-06
1.907991e+01 5.552783e-01 -1.125618e-05
1.907991e+01 7.774819e-01 -1.702219e-05
1.907991e+01 1.088445e+00 -2.368691e-05
1.907991e+01 1.523711e+00 -3.403088e-05
1.907991e+01 2.088426e+00 -4.497032e-05
1.907991e+01 2.685505e+00 -4.433141e-05
1.948151e+01 1.570796e-02 -3.860044e-08
1.948151e+01 2.346256e-02 -2.937963e-08
1.948151e+01 3.503514e-02 -1.556028e-07
1.948151e+01 5.263151e-02 -2.662416e-07
1.948151e+01 7.314235e-02 -4.760116e-07
1.948151e+01 1.025928e-01 -7.819437e-07
1.948151e+01 1.448116e-01 -1.497662e-06
1.948151e+01 2.023460e-01 -2.304889e-06
1.948151e+01 2.834245e-01 -3.169374e-06
1.948151e+01 3.967448e-01 -4.837730e-06
1.948151e+01 5.552783e-01 -7.191598e-06
1.948151e+01 7.774819e-01 -1.084841e-05
1.948151e+01 1.088445e+00 -1.510234e-05
1.948151e+01 1.523711e+00 -2.148831e-05
1.948151e+01 2.088426e+00 -2.881862e-05
1.948151e+01 2.685505e+00 -2.851774e-05
1.989114e+01 1.570796e-02 -2.360632e-08
1.989114e+01 2.346256e-02 -1.730441e-08
1.989114e+01 3.503514e-02 -8.968711e-08
1.989114e+01 5.263151e-02 -1.525992e-07
1.989114e+01 7.314235e-02 -2.771028e-07
1.989114e+01 1.025928e-01 -4.610473e-07
1.989114e+01 1.448116e-01 -8.552216e-07
1.989114e+01 2.023460e-01 -1.340696e-06
1.989114e+01 2.834245e-01 -1.873453e-06
1.989114e+01 3.967448e-01 -2.862715e-06
1.989114e+01 5.552783e-01 -4.350751e-06
1.989114e+01 7.774819e-01 -6.580181e-06
1.989114e+01 1.088445e+00 -9.329956e-06
1.989114e+01 1.523711e+00 -1.335561e-05
1.989114e+01 2.088426e+00 -1.801686e-05
1.989114e+01 2.685505e+00 -1.777739e-05
2.030896e+01 1.570796e-02 5.473124e-10
2.030896e+01 2.346256e-02 1.398217e-09
2.030896e+01 3.503514e-02 2.816402e-09
2.030896e+01 5.263151e-02 5.793133e-09
2.030896e+01 7.314235e-02 1.210182e-08
2.030896e+01 1.025928e-01 1.804633e-08
2.030896e+01 1.448116e-01 3.052993e-08
2.030896e+01 2.023460e-01 4.431463e-08
2.030896e+01 2.834245e-01 6.361720e-08
2.030896e+01 3.967448e-01 8.766357e-08
2.030896e+01 5.552783e-01 1.178876e-07
2.030896e+01 7.774819e-01 1.468373e-07
2.030896e+01 1.088445e+00 1.550931e-07
2.030896e+01 1.523711e+00 1.259814e-07
2.030896e+01 2.088426e+00 7.775074e-08
2.030896e+01 2.685505e+00 3.695470e-08
2.073514e+01 1.570796e-02 5.210986e-10
2.073514e+01 2.346256e-02 1.328999e-09
2.073514e+01 3.503514e-02 2.680048e-09
2.073514e+01 5.263151e-02 5.505993e-09
2.073514e+01 7.314235e-02 1.150544e-08
2.073514e+01 1.025928e-01 1.714674e-08
2.073514e+01 1.448116e-01 2.901917e-08
2.073514e+01 2.023460e-01 4.219433e-08
2.073514e+01 2.834245e-01 6.081402e-08
2.073514e+01 3.967448e-01 8.431045e-08
2.073514e+01 5.552783e-01 1.141960e-07
2.073514e+01 7.774819e-01 1.431401e-07
2.073514e+01 1.088445e+00 1.520392e-07
2.073514e+01 1.523711e+00 1.242460e-07
2.073514e+01 2.088426e+00 7.720785e-08
2.073514e+01 2.685505e+00 3.694152e-08
2.116984e+01 1.570796e-02 4.945763e-10
2.116984e+01 2.346256e-02 1.259951e-09
2.116984e+01 3.503514e-02 2.542707e-09
2.116984e+01 5.263151e-02 5.217750e-09
2.116984e+01 7.314235e-02 1.090902e-08
2.116984e+01 1.025928e-01 1.625281e-08
2.116984e+01 1.448116e-01 2.752287e-08
2.116984e+01 2.023460e-01 4.010425e-08
2.116984e+01 2.834245e-01 5.805098e-08
2.116984e+01 3.967448e-01 8.097012e-08
2.116984e+01 5.552783e-01 1.104674e-07
2.116984e+01 7.774819e-01 1.392902e-07
2.116984e+01 1.088445e+00 1.488248e-07
2.116984e+01 1.523711e+00 1.223363e-07
2.116984e+01 2.088426e+00 7.645700e-08
2.116984e+01 2.685505e+00 3.674574e-08
2.161324e+01 1.570796e-02 4.680761e-10
2.161324e+01 2.346256e-02 1.190812e-09
2.161324e+01 3.503514e-02 2.406065e-09
2.161324e+01 5.263151e-02 4.931595e-09
2.161324e+01 7.314235e-02 1.031880e-08
2.161324e+01 1.025928e-01 1.536858e-08
2.161324e+01 1.448116e-01 2.605192e-08
2.161324e+01 2.023460e-01 3.805602e-08
2.161324e+01 2.834245e-01 5.534795e-08
2.161324e+01 3.967448e-01 7.768474e-08
2.161324e+01 5.552783e-01 1.067383e-07
2.161324e+01 7.774819e-01 1.353737e-07
2.161324e+01 1.088445e+00 1.454030e-07
2.161324e+01 1.523711e+00 1.203493e-07
2.161324e+01 2.088426e+00 7.568021e-08
2.161324e+01 2.685505e+00 3.648613e-08
2.206550e+01 1.570796e-02 4.418550e-10
2.206550e+01 2.346256e-02 1.123304e-09
2.206550e+01 3.503514e-02 2.271526e-09
2.206550e+01 5.263151e-02 4.651993e-09
2.206550e+01 7.314235e-02 9.741826e-09
2.206550e+01 1.025928e-01 1.450461e-08
2.206550e+01 1.448116e-01 2.461108e-08
2.206550e+01 2.023460e-01 3.605748e-08
2.206550e+01 2.834245e-01 5.270831e-08
2.206550e+01 3.967448e-01 7.446257e-08
2.206550e+01 5.552783e-01 1.029979e-07
2.206550e+01 7.774819e-01 1.313390e-07
2.206550e+01 1.088445e+00 1.418844e-07
2.206550e+01 1.523711e+00 1.183072e-07
2.206550e+01 2.088426e+00 7.505849e-08
2.206550e+01 2.685505e+00 3.623262e-08
2.252681e+01 1.570796e-02 4.160877e-10
2.252681e+01 2.346256e-02 1.057434e-09
2.252681e+01 3.503514e-02 2.140302e-09
2.252681e+01 5.263151e-02 4.377850e-09
2.252681e+01 7.314235e-02 9.176266e-09
2.252681e+01 1.025928e-01 1.366063e-08
2.252681e+01 1.448116e-01 2.321033e-08
2.252681e+01 2.023460e-01 3.410171e-08
2.252681e+01 2.834245e-01 5.011514e-08
2.252681e+01 3.967448e-01 7.128814e-08
2.252681e+01 5.552783e-01 9.924878e-08
2.252681e+01 7.774819e-01 1.272098e-07
2.252681e+01 1.088445e+00 1.382330e-07
2.252681e+01 1.523711e+00 1.164090e-07
2.252681e+01 2.088426e+00 7.461327e-08
2.252681e+01 2.685505e+00 3.602541e-08
2.299735e+01 1.570796e-02 3.908916e-10
2.299735e+01 2.346256e-02 9.933237e-10
2.299735e+01 3.503514e-02 2.011499e-09
2.299735e+01 5.263151e-02 4.110543e-09
2.299735e+01 7.314235e-02 8.625304e-09
2.299735e+01 1.025928e-01 1.283642e-08
2.299735e+01 1.448116e-01 2.184466e-08
2.299735e+01 2.023460e-01 3.219554e-08
2.299735e+01 2.834245e-01 4.758569e-08
2.299735e+01 3.967448e-01 6.814427e-08
2.299735e+01 5.552783e-01 9.544357e-08
2.299735e+01 7.774819e-01 1.229613e-07
2.299735e+01 1.088445e+00 1.344177e-07
2.299735e+01 1.523711e+00 1.144730e-07
2.299735e+01 2.088426e+00 7.428799e-08
2.299735e+01 2.685505e+00 3.573848e-08
2.347730e+01 1.570796e-02 3.663169e-10
2.347730e+01 2.346256e-02 9.314651e-10
2.347730e+01 3.503514e-02 1.885809e-09
2.347730e+01 5.263151e-02 3.850914e-09
2.347730e+01 7.314235e-02 8.088021e-09
2.347730e+01 1.025928e-01 1.203259e-08
2.347730e+01 1.448116e-01 2.051318e-08
2.347730e+01 2.023460e-01 3.034262e-08
2.347730e+01 2.834245e-01 4.510737e-08
2.347730e+01 3.967448e-01 6.502165e-08
2.347730e+01 5.552783e-01 9.159429e-08
2.347730e+01 7.774819e-01 1.185869e-07
2.347730e+01 1.088445e+00 1.305539e-07
2.347730e+01 1.523711e+00 1.125122e-07
2.347730e+01 2.088426e+00 7.405591e-08
2.347730e+01 2.685505e+00 3.552344e-08
2.396684e+01 1.570796e-02 3.424447e-10
2.396684e+01 2.346256e-02 8.718006e-10
2.396684e+01 3.503514e-02 1.763255e-09
2.396684e+01 5.263151e-02 3.599187e-09
2.396684e+01 7.314235e-02 7.564809e-09
2.396684e+01 1.025928e-01 1.125418e-08
2.396684e+01 1.448116e-01 1.921604e-08
2.396684e+01 2.023460e-01 2.854246e-08
2.396684e+01 2.834245e-01 4.267472e-08
2.396684e+01 3.967448e-01 6.190643e-08
2.396684e+01 5.552783e-01 8.770539e-08
2.396684e+01 7.774819e-01 1.141171e-07
2.396684e+01 1.088445e+00 1.265395e-07
2.396684e+01 1.523711e+00 1.106301e-07
2.396684e+01 2.088426e+00 7.385056e-08
2.396684e+01 2.685505e+00 3.542144e-08
2.446618e+01 1.570796e-02 3.192619e-10
2.446618e+01 2.346256e-02 8.129416e-10
2.446618e+01 3.503514e-02 1.643948e-09
2.446618e+01 5.263151e-02 3.354351e-09
2.446618e+01 7.314235e-02 7.056923e-09
2.446618e+01 1.025928e-01 1.049858e-08
2.446618e+01 1.448116e-01 1.795707e-08
2.446618e+01 2.023460e-01 2.678486e-08
2.446618e+01 2.834245e-01 4.028886e-08
2.446618e+01 3.967448e-01 5.880101e-08
2.446618e+01 5.552783e-01 8.373904e-08
2.446618e+01 7.774819e-01 1.094956e-07
2.446618e+01 1.088445e+00 1.224252e-07
2.446618e+01 1.523711e+00 1.086757e-07
2.446618e+01 2.088426e+00 7.384371e-08
2.446618e+01 2.685505e+00 3.535885e-08
2.497550e+01 1.570796e-02 2.966699e-10
2.497550e+01 2.346256e-02 7.561073e-10
2.497550e+01 3.503514e-02 1.528084e-09
2.497550e+01 5.263151e-02 3.116182e-09
2.497550e+01 7.314235e-02 6.563312e-09
2.497550e+01 1.025928e-01 9.763371e-09
2.497550e+01 1.448116e-01 1.673018e-08
2.497550e+01 2.023460e-01 2.507645e-08
2.497550e+01 2.834245e-01 3.793738e-08
2.497550e+01 3.967448e-01 5.568504e-08
2.497550e+01 5.552783e-01 7.970216e-08
2.497550e+01 7.774819e-01 1.047548e-07
2.497550e+01 1.088445e+00 1.181431e-07
2.497550e+01 1.523711e+00 1.066663e-07
2.497550e+01 2.088426e+00 7.382115e-08
2.497550e+01 2.685505e+00 3.564386e-08
2.549501e+01 1.570796e-02 2.747483e-10
2.549501e+01 2.346256e-02 7.012025e-10
2.549501e+01 3.503514e-02 1.415183e-09
2.549501e+01 5.263151e-02 2.885538e-09
2.549501e+01 7.314235e-02 6.081618e-09
2.549501e+01 1.025928e-01 9.053977e-09
2.549501e+01 1.448116e-01 1.553500e-08
2.549501e+01 2.023460e-01 2.340284e-08
2.549501e+01 2.834245e-01 3.560564e-08
2.549501e+01 3.967448e-01 5.254472e-08
2.549501e+01 5.552783e-01 7.558143e-08
2.549501e+01 7.774819e-01 9.989064e-08
2.549501e+01 1.088445e+00 1.137248e-07
2.549501e+01 1.523711e+00 1.045144e-07
2.549501e+01 2.088426e+00 7.388909e-08
2.549501e+01 2.685505e+00 3.608333e-08
2.602491e+01 1.570796e-02 2.533492e-10
2.602491e+01 2.346256e-02 6.475884e-10
2.602491e+01 3.503514e-02 1.304747e-09
2.602491e+01 5.263151e-02 2.661091e-09
2.602491e+01 7.314235e-02 5.613266e-09
2.602491e+01 1.025928e-01 8.361762e-09
2.602491e+01 1.448116e-01 1.436965e-08
2.602491e+01 2.023460e-01 2.175819e-08
2.602491e+01 2.834245e-01 3.328647e-08
2.602491e+01 3.967448e-01 4.937672e-08
2.602491e+01 5.552783e-01 7.138562e-08
2.602491e+01 7.774819e-01 9.488784e-08
2.602491e+01 1.088445e+00 1.091055e-07
2.602491e+01 1.523711e+00 1.022539e-07
2.602491e+01 2.088426e+00 7.404353e-08
2.602491e+01 2.685505e+00 3.675069e-08
2.656541e+01 1.570796e-02 2.325054e-10
2.656541e+01 2.346256e-02 5.953500e-10
2.656541e+01 3.503514e-02 1.197257e-09
2.656541e+01 5.263151e-02 2.442850e-09
2.656541e+01 7.314235e-02 5.157617e-09
2.656541e+01 1.025928e-01 7.687349e-09
2.656541e+01 1.448116e-01 1.323140e-08
2.656541e+01 2.023460e-01 2.014274e-08
2.656541e+01 2.834245e-01 3.097778e-08
2.656541e+01 3.967448e-01 4.618018e-08
2.656541e+01 5.552783e-01 6.708273e-08
2.656541e+01 7.774819e-01 8.967821e-08
2.656541e+01 1.088445e+00 1.042969e-07
2.656541e+01 1.523711e+00 9.973870e-08
2.656541e+01 2.088426e+00 7.425013e-08
2.656541e+01 2.685505e+00 3.773940e-08
2.711672e+01 1.570796e-02 2.122129e-10
2.711672e+01 2.346256e-02 5.441875e-10
2.711672e+01 3.503514e-02 1.092733e-09
2.711672e+01 5.263151e-02 2.230299e-09
2.711672e+01 7.314235e-02 4.713637e-09
2.711672e+01 1.025928e-01 7.030682e-09
2.711672e+01 1.448116e-01 1.212167e-08
2.711672e+01 2.023460e-01 1.855357e-08
2.711672e+01 2.834245e-01 2.868754e-08
2.711672e+01 3.967448e-01 4.295263e-08
2.711672e+01 5.552783e-01 6.269427e-08
2.711672e+01 7.774819e-01 8.431012e-08
2.711672e+01 1.088445e+00 9.917897e-08
2.711672e+01 1.523711e+00 9.694758e-08
2.711672e+01 2.088426e+00 7.429047e-08
2.711672e+01 2.685505e+00 3.899714e-08
2.767905e+01 1.570796e-02 1.924187e-10
2.767905e+01 2.346256e-02 4.948183e-10
2.767905e+01 3.503514e-02 9.908265e-10
2.767905e+01 5.263151e-02 2.023721e-09
2.767905e+01 7.314235e-02 4.281567e-09
2.767905e+01 1.025928e-01 6.393100e-09
2.767905e+01 1.448116e-01 1.103436e-08
2.767905e+01 2.023460e-01 1.698336e-08
2.767905e+01 2.834245e-01 2.638963e-08
2.767905e+01 3.967448e-01 3.967942e-08
2.767905e+01 5.552783e-01 5.819677e-08
2.767905e+01 7.774819e-01 7.871192e-08
2.767905e+01 1.088445e+00 9.377816e-08
2.767905e+01 1.523711e+00 9.371968e-08
2.767905e+01 2.088426e+00 7.424859e-08
2.767905e+01 2.685505e+00 4.056234e-08
2.825263e+01 1.570796e-02 1.731947e-10
2.825263e+01 2.346256e-02 4.463162e-10
2.825263e+01 3.503514e-02 8.913187e-10
2.825263e+01 5.263151e-02 1.822316e-09
2.825263e+01 7.314235e-02 3.859862e-09
2.825263e+01 1.025928e-01 5.769298e-09
2.825263e+01 1.448116e-01 9.976046e-09
2.825263e+01 2.023460e-01 1.543029e-08
2.825263e+01 2.834245e-01 2.409590e-08
2.825263e+01 3.967448e-01 3.637877e-08
2.825263e+01 5.552783e-01 5.358252e-08
2.825263e+01 7.774819e-01 7.296252e-08
2.825263e+01 1.088445e+00 8.799299e-08
2.825263e+01 1.523711e+00 9.011520e-08
2.825263e+01 2.088426e+00 7.398866e-08
2.825263e+01 2.685505e+00 4.257793e-08
2.883769e+01 1.570796e-02 1.544312e-10
2.883769e+01 2.346256e-02 3.989089e-10
2.883769e+01 3.503514e-02 7.946084e-10
2.883769e+01 5.263151e-02 1.626492e-09
2.883769e+01 7.314235e-02 3.448583e-09
2.883769e+01 1.025928e-01 5.162128e-09
2.883769e+01 1.448116e-01 8.937872e-09
2.883769e+01 2.023460e-01 1.389503e-08
2.883769e+01 2.834245e-01 2.179629e-08
2.883769e+01 3.967448e-01 3.301769e-08
2.883769e+01 5.552783e-01 4.886566e-08
2.883769e+01 7.774819e-01 6.696450e-08
2.883769e+01 1.088445e+00 8.185358e-08
2.883769e+01 1.523711e+00 8.587165e-08
2.883769e+01 2.088426e+00 7.331755e-08
2.883769e+01 2.685505e+00 4.484360e-08
2.943444e+01 1.570796e-02 1.361309e-10
2.943444e+01 2.346256e-02 3.524846e-10
2.943444e+01 3.503514e-02 7.001256e-10
2.943444e+01 5.263151e-02 1.434931e-09
2.943444e+01 7.314235e-02 3.047549e-09
2.943444e+01 1.025928e-01 4.568567e-09
2.943444e+01 1.448116e-01 7.920330e-09
2.943444e+01 2.023460e-01 1.237406e-08
2.943444e+01 2.834245e-01 1.949135e-08
2.943444e+01 3.967448e-01 2.962132e-08
2.943444e+01 5.552783e-01 4.403658e-08
2.943444e+01 7.774819e-01 6.075023e-08
2.943444e+01 1.088445e+00 7.528854e-08
2.943444e+01 1.523711e+00 8.105430e-08
2.943444e+01 2.088426e+00 7.216097e-08
2.943444e+01 2.685505e+00 4.738521e-08
3.004313e+01 1.570796e-02 1.182338e-10
3.004313e+01 2.346256e-02 3.071594e-10
3.004313e+01 3.503514e-02 6.084014e-10
3.004313e+01 5.263151e-02 1.248429e-09
3.004313e+01 7.314235e-02 2.655672e-09
3.004313e+01 1.025928e-01 3.986960e-09
3.004313e+01 1.448116e-01 6.921000e-09
3.004313e+01 2.023460e-01 1.086547e-08
3.004313e+01 2.834245e-01 1.718675e-08
3.004313e+01 3.967448e-01 2.618568e-08
3.004313e+01 5.552783e-01 3.910592e-08
3.004313e+01 7.774819e-01 5.427957e-08
3.004313e+01 1.088445e+00 6.822646e-08
3.004313e+01 1.523711e+00 7.538703e-08
3.004313e+01 2.088426e+00 7.027546e-08
3.004313e+01 2.685505e+00 4.979494e-08
3.066399e+01 1.570796e-02 1.009812e-10
3.066399e+01 2.346256e-02 2.630254e-10
3.066399e+01 3.503514e-02 5.188734e-10
3.066399e+01 5.263151e-02 1.066626e-09
3.066399e+01 7.314235e-02 2.272560e-09
3.066399e+01 1.025928e-01 3.416659e-09
3.066399e+01 1.448116e-01 5.940223e-09
3.066399e+01 2.023460e-01 9.371203e-09
3.066399e+01 2.834245e-01 1.487757e-08
3.066399e+01 3.967448e-01 2.271636e-08
3.066399e+01 5.552783e-01 3.407221e-08
3.066399e+01 7.774819e-01 4.759878e-08
3.066399e+01 1.088445e+00 6.069548e-08
3.066399e+01 1.523711e+00 6.895903e-08
3.066399e+01 2.088426e+00 6.745010e-08
3.066399e+01 2.685505e+00 5.186139e-08
3.129727e+01 1.570796e-02 8.406036e-11
3.129727e+01 2.346256e-02 2.199483e-10
3.129727e+01 3.503514e-02 4.318817e-10
3.129727e+01 5.263151e-02 8.895068e-10
3.129727e+01 7.314235e-02 1.898450e-09
3.129727e+01 1.025928e-01 2.858893e-09
3.129727e+01 1.448116e-01 4.977821e-09
3.129727e+01 2.023460e-01 7.886299e-09
3.129727e+01 2.834245e-01 1.256389e-08
3.129727e+01 3.967448e-01 1.922505e-08
3.129727e+01 5.552783e-01 2.895099e-08
3.129727e+01 7.774819e-01 4.068183e-08
3.129727e+01 1.088445e+00 5.264116e-08
3.129727e+01 1.523711e+00 6.156341e-08
3.129727e+01 2.088426e+00 6.337961e-08
3.129727e+01 2.685505e+00 5.304457e-08
3.194322e+01 1.570796e-02 6.767376e-11
3.194322e+01 2.346256e-02 1.774554e-10
3.194322e+01 3.503514e-02 3.471137e-10
3.194322e+01 5.263151e-02 7.166366e-10
3.194322e+01 7.314235e-02 1.532603e-09
3.194322e+01 1.025928e-01 2.311293e-09
3.194322e+01 1.448116e-01 4.030382e-09
3.194322e+01 2.023460e-01 6.412947e-09
3.194322e+01 2.834245e-01 1.024693e-08
3.194322e+01 3.967448e-01 1.570655e-08
3.194322e+01 5.552783e-01 2.374513e-08
3.194322e+01 7.774819e-01 3.358603e-08
3.194322e+01 1.088445e+00 4.406722e-08
3.194322e+01 1.523711e+00 5.311133e-08
3.194322e+01 2.088426e+00 5.768367e-08
3.194322e+01 2.685505e+00 5.287166e-08
3.260208e+01 1.570796e-02 5.174979e-11
3.260208e+01 2.346256e-02 1.362003e-10
3.260208e+01 3.503514e-02 2.649675e-10
3.260208e+01 5.263151e-02 5.485044e-10
3.260208e+01 7.314235e-02 1.175649e-09
3.260208e+01 1.025928e-01 1.775726e-09
3.260208e+01 1.448116e-01 3.100706e-09
3.260208e+01 2.023460e-01 4.952432e-09
3.260208e+01 2.834245e-01 7.935425e-09
3.260208e+01 3.967448e-01 1.218342e-08
3.260208e+01 5.552783e-01 1.847002e-08
3.260208e+01 7.774819e-01 2.629761e-08
3.260208e+01 1.088445e+00 3.496146e-08
3.260208e+01 1.523711e+00 4.343133e-08
3.260208e+01 2.088426e+00 4.994201e-08
3.260208e+01 2.685505e+00 5.014836e-08
3.327412e+01 1.570796e-02 3.618109e-11
3.327412e+01 2.346256e-02 9.566842e-11
3.327412e+01 3.503514e-02 1.853047e-10
3.327412e+01 5.263151e-02 3.842718e-10
3.327412e+01 7.314235e-02 8.253598e-10
3.327412e+01 1.025928e-01 1.248828e-09
3.327412e+01 1.448116e-01 2.184369e-09
3.327412e+01 2.023460e-01 3.502965e-09
3.327412e+01 2.834245e-01 5.628739e-09
3.327412e+01 3.967448e-01 8.650873e-09
3.327412e+01 5.552783e-01 1.316481e-08
3.327412e+01 7.774819e-01 1.885659e-08
3.327412e+01 1.088445e+00 2.538946e-08
3.327412e+01 1.523711e+00 3.252046e-08
3.327412e+01 2.088426e+00 3.970051e-08
3.327412e+01 2.685505e+00 4.363534e-08
3.395961e+01 1.570796e-02 2.206181e-11
3.395961e+01 2.346256e-02 5.848882e-11
3.395961e+01 3.503514e-02 1.127342e-10
3.395961e+01 5.263151e-02 2.345291e-10
3.395961e+01 7.314235e-02 5.047816e-10
3.395961e+01 1.025928e-01 7.637925e-10
3.395961e+01 1.448116e-01 1.333752e-09
3.395961e+01 2.023460e-01 2.134588e-09
3.395961e+01 2.834245e-01 3.418439e-09
3.395961e+01 3.967448e-01 5.224016e-09
3.395961e+01 5.552783e-01 7.914615e-09
3.395961e+01 7.774819e-01 1.134412e-08
3.395961e+01 1.088445e+00 1.539925e-08
3.395961e+01 1.523711e+00 2.026759e-08
3.395961e+01 2.088426e+00 2.614030e-08
3.395961e+01 2.685505e+00 3.095027e-08
3.465880e+01 1.570796e-02 7.086046e-12
3.465880e+01 2.346256e-02 1.632274e-11
3.465880e+01 3.503514e-02 3.720106e-11
3.465880e+01 5.263151e-02 7.112459e-11
3.465880e+01 7.314235e-02 1.565235e-10
3.465880e+01 1.025928e-01 2.358539e-10
3.465880e+01 1.448116e-01 4.133933e-10
3.465880e+01 2.023460e-01 6.729363e-10
3.465880e+01 2.834245e-01 1.090485e-09
3.465880e+01 3.967448e-01 1.684433e-09
3.465880e+01 5.552783e-01 2.569326e-09
3.465880e+01 7.774819e-01 3.718910e-09
3.465880e+01 1.088445e+00 5.123133e-09
3.465880e+01 1.523711e+00 6.929152e-09
3.465880e+01 2.088426e+00 9.436854e-09
3.465880e+01 2.685505e+00 1.210669e-08
3.537197e+01 1.570796e-02 0.000000e+00
3.537197e+01 2.346256e-02 0.000000e+00
3.537197e+01 3.503514e-02 0.000000e+00
3.537197e+01 5.263151e-02 0.000000e+00
3.537197e+01 7.314235e-02 0.000000e+00
3.537197e+01 1.025928e-01 0.000000e+00
3.537197e+01 1.448116e-01 0.000000e+00
3.537197e+01 2.023460e-01 0.000000e+00
3.537197e+01 2.834245e-01 0.000000e+00
3.537197e+01 3.967448e-01 0.000000e+00
3.537197e+01 5.552783e-01 0.000000e+00
3.537197e+01 7.774819e-01 0.000000e+00
3.537197e+01 1.088445e+00 0.000000e+00
3.537197e+01 1.523711e+00 0.000000e+00
3.537197e+01 2.088426e+00 0.000000e+00
3.537197e+01 2.685505e+00 0.000000e+00
