5.000000e+00 1.570796e-02 0.000000e+00
5.000000e+00 2.346256e-02 0.000000e+00
5.000000e+00 3.503514e-02 0.000000e+00
5.000000e+00 5.263151e-02 0.000000e+00
5.000000e+00 7.314235e-02 0.000000e+00
5.000000e+00 1.025928e-01 0.000000e+00
5.000000e+00 1.448116e-01 0.000000e+00
5.000000e+00 2.023460e-01 0.000000e+00
5.000000e+00 2.834245e-01 0.000000e+00
5.000000e+00 3.967448e-01 0.000000e+00
5.000000e+00 5.552783e-01 0.000000e+00
5.000000e+00 7.774819e-01 0.000000e+00
5.000000e+00 1.088445e+00 0.000000e+00
5.000000e+00 1.523711e+00 0.000000e+00
5.000000e+00 2.088426e+00 0.000000e+00
5.000000e+00 2.685505e+00 0.000000e+00
5.120000e+00 1.570796e-02 0.000000e+00
5.120000e+00 2.346256e-02 0.000000e+00
5.120000e+00 3.503514e-02 0.000000e+00
5.120000e+00 5.263151e-02 0.000000e+00
5.120000e+00 7.314235e-02 0.000000e+00
5.120000e+00 1.025928e-01 0.000000e+00
5.120000e+00 1.448116e-01 0.000000e+00
5.120000e+00 2.023460e-01 0.000000e+00
5.120000e+00 2.834245e-01 0.000000e+00
5.120000e+00 3.967448e-01 0.000000e+00
5.120000e+00 5.552783e-01 0.000000e+00
5.120000e+00 7.774819e-01 0.000000e+00
5.120000e+00 1.088445e+00 0.000000e+00
5.120000e+00 1.523711e+00 0.000000e+00
5.120000e+00 2.088426e+00 0.000000e+00
5.120000e+00 2.685505e+00 0.000000e+00
5.242400e+00 1.570796e-02 0.000000e+00
5.242400e+00 2.346256e-02 0.000000e+00
5.242400e+00 3.503514e-02 0.000000e+00
5.242400e+00 5.263151e-02 0.000000e+00
5.242400e+00 7.314235e-02 0.000000e+00
5.242400e+00 1.025928e-01 0.000000e+00
5.242400e+00 1.448116e-01 0.000000e+00
5.242400e+00 2.023460e-01 0.000000e+00
5.242400e+00 2.834245e-01 0.000000e+00
5.242400e+00 3.967448e-01 0.000000e+00
5.242400e+00 5.552783e-01 0.000000e+00
5.242400e+00 7.774819e-01 0.000000e+00
5.242400e+00 1.088445e+00 0.000000e+00
5.242400e+00 1.523711e+00 0.000000e+00
5.242400e+00 2.088426e+00 0.000000e+00
5.242400e+00 2.685505e+00 0.000000e+00
5.367248e+00 1.570796e-02 0.000000e+00
5.367248e+00 2.346256e-02 0.000000e+00
5.367248e+00 3.503514e-02 0.000000e+00
5.367248e+00 5.263151e-02 0.000000e+00
5.367248e+00 7.314235e-02 0.000000e+00
5.367248e+00 1.025928e-01 0.000000e+00
5.367248e+00 1.448116e-01 0.000000e+00
5.367248e+00 2.023460e-01 0.000000e+00
5.367248e+00 2.834245e-01 0.000000e+00
5.367248e+00 3.967448e-01 0.000000e+00
5.367248e+00 5.552783e-01 0.000000e+00
5.367248e+00 7.774819e-01 0.000000e+00
5.367248e+00 1.088445e+00 0.000000e+00
5.367248e+00 1.523711e+00 0.000000e+00
5.367248e+00 2.088426e+00 0.000000e+00
5.367248e+00 2.685505e+00 0.000000e+00
5.494593e+00 1.570796e-02 0.000000e+00
5.494593e+00 2.346256e-02 0.000000e+00
5.494593e+00 3.503514e-02 0.000000e+00
5.494593e+00 5.263151e-02 0.000000e+00
5.494593e+00 7.314235e-02 0.000000e+00
5.494593e+00 1.025928e-01 0.000000e+00
5.494593e+00 1.448116e-01 0.000000e+00
5.494593e+00 2.023460e-01 0.000000e+00
5.494593e+00 2.834245e-01 0.000000e+00
5.494593e+00 3.967448e-01 0.000000e+00
5.494593e+00 5.552783e-01 0.000000e+00
5.494593e+00 7.774819e-01 0.000000e+00
5.494593e+00 1.088445e+00 0.000000e+00
5.494593e+00 1.523711e+00 0.000000e+00
5.494593e+00 2.088426e+00 0.000000e+00
5.494593e+00 2.685505e+00 0.000000e+00
5.624485e+00 1.570796e-02 0.000000e+00
5.624485e+00 2.346256e-02 0.000000e+00
5.624485e+00 3.503514e-02 0.000000e+00
5.624485e+00 5.263151e-02 0.000000e+00
5.624485e+00 7.314235e-02 0.000000e+00
5.624485e+00 1.025928e-01 0.000000e+00
5.624485e+00 1.448116e-01 0.000000e+00
5.624485e+00 2.023460e-01 0.000000e+00
5.624485e+00 2.834245e-01 0.000000e+00
5.624485e+00 3.967448e-01 0.000000e+00
5.624485e+00 5.552783e-01 0.000000e+00
5.624485e+00 7.774819e-01 0.000000e+00
5.624485e+00 1.088445e+00 0.000000e+00
5.624485e+00 1.523711e+00 0.000000e+00
5.624485e+00 2.088426e+00 0.000000e+00
5.624485e+00 2.685505e+00 0.000000e+00
5.756975e+00 1.570796e-02 0.000000e+00
5.756975e+00 2.346256e-02 0.000000e+00
5.756975e+00 3.503514e-02 0.000000e+00
5.756975e+00 5.263151e-02 0.000000e+00
5.756975e+00 7.314235e-02 0.000000e+00
5.756975e+00 1.025928e-01 0.000000e+00
5.756975e+00 1.448116e-01 0.000000e+00
5.756975e+00 2.023460e-01 0.000000e+00
5.756975e+00 2.834245e-01 0.000000e+00
5.756975e+00 3.967448e-01 0.000000e+00
5.756975e+00 5.552783e-01 0.000000e+00
5.756975e+00 7.774819e-01 0.000000e+00
5.756975e+00 1.088445e+00 0.000000e+00
5.756975e+00 1.523711e+00 0.000000e+00
5.756975e+00 2.088426e+00 0.000000e+00
5.756975e+00 2.685505e+00 0.000000e+00
5.892114e+00 1.570796e-02 -5.243774e-06
5.892114e+00 2.346256e-02 -3.930589e-06
5.892114e+00 3.503514e-02 -6.522849e-06
5.892114e+00 5.263151e-02 -1.751808e-06
5.892114e+00 7.314235e-02 -1.425542e-05
5.892114e+00 1.025928e-01 -7.441699e-06
5.892114e+00 1.448116e-01 6.093112e-06
5.892114e+00 2.023460e-01 -3.509118e-06
5.892114e+00 2.834245e-01 1.613487e-06
5.892114e+00 3.967448e-01 -6.338051e-06
5.892114e+00 5.552783e-01 -2.703058e-06
5.892114e+00 7.774819e-01 -2.798103e-06
5.892114e+00 1.088445e+00 -2.917304e-06
5.892114e+00 1.523711e+00 -2.588524e-06
5.892114e+00 2.088426e+00 -3.143380e-06
5.892114e+00 2.685505e+00 -2.777036e-06
6.029956e+00 1.570796e-02 -1.089202e-04
6.029956e+00 2.346256e-02 -8.028891e-05
6.029956e+00 3.503514e-02 -1.454032e-04
6.029956e+00 5.263151e-02 -2.217256e-04
6.029956e+00 7.314235e-02 -2.360673e-04
6.029956e+00 1.025928e-01 -8.224685e-05
6.029956e+00 1.448116e-01 -2.185445e-04
6.029956e+00 2.023460e-01 -1.046505e-04
6.029956e+00 2.834245e-01 -2.219239e-04
6.029956e+00 3.967448e-01 -1.141950e-04
6.029956e+00 5.552783e-01 -9.556900e-05
6.029956e+00 7.774819e-01 -9.219546e-05
6.029956e+00 1.088445e+00 -8.112319e-05
6.029956e+00 1.523711e+00 -7.731944e-05
6.029956e+00 2.088426e+00 -8.794953e-05
6.029956e+00 2.685505e+00 -9.146446e-05
6.170555e+00 1.570796e-02 -2.657252e-04
6.170555e+00 2.346256e-02 -2.635230e-04
6.170555e+00 3.503514e-02 -2.994223e-04
6.170555e+00 5.263151e-02 -5.460773e-04
6.170555e+00 7.314235e-02 -6.563621e-04
6.170555e+00 1.025928e-01 -4.857399e-04
6.170555e+00 1.448116e-01 -5.992026e-04
6.170555e+00 2.023460e-01 -5.343124e-04
6.170555e+00 2.834245e-01 -6.834824e-04
6.170555e+00 3.967448e-01 -4.531263e-04
6.170555e+00 5.552783e-01 -4.082915e-04
6.170555e+00 7.774819e-01 -3.633688e-04
6.170555e+00 1.088445e+00 -3.077922e-04
6.170555e+00 1.523711e+00 -2.954268e-04
6.170555e+00 2.088426e+00 -3.242874e-04
6.170555e+00 2.685505e+00 -3.323040e-04
6.313967e+00 1.570796e-02 -5.792362e-04
6.313967e+00 2.346256e-02 -6.910526e-04
6.313967e+00 3.503514e-02 -1.085219e-03
6.313967e+00 5.263151e-02 -1.866730e-03
6.313967e+00 7.314235e-02 -2.495327e-03
6.313967e+00 1.025928e-01 -1.949631e-03
6.313967e+00 1.448116e-01 -2.505884e-03
6.313967e+00 2.023460e-01 -2.166618e-03
6.313967e+00 2.834245e-01 -2.305635e-03
6.313967e+00 3.967448e-01 -1.711204e-03
6.313967e+00 5.552783e-01 -1.536085e-03
6.313967e+00 7.774819e-01 -1.330303e-03
6.313967e+00 1.088445e+00 -1.119904e-03
6.313967e+00 1.523711e+00 -1.073969e-03
6.313967e+00 2.088426e+00 -1.150606e-03
6.313967e+00 2.685505e+00 -1.191523e-03
6.460246e+00 1.570796e-02 -8.130362e-04
6.460246e+00 2.346256e-02 -1.474080e-03
6.460246e+00 3.503514e-02 -2.349817e-03
6.460246e+00 5.263151e-02 -3.604481e-03
6.460246e+00 7.314235e-02 -5.712463e-03
6.460246e+00 1.025928e-01 -4.299336e-03
6.460246e+00 1.448116e-01 -5.089057e-03
6.460246e+00 2.023460e-01 -5.167967e-03
6.460246e+00 2.834245e-01 -4.982005e-03
6.460246e+00 3.967448e-01 -4.073555e-03
6.460246e+00 5.552783e-01 -3.682857e-03
6.460246e+00 7.774819e-01 -3.103251e-03
6.460246e+00 1.088445e+00 -2.637466e-03
6.460246e+00 1.523711e+00 -2.493048e-03
6.460246e+00 2.088426e+00 -2.626320e-03
6.460246e+00 2.685505e+00 -2.703107e-03
6.609451e+00 1.570796e-02 -8.695238e-04
6.609451e+00 2.346256e-02 -2.074715e-03
6.609451e+00 3.503514e-02 -3.818009e-03
6.609451e+00 5.263151e-02 -5.707922e-03
6.609451e+00 7.314235e-02 -9.295078e-03
6.609451e+00 1.025928e-01 -8.040755e-03
6.609451e+00 1.448116e-01 -9.208981e-03
6.609451e+00 2.023460e-01 -9.454607e-03
6.609451e+00 2.834245e-01 -9.096897e-03
6.609451e+00 3.967448e-01 -7.748610e-03
6.609451e+00 5.552783e-01 -6.853828e-03
6.609451e+00 7.774819e-01 -5.833869e-03
6.609451e+00 1.088445e+00 -4.874553e-03
6.609451e+00 1.523711e+00 -4.520851e-03
6.609451e+00 2.088426e+00 -4.754622e-03
6.609451e+00 2.685505e+00 -4.837047e-03
6.761640e+00 1.570796e-02 -9.030637e-04
6.761640e+00 2.346256e-02 -2.384619e-03
6.761640e+00 3.503514e-02 -4.720052e-03
6.761640e+00 5.263151e-02 -7.429184e-03
6.761640e+00 7.314235e-02 -1.241391e-02
6.761640e+00 1.025928e-01 -1.229214e-02
6.761640e+00 1.448116e-01 -1.461966e-02
6.761640e+00 2.023460e-01 -1.488940e-02
6.761640e+00 2.834245e-01 -1.443506e-02
6.761640e+00 3.967448e-01 -1.229043e-02
6.761640e+00 5.552783e-01 -1.095952e-02
6.761640e+00 7.774819e-01 -9.250621e-03
6.761640e+00 1.088445e+00 -7.746302e-03
6.761640e+00 1.523711e+00 -7.067811e-03
6.761640e+00 2.088426e+00 -7.282661e-03
6.761640e+00 2.685505e+00 -7.297427e-03
6.916873e+00 1.570796e-02 -9.198829e-04
6.916873e+00 2.346256e-02 -2.314915e-03
6.916873e+00 3.503514e-02 -5.018667e-03
6.916873e+00 5.263151e-02 -8.617516e-03
6.916873e+00 7.314235e-02 -1.460112e-02
6.916873e+00 1.025928e-01 -1.614281e-02
6.916873e+00 1.448116e-01 -1.956477e-02
6.916873e+00 2.023460e-01 -2.015696e-02
6.916873e+00 2.834245e-01 -1.970972e-02
6.916873e+00 3.967448e-01 -1.734418e-02
6.916873e+00 5.552783e-01 -1.550078e-02
6.916873e+00 7.774819e-01 -1.302065e-02
6.916873e+00 1.088445e+00 -1.087949e-02
6.916873e+00 1.523711e+00 -9.796446e-03
6.916873e+00 2.088426e+00 -9.955466e-03
6.916873e+00 2.685505e+00 -9.787674e-03
7.075210e+00 1.570796e-02 -9.056760e-04
7.075210e+00 2.346256e-02 -2.145917e-03
7.075210e+00 3.503514e-02 -4.864397e-03
7.075210e+00 5.263151e-02 -8.743079e-03
7.075210e+00 7.314235e-02 -1.563772e-02
7.075210e+00 1.025928e-01 -1.878900e-02
7.075210e+00 1.448116e-01 -2.420497e-02
7.075210e+00 2.023460e-01 -2.500206e-02
7.075210e+00 2.834245e-01 -2.471059e-02
7.075210e+00 3.967448e-01 -2.234108e-02
7.075210e+00 5.552783e-01 -1.991105e-02
7.075210e+00 7.774819e-01 -1.688650e-02
7.075210e+00 1.088445e+00 -1.398748e-02
7.075210e+00 1.523711e+00 -1.254504e-02
7.075210e+00 2.088426e+00 -1.254116e-02
7.075210e+00 2.685505e+00 -1.226955e-02
7.236714e+00 1.570796e-02 -8.216094e-04
7.236714e+00 2.346256e-02 -1.996869e-03
7.236714e+00 3.503514e-02 -4.469292e-03
7.236714e+00 5.263151e-02 -8.400071e-03
7.236714e+00 7.314235e-02 -1.563839e-02
7.236714e+00 1.025928e-01 -2.013815e-02
7.236714e+00 1.448116e-01 -2.687076e-02
7.236714e+00 2.023460e-01 -2.874210e-02
7.236714e+00 2.834245e-01 -2.888719e-02
7.236714e+00 3.967448e-01 -2.667970e-02
7.236714e+00 5.552783e-01 -2.392560e-02
7.236714e+00 7.774819e-01 -2.027591e-02
7.236714e+00 1.088445e+00 -1.684188e-02
7.236714e+00 1.523711e+00 -1.494179e-02
7.236714e+00 2.088426e+00 -1.479354e-02
7.236714e+00 2.685505e+00 -1.428252e-02
7.401449e+00 1.570796e-02 -7.211971e-04
7.401449e+00 2.346256e-02 -1.783340e-03
7.401449e+00 3.503514e-02 -4.104492e-03
7.401449e+00 5.263151e-02 -7.869440e-03
7.401449e+00 7.314235e-02 -1.492233e-02
7.401449e+00 1.025928e-01 -2.032480e-02
7.401449e+00 1.448116e-01 -2.808799e-02
7.401449e+00 2.023460e-01 -3.107561e-02
7.401449e+00 2.834245e-01 -3.184426e-02
7.401449e+00 3.967448e-01 -2.995771e-02
7.401449e+00 5.552783e-01 -2.721897e-02
7.401449e+00 7.774819e-01 -2.318236e-02
7.401449e+00 1.088445e+00 -1.921000e-02
7.401449e+00 1.523711e+00 -1.690100e-02
7.401449e+00 2.088426e+00 -1.661685e-02
7.401449e+00 2.685505e+00 -1.587618e-02
7.569477e+00 1.570796e-02 -6.369821e-04
7.569477e+00 2.346256e-02 -1.613542e-03
7.569477e+00 3.503514e-02 -3.625288e-03
7.569477e+00 5.263151e-02 -7.123055e-03
7.569477e+00 7.314235e-02 -1.378484e-02
7.569477e+00 1.025928e-01 -1.959123e-02
7.569477e+00 1.448116e-01 -2.806524e-02
7.569477e+00 2.023460e-01 -3.208149e-02
7.569477e+00 2.834245e-01 -3.369240e-02
7.569477e+00 3.967448e-01 -3.247490e-02
7.569477e+00 5.552783e-01 -2.980363e-02
7.569477e+00 7.774819e-01 -2.561612e-02
7.569477e+00 1.088445e+00 -2.125464e-02
7.569477e+00 1.523711e+00 -1.861598e-02
7.569477e+00 2.088426e+00 -1.812350e-02
7.569477e+00 2.685505e+00 -1.713573e-02
7.740867e+00 1.570796e-02 -5.694936e-04
7.740867e+00 2.346256e-02 -1.451118e-03
7.740867e+00 3.503514e-02 -3.126834e-03
7.740867e+00 5.263151e-02 -6.343740e-03
7.740867e+00 7.314235e-02 -1.250448e-02
7.740867e+00 1.025928e-01 -1.819939e-02
7.740867e+00 1.448116e-01 -2.711899e-02
7.740867e+00 2.023460e-01 -3.190839e-02
7.740867e+00 2.834245e-01 -3.447165e-02
7.740867e+00 3.967448e-01 -3.400823e-02
7.740867e+00 5.552783e-01 -3.157600e-02
7.740867e+00 7.774819e-01 -2.738900e-02
7.740867e+00 1.088445e+00 -2.280280e-02
7.740867e+00 1.523711e+00 -1.991506e-02
7.740867e+00 2.088426e+00 -1.939088e-02
7.740867e+00 2.685505e+00 -1.825860e-02
7.915684e+00 1.570796e-02 -5.052894e-04
7.915684e+00 2.346256e-02 -1.284715e-03
7.915684e+00 3.503514e-02 -2.676169e-03
7.915684e+00 5.263151e-02 -5.614948e-03
7.915684e+00 7.314235e-02 -1.114405e-02
7.915684e+00 1.025928e-01 -1.663957e-02
7.915684e+00 1.448116e-01 -2.544175e-02
7.915684e+00 2.023460e-01 -3.090520e-02
7.915684e+00 2.834245e-01 -3.434435e-02
7.915684e+00 3.967448e-01 -3.461908e-02
7.915684e+00 5.552783e-01 -3.262656e-02
7.915684e+00 7.774819e-01 -2.856752e-02
7.915684e+00 1.088445e+00 -2.393492e-02
7.915684e+00 1.523711e+00 -2.084704e-02
7.915684e+00 2.088426e+00 -2.023248e-02
7.915684e+00 2.685505e+00 -1.902713e-02
8.093998e+00 1.570796e-02 -4.438257e-04
8.093998e+00 2.346256e-02 -1.151951e-03
8.093998e+00 3.503514e-02 -2.334013e-03
8.093998e+00 5.263151e-02 -4.935360e-03
8.093998e+00 7.314235e-02 -9.839798e-03
8.093998e+00 1.025928e-01 -1.488897e-02
8.093998e+00 1.448116e-01 -2.327903e-02
8.093998e+00 2.023460e-01 -2.917292e-02
8.093998e+00 2.834245e-01 -3.342881e-02
8.093998e+00 3.967448e-01 -3.450637e-02
8.093998e+00 5.552783e-01 -3.303050e-02
8.093998e+00 7.774819e-01 -2.924336e-02
8.093998e+00 1.088445e+00 -2.468397e-02
8.093998e+00 1.523711e+00 -2.148827e-02
8.093998e+00 2.088426e+00 -2.075322e-02
8.093998e+00 2.685505e+00 -1.934602e-02
8.275878e+00 1.570796e-02 -3.827215e-04
8.275878e+00 2.346256e-02 -1.020754e-03
8.275878e+00 3.503514e-02 -2.041710e-03
8.275878e+00 5.263151e-02 -4.321112e-03
8.275878e+00 7.314235e-02 -8.617902e-03
8.275878e+00 1.025928e-01 -1.312319e-02
8.275878e+00 1.448116e-01 -2.092796e-02
8.275878e+00 2.023460e-01 -2.704601e-02
8.275878e+00 2.834245e-01 -3.193239e-02
8.275878e+00 3.967448e-01 -3.375086e-02
8.275878e+00 5.552783e-01 -3.284171e-02
8.275878e+00 7.774819e-01 -2.943387e-02
8.275878e+00 1.088445e+00 -2.502400e-02
8.275878e+00 1.523711e+00 -2.189489e-02
8.275878e+00 2.088426e+00 -2.109202e-02
8.275878e+00 2.685505e+00 -1.948175e-02
8.461396e+00 1.570796e-02 -3.267200e-04
8.461396e+00 2.346256e-02 -9.061026e-04
8.461396e+00 3.503514e-02 -1.781930e-03
8.461396e+00 5.263151e-02 -3.767017e-03
8.461396e+00 7.314235e-02 -7.512902e-03
8.461396e+00 1.025928e-01 -1.147193e-02
8.461396e+00 1.448116e-01 -1.860731e-02
8.461396e+00 2.023460e-01 -2.467742e-02
8.461396e+00 2.834245e-01 -3.000389e-02
8.461396e+00 3.967448e-01 -3.243028e-02
8.461396e+00 5.552783e-01 -3.210399e-02
8.461396e+00 7.774819e-01 -2.918845e-02
8.461396e+00 1.088445e+00 -2.499511e-02
8.461396e+00 1.523711e+00 -2.202575e-02
8.461396e+00 2.088426e+00 -2.122931e-02
8.461396e+00 2.685505e+00 -1.947722e-02
8.650623e+00 1.570796e-02 -2.776936e-04
8.650623e+00 2.346256e-02 -8.020579e-04
8.650623e+00 3.503514e-02 -1.552826e-03
8.650623e+00 5.263151e-02 -3.272628e-03
8.650623e+00 7.314235e-02 -6.540517e-03
8.650623e+00 1.025928e-01 -9.975390e-03
8.650623e+00 1.448116e-01 -1.638394e-02
8.650623e+00 2.023460e-01 -2.224966e-02
8.650623e+00 2.834245e-01 -2.775557e-02
8.650623e+00 3.967448e-01 -3.070973e-02
8.650623e+00 5.552783e-01 -3.094355e-02
8.650623e+00 7.774819e-01 -2.852057e-02
8.650623e+00 1.088445e+00 -2.466958e-02
8.650623e+00 1.523711e+00 -2.184085e-02
8.650623e+00 2.088426e+00 -2.108145e-02
8.650623e+00 2.685505e+00 -1.926682e-02
8.843636e+00 1.570796e-02 -2.377266e-04
8.843636e+00 2.346256e-02 -7.006573e-04
8.843636e+00 3.503514e-02 -1.353332e-03
8.843636e+00 5.263151e-02 -2.833882e-03
8.843636e+00 7.314235e-02 -5.666826e-03
8.843636e+00 1.025928e-01 -8.635442e-03
8.843636e+00 1.448116e-01 -1.431207e-02
8.843636e+00 2.023460e-01 -1.985395e-02
8.843636e+00 2.834245e-01 -2.531399e-02
8.843636e+00 3.967448e-01 -2.863852e-02
8.843636e+00 5.552783e-01 -2.942047e-02
8.843636e+00 7.774819e-01 -2.749711e-02
8.843636e+00 1.088445e+00 -2.408750e-02
8.843636e+00 1.523711e+00 -2.152386e-02
8.843636e+00 2.088426e+00 -2.077076e-02
8.843636e+00 2.685505e+00 -1.890007e-02
9.040509e+00 1.570796e-02 -2.038251e-04
9.040509e+00 2.346256e-02 -6.100466e-04
9.040509e+00 3.503514e-02 -1.176743e-03
9.040509e+00 5.263151e-02 -2.446502e-03
9.040509e+00 7.314235e-02 -4.890727e-03
9.040509e+00 1.025928e-01 -7.477098e-03
9.040509e+00 1.448116e-01 -1.245896e-02
9.040509e+00 2.023460e-01 -1.752867e-02
9.040509e+00 2.834245e-01 -2.279655e-02
9.040509e+00 3.967448e-01 -2.636184e-02
9.040509e+00 5.552783e-01 -2.758388e-02
9.040509e+00 7.774819e-01 -2.619969e-02
9.040509e+00 1.088445e+00 -2.326395e-02
9.040509e+00 1.523711e+00 -2.100173e-02
9.040509e+00 2.088426e+00 -2.028830e-02
9.040509e+00 2.685505e+00 -1.841318e-02
9.241319e+00 1.570796e-02 -1.761766e-04
9.241319e+00 2.346256e-02 -5.286311e-04
9.241319e+00 3.503514e-02 -1.022678e-03
9.241319e+00 5.263151e-02 -2.111782e-03
9.241319e+00 7.314235e-02 -4.221804e-03
9.241319e+00 1.025928e-01 -6.487818e-03
9.241319e+00 1.448116e-01 -1.080373e-02
9.241319e+00 2.023460e-01 -1.536304e-02
9.241319e+00 2.834245e-01 -2.032104e-02
9.241319e+00 3.967448e-01 -2.396039e-02
9.241319e+00 5.552783e-01 -2.557307e-02
9.241319e+00 7.774819e-01 -2.468298e-02
9.241319e+00 1.088445e+00 -2.223820e-02
9.241319e+00 1.523711e+00 -2.023786e-02
9.241319e+00 2.088426e+00 -1.961001e-02
9.241319e+00 2.685505e+00 -1.762519e-02
9.446145e+00 1.570796e-02 -1.524307e-04
9.446145e+00 2.346256e-02 -4.583315e-04
9.446145e+00 3.503514e-02 -8.905632e-04
9.446145e+00 5.263151e-02 -1.818352e-03
9.446145e+00 7.314235e-02 -3.636174e-03
9.446145e+00 1.025928e-01 -5.605670e-03
9.446145e+00 1.448116e-01 -9.337451e-03
9.446145e+00 2.023460e-01 -1.335112e-02
9.446145e+00 2.834245e-01 -1.794845e-02
9.446145e+00 3.967448e-01 -2.155795e-02
9.446145e+00 5.552783e-01 -2.347217e-02
9.446145e+00 7.774819e-01 -2.302324e-02
9.446145e+00 1.088445e+00 -2.105542e-02
9.446145e+00 1.523711e+00 -1.937192e-02
9.446145e+00 2.088426e+00 -1.881714e-02
9.446145e+00 2.685505e+00 -1.678625e-02
9.655068e+00 1.570796e-02 -1.318996e-04
9.655068e+00 2.346256e-02 -3.913825e-04
9.655068e+00 3.503514e-02 -7.708286e-04
9.655068e+00 5.263151e-02 -1.555001e-03
9.655068e+00 7.314235e-02 -3.116685e-03
9.655068e+00 1.025928e-01 -4.816085e-03
9.655068e+00 1.448116e-01 -8.009325e-03
9.655068e+00 2.023460e-01 -1.151124e-02
9.655068e+00 2.834245e-01 -1.569119e-02
9.655068e+00 3.967448e-01 -1.918506e-02
9.655068e+00 5.552783e-01 -2.126576e-02
9.655068e+00 7.774819e-01 -2.123466e-02
9.655068e+00 1.088445e+00 -1.975744e-02
9.655068e+00 1.523711e+00 -1.845951e-02
9.655068e+00 2.088426e+00 -1.809051e-02
9.655068e+00 2.685505e+00 -1.614961e-02
9.868170e+00 1.570796e-02 -1.144740e-04
9.868170e+00 2.346256e-02 -3.308061e-04
9.868170e+00 3.503514e-02 -6.629445e-04
9.868170e+00 5.263151e-02 -1.326371e-03
9.868170e+00 7.314235e-02 -2.664819e-03
9.868170e+00 1.025928e-01 -4.114511e-03
9.868170e+00 1.448116e-01 -6.835972e-03
9.868170e+00 2.023460e-01 -9.870144e-03
9.868170e+00 2.834245e-01 -1.362788e-02
9.868170e+00 3.967448e-01 -1.693108e-02
9.868170e+00 5.552783e-01 -1.909100e-02
9.868170e+00 7.774819e-01 -1.941121e-02
9.868170e+00 1.088445e+00 -1.836475e-02
9.868170e+00 1.523711e+00 -1.742280e-02
9.868170e+00 2.088426e+00 -1.716109e-02
9.868170e+00 2.685505e+00 -1.522632e-02
1.008553e+01 1.570796e-02 -9.878525e-05
1.008553e+01 2.346256e-02 -2.799292e-04
1.008553e+01 3.503514e-02 -5.634826e-04
1.008553e+01 5.263151e-02 -1.129144e-03
1.008553e+01 7.314235e-02 -2.268463e-03
1.008553e+01 1.025928e-01 -3.498794e-03
1.008553e+01 1.448116e-01 -5.815391e-03
1.008553e+01 2.023460e-01 -8.412010e-03
1.008553e+01 2.834245e-01 -1.174495e-02
1.008553e+01 3.967448e-01 -1.481233e-02
1.008553e+01 5.552783e-01 -1.699758e-02
1.008553e+01 7.774819e-01 -1.756385e-02
1.008553e+01 1.088445e+00 -1.690149e-02
1.008553e+01 1.523711e+00 -1.623248e-02
1.008553e+01 2.088426e+00 -1.606468e-02
1.008553e+01 2.685505e+00 -1.418937e-02
1.030724e+01 1.570796e-02 -8.482622e-05
1.030724e+01 2.346256e-02 -2.338080e-04
1.030724e+01 3.503514e-02 -4.763835e-04
1.030724e+01 5.263151e-02 -9.575918e-04
1.030724e+01 7.314235e-02 -1.920291e-03
1.030724e+01 1.025928e-01 -2.957921e-03
1.030724e+01 1.448116e-01 -4.909283e-03
1.030724e+01 2.023460e-01 -7.135976e-03
1.030724e+01 2.834245e-01 -1.003334e-02
1.030724e+01 3.967448e-01 -1.284434e-02
1.030724e+01 5.552783e-01 -1.497371e-02
1.030724e+01 7.774819e-01 -1.576337e-02
1.030724e+01 1.088445e+00 -1.538710e-02
1.030724e+01 1.523711e+00 -1.497995e-02
1.030724e+01 2.088426e+00 -1.496295e-02
1.030724e+01 2.685505e+00 -1.318967e-02
1.053339e+01 1.570796e-02 -7.148556e-05
1.053339e+01 2.346256e-02 -1.929203e-04
1.053339e+01 3.503514e-02 -4.039959e-04
1.053339e+01 5.263151e-02 -8.083240e-04
1.053339e+01 7.314235e-02 -1.617271e-03
1.053339e+01 1.025928e-01 -2.494043e-03
1.053339e+01 1.448116e-01 -4.127446e-03
1.053339e+01 2.023460e-01 -6.037123e-03
1.053339e+01 2.834245e-01 -8.531135e-03
1.053339e+01 3.967448e-01 -1.105274e-02
1.053339e+01 5.552783e-01 -1.307905e-02
1.053339e+01 7.774819e-01 -1.400887e-02
1.053339e+01 1.088445e+00 -1.391105e-02
1.053339e+01 1.523711e+00 -1.377861e-02
1.053339e+01 2.088426e+00 -1.387784e-02
1.053339e+01 2.685505e+00 -1.218528e-02
1.076406e+01 1.570796e-02 -6.042095e-05
1.076406e+01 2.346256e-02 -1.599800e-04
1.076406e+01 3.503514e-02 -3.407080e-04
1.076406e+01 5.263151e-02 -6.812229e-04
1.076406e+01 7.314235e-02 -1.357032e-03
1.076406e+01 1.025928e-01 -2.098426e-03
1.076406e+01 1.448116e-01 -3.464414e-03
1.076406e+01 2.023460e-01 -5.095035e-03
1.076406e+01 2.834245e-01 -7.223822e-03
1.076406e+01 3.967448e-01 -9.453735e-03
1.076406e+01 5.552783e-01 -1.133689e-02
1.076406e+01 7.774819e-01 -1.234040e-02
1.076406e+01 1.088445e+00 -1.247853e-02
1.076406e+01 1.523711e+00 -1.254569e-02
1.076406e+01 2.088426e+00 -1.276173e-02
1.076406e+01 2.685505e+00 -1.115187e-02
1.099934e+01 1.570796e-02 -5.115459e-05
1.099934e+01 2.346256e-02 -1.327609e-04
1.099934e+01 3.503514e-02 -2.842307e-04
1.099934e+01 5.263151e-02 -5.697482e-04
1.099934e+01 7.314235e-02 -1.131418e-03
1.099934e+01 1.025928e-01 -1.757532e-03
1.099934e+01 1.448116e-01 -2.896706e-03
1.099934e+01 2.023460e-01 -4.271804e-03
1.099934e+01 2.834245e-01 -6.070857e-03
1.099934e+01 3.967448e-01 -8.014991e-03
1.099934e+01 5.552783e-01 -9.730620e-03
1.099934e+01 7.774819e-01 -1.077568e-02
1.099934e+01 1.088445e+00 -1.107739e-02
1.099934e+01 1.523711e+00 -1.132361e-02
1.099934e+01 2.088426e+00 -1.161391e-02
1.099934e+01 2.685505e+00 -1.012079e-02
1.123932e+01 1.570796e-02 -4.275533e-05
1.123932e+01 2.346256e-02 -1.081773e-04
1.123932e+01 3.503514e-02 -2.360712e-04
1.123932e+01 5.263151e-02 -4.741354e-04
1.123932e+01 7.314235e-02 -9.385404e-04
1.123932e+01 1.025928e-01 -1.463606e-03
1.123932e+01 1.448116e-01 -2.406821e-03
1.123932e+01 2.023460e-01 -3.563791e-03
1.123932e+01 2.834245e-01 -5.073359e-03
1.123932e+01 3.967448e-01 -6.752598e-03
1.123932e+01 5.552783e-01 -8.289477e-03
1.123932e+01 7.774819e-01 -9.331285e-03
1.123932e+01 1.088445e+00 -9.771600e-03
1.123932e+01 1.523711e+00 -1.016621e-02
1.123932e+01 2.088426e+00 -1.053373e-02
1.123932e+01 2.685505e+00 -9.231925e-03
1.148411e+01 1.570796e-02 -3.529921e-05
1.148411e+01 2.346256e-02 -8.677505e-05
1.148411e+01 3.503514e-02 -1.942934e-04
1.148411e+01 5.263151e-02 -3.931132e-04
1.148411e+01 7.314235e-02 -7.779990e-04
1.148411e+01 1.025928e-01 -1.212529e-03
1.148411e+01 1.448116e-01 -1.989476e-03
1.148411e+01 2.023460e-01 -2.955456e-03
1.148411e+01 2.834245e-01 -4.217931e-03
1.148411e+01 3.967448e-01 -5.643763e-03
1.148411e+01 5.552783e-01 -7.007621e-03
1.148411e+01 7.774819e-01 -8.026758e-03
1.148411e+01 1.088445e+00 -8.555430e-03
1.148411e+01 1.523711e+00 -9.039588e-03
1.148411e+01 2.088426e+00 -9.466317e-03
1.148411e+01 2.685505e+00 -8.311151e-03
1.173379e+01 1.570796e-02 -2.940471e-05
1.173379e+01 2.346256e-02 -7.082042e-05
1.173379e+01 3.503514e-02 -1.595479e-04
1.173379e+01 5.263151e-02 -3.241318e-04
1.173379e+01 7.314235e-02 -6.408417e-04
1.173379e+01 1.025928e-01 -9.995692e-04
1.173379e+01 1.448116e-01 -1.634212e-03
1.173379e+01 2.023460e-01 -2.434582e-03
1.173379e+01 2.834245e-01 -3.490327e-03
1.173379e+01 3.967448e-01 -4.685248e-03
1.173379e+01 5.552783e-01 -5.870456e-03
1.173379e+01 7.774819e-01 -6.855999e-03
1.173379e+01 1.088445e+00 -7.428434e-03
1.173379e+01 1.523711e+00 -7.972007e-03
1.173379e+01 2.088426e+00 -8.442824e-03
1.173379e+01 2.685505e+00 -7.453203e-03
1.198847e+01 1.570796e-02 -2.417661e-05
1.198847e+01 2.346256e-02 -5.745931e-05
1.198847e+01 3.503514e-02 -1.306999e-04
1.198847e+01 5.263151e-02 -2.628749e-04
1.198847e+01 7.314235e-02 -5.238122e-04
1.198847e+01 1.025928e-01 -8.164333e-04
1.198847e+01 1.448116e-01 -1.334848e-03
1.198847e+01 2.023460e-01 -1.992655e-03
1.198847e+01 2.834245e-01 -2.854545e-03
1.198847e+01 3.967448e-01 -3.849126e-03
1.198847e+01 5.552783e-01 -4.876329e-03
1.198847e+01 7.774819e-01 -5.784016e-03
1.198847e+01 1.088445e+00 -6.385949e-03
1.198847e+01 1.523711e+00 -6.980807e-03
1.198847e+01 2.088426e+00 -7.485057e-03
1.198847e+01 2.685505e+00 -6.710259e-03
1.224824e+01 1.570796e-02 -1.979599e-05
1.224824e+01 2.346256e-02 -4.614710e-05
1.224824e+01 3.503514e-02 -1.047598e-04
1.224824e+01 5.263151e-02 -2.126877e-04
1.224824e+01 7.314235e-02 -4.250320e-04
1.224824e+01 1.025928e-01 -6.623303e-04
1.224824e+01 1.448116e-01 -1.081117e-03
1.224824e+01 2.023460e-01 -1.623809e-03
1.224824e+01 2.834245e-01 -2.328163e-03
1.224824e+01 3.967448e-01 -3.153695e-03
1.224824e+01 5.552783e-01 -4.026903e-03
1.224824e+01 7.774819e-01 -4.851807e-03
1.224824e+01 1.088445e+00 -5.465691e-03
1.224824e+01 1.523711e+00 -6.079003e-03
1.224824e+01 2.088426e+00 -6.625719e-03
1.224824e+01 2.685505e+00 -5.949816e-03
1.251320e+01 1.570796e-02 -1.607767e-05
1.251320e+01 2.346256e-02 -3.711771e-05
1.251320e+01 3.503514e-02 -8.551396e-05
1.251320e+01 5.263151e-02 -1.728803e-04
1.251320e+01 7.314235e-02 -3.416493e-04
1.251320e+01 1.025928e-01 -5.341019e-04
1.251320e+01 1.448116e-01 -8.763498e-04
1.251320e+01 2.023460e-01 -1.316711e-03
1.251320e+01 2.834245e-01 -1.891044e-03
1.251320e+01 3.967448e-01 -2.567104e-03
1.251320e+01 5.552783e-01 -3.309763e-03
1.251320e+01 7.774819e-01 -4.053504e-03
1.251320e+01 1.088445e+00 -4.653123e-03
1.251320e+01 1.523711e+00 -5.278597e-03
1.251320e+01 2.088426e+00 -5.812311e-03
1.251320e+01 2.685505e+00 -5.233211e-03
1.278347e+01 1.570796e-02 -1.292266e-05
1.278347e+01 2.346256e-02 -2.969417e-05
1.278347e+01 3.503514e-02 -6.835214e-05
1.278347e+01 5.263151e-02 -1.383108e-04
1.278347e+01 7.314235e-02 -2.742903e-04
1.278347e+01 1.025928e-01 -4.270734e-04
1.278347e+01 1.448116e-01 -7.024093e-04
1.278347e+01 2.023460e-01 -1.059189e-03
1.278347e+01 2.834245e-01 -1.521753e-03
1.278347e+01 3.967448e-01 -2.078892e-03
1.278347e+01 5.552783e-01 -2.700617e-03
1.278347e+01 7.774819e-01 -3.360156e-03
1.278347e+01 1.088445e+00 -3.925361e-03
1.278347e+01 1.523711e+00 -4.549200e-03
1.278347e+01 2.088426e+00 -5.068774e-03
1.278347e+01 2.685505e+00 -4.627592e-03
1.305914e+01 1.570796e-02 -1.055514e-05
1.305914e+01 2.346256e-02 -2.375403e-05
1.305914e+01 3.503514e-02 -5.505932e-05
1.305914e+01 5.263151e-02 -1.121397e-04
1.305914e+01 7.314235e-02 -2.192341e-04
1.305914e+01 1.025928e-01 -3.422867e-04
1.305914e+01 1.448116e-01 -5.626141e-04
1.305914e+01 2.023460e-01 -8.492945e-04
1.305914e+01 2.834245e-01 -1.221323e-03
1.305914e+01 3.967448e-01 -1.673954e-03
1.305914e+01 5.552783e-01 -2.201163e-03
1.305914e+01 7.774819e-01 -2.767412e-03
1.305914e+01 1.088445e+00 -3.290476e-03
1.305914e+01 1.523711e+00 -3.885087e-03
1.305914e+01 2.088426e+00 -4.390291e-03
1.305914e+01 2.685505e+00 -4.014381e-03
1.334032e+01 1.570796e-02 -8.366369e-06
1.334032e+01 2.346256e-02 -1.853819e-05
1.334032e+01 3.503514e-02 -4.330235e-05
1.334032e+01 5.263151e-02 -8.864959e-05
1.334032e+01 7.314235e-02 -1.741727e-04
1.334032e+01 1.025928e-01 -2.714216e-04
1.334032e+01 1.448116e-01 -4.468147e-04
1.334032e+01 2.023460e-01 -6.775481e-04
1.334032e+01 2.834245e-01 -9.727223e-04
1.334032e+01 3.967448e-01 -1.339392e-03
1.334032e+01 5.552783e-01 -1.773591e-03
1.334032e+01 7.774819e-01 -2.257474e-03
1.334032e+01 1.088445e+00 -2.742650e-03
1.334032e+01 1.523711e+00 -3.296671e-03
1.334032e+01 2.088426e+00 -3.771744e-03
1.334032e+01 2.685505e+00 -3.495270e-03
1.362713e+01 1.570796e-02 -6.736520e-06
1.362713e+01 2.346256e-02 -1.399334e-05
1.362713e+01 3.503514e-02 -3.401071e-05
1.362713e+01 5.263151e-02 -6.940672e-05
1.362713e+01 7.314235e-02 -1.368870e-04
1.362713e+01 1.025928e-01 -2.141579e-04
1.362713e+01 1.448116e-01 -3.524562e-04
1.362713e+01 2.023460e-01 -5.358826e-04
1.362713e+01 2.834245e-01 -7.671700e-04
1.362713e+01 3.967448e-01 -1.060623e-03
1.362713e+01 5.552783e-01 -1.415297e-03
1.362713e+01 7.774819e-01 -1.825494e-03
1.362713e+01 1.088445e+00 -2.264802e-03
1.362713e+01 1.523711e+00 -2.763283e-03
1.362713e+01 2.088426e+00 -3.204990e-03
1.362713e+01 2.685505e+00 -2.984135e-03
1.391967e+01 1.570796e-02 -5.313513e-06
1.391967e+01 2.346256e-02 -1.092661e-05
1.391967e+01 3.503514e-02 -2.644024e-05
1.391967e+01 5.263151e-02 -5.399795e-05
1.391967e+01 7.314235e-02 -1.071995e-04
1.391967e+01 1.025928e-01 -1.688709e-04
1.391967e+01 1.448116e-01 -2.765095e-04
1.391967e+01 2.023460e-01 -4.204596e-04
1.391967e+01 2.834245e-01 -6.006479e-04
1.391967e+01 3.967448e-01 -8.369657e-04
1.391967e+01 5.552783e-01 -1.123801e-03
1.391967e+01 7.774819e-01 -1.465252e-03
1.391967e+01 1.088445e+00 -1.846708e-03
1.391967e+01 1.523711e+00 -2.295584e-03
1.391967e+01 2.088426e+00 -2.683943e-03
1.391967e+01 2.685505e+00 -2.522240e-03
1.421806e+01 1.570796e-02 -4.262679e-06
1.421806e+01 2.346256e-02 -8.494073e-06
1.421806e+01 3.503514e-02 -2.070668e-05
1.421806e+01 5.263151e-02 -4.219378e-05
1.421806e+01 7.314235e-02 -8.362914e-05
1.421806e+01 1.025928e-01 -1.312385e-04
1.421806e+01 1.448116e-01 -2.169654e-04
1.421806e+01 2.023460e-01 -3.288432e-04
1.421806e+01 2.834245e-01 -4.697153e-04
1.421806e+01 3.967448e-01 -6.560778e-04
1.421806e+01 5.552783e-01 -8.887271e-04
1.421806e+01 7.774819e-01 -1.168798e-03
1.421806e+01 1.088445e+00 -1.500392e-03
1.421806e+01 1.523711e+00 -1.901253e-03
1.421806e+01 2.088426e+00 -2.254534e-03
1.421806e+01 2.685505e+00 -2.133140e-03
1.452242e+01 1.570796e-02 -3.412156e-06
1.452242e+01 2.346256e-02 -6.687328e-06
1.452242e+01 3.503514e-02 -1.635032e-05
1.452242e+01 5.263151e-02 -3.201526e-05
1.452242e+01 7.314235e-02 -6.523024e-05
1.452242e+01 1.025928e-01 -1.019040e-04
1.452242e+01 1.448116e-01 -1.676763e-04
1.452242e+01 2.023460e-01 -2.562442e-04
1.452242e+01 2.834245e-01 -3.662242e-04
1.452242e+01 3.967448e-01 -5.120782e-04
1.452242e+01 5.552783e-01 -6.975542e-04
1.452242e+01 7.774819e-01 -9.254448e-04
1.452242e+01 1.088445e+00 -1.207348e-03
1.452242e+01 1.523711e+00 -1.560250e-03
1.452242e+01 2.088426e+00 -1.866368e-03
1.452242e+01 2.685505e+00 -1.741495e-03
1.483287e+01 1.570796e-02 -2.607836e-06
1.483287e+01 2.346256e-02 -5.047483e-06
1.483287e+01 3.503514e-02 -1.262262e-05
1.483287e+01 5.263151e-02 -2.437061e-05
1.483287e+01 7.314235e-02 -4.989417e-05
1.483287e+01 1.025928e-01 -7.790896e-05
1.483287e+01 1.448116e-01 -1.281450e-04
1.483287e+01 2.023460e-01 -1.966483e-04
1.483287e+01 2.834245e-01 -2.802305e-04
1.483287e+01 3.967448e-01 -3.930349e-04
1.483287e+01 5.552783e-01 -5.399987e-04
1.483287e+01 7.774819e-01 -7.231640e-04
1.483287e+01 1.088445e+00 -9.601800e-04
1.483287e+01 1.523711e+00 -1.258157e-03
1.483287e+01 2.088426e+00 -1.519762e-03
1.483287e+01 2.685505e+00 -1.411601e-03
1.514953e+01 1.570796e-02 -2.029129e-06
1.514953e+01 2.346256e-02 -3.763245e-06
1.514953e+01 3.503514e-02 -9.608826e-06
1.514953e+01 5.263151e-02 -1.857732e-05
1.514953e+01 7.314235e-02 -3.736970e-05
1.514953e+01 1.025928e-01 -5.814064e-05
1.514953e+01 1.448116e-01 -9.789882e-05
1.514953e+01 2.023460e-01 -1.493756e-04
1.514953e+01 2.834245e-01 -2.129776e-04
1.514953e+01 3.967448e-01 -2.995892e-04
1.514953e+01 5.552783e-01 -4.129594e-04
1.514953e+01 7.774819e-01 -5.610782e-04
1.514953e+01 1.088445e+00 -7.542158e-04
1.514953e+01 1.523711e+00 -1.006176e-03
1.514953e+01 2.088426e+00 -1.228473e-03
1.514953e+01 2.685505e+00 -1.147376e-03
1.547252e+01 1.570796e-02 -1.570059e-06
1.547252e+01 2.346256e-02 -2.784959e-06
1.547252e+01 3.503514e-02 -7.398702e-06
1.547252e+01 5.263151e-02 -1.415372e-05
1.547252e+01 7.314235e-02 -2.813802e-05
1.547252e+01 1.025928e-01 -4.396720e-05
1.547252e+01 1.448116e-01 -7.426931e-05
1.547252e+01 2.023460e-01 -1.134136e-04
1.547252e+01 2.834245e-01 -1.625935e-04
1.547252e+01 3.967448e-01 -2.287006e-04
1.547252e+01 5.552783e-01 -3.159582e-04
1.547252e+01 7.774819e-01 -4.319806e-04
1.547252e+01 1.088445e+00 -5.875483e-04
1.547252e+01 1.523711e+00 -7.936887e-04
1.547252e+01 2.088426e+00 -9.783906e-04
1.547252e+01 2.685505e+00 -9.141557e-04
1.580197e+01 1.570796e-02 -1.207736e-06
1.580197e+01 2.346256e-02 -2.005992e-06
1.580197e+01 3.503514e-02 -5.583356e-06
1.580197e+01 5.263151e-02 -1.040724e-05
1.580197e+01 7.314235e-02 -2.095980e-05
1.580197e+01 1.025928e-01 -3.240964e-05
1.580197e+01 1.448116e-01 -5.513396e-05
1.580197e+01 2.023460e-01 -8.470260e-05
1.580197e+01 2.834245e-01 -1.205976e-04
1.580197e+01 3.967448e-01 -1.704435e-04
1.580197e+01 5.552783e-01 -2.369107e-04
1.580197e+01 7.774819e-01 -3.273786e-04
1.580197e+01 1.088445e+00 -4.492828e-04
1.580197e+01 1.523711e+00 -6.143145e-04
1.580197e+01 2.088426e+00 -7.657009e-04
1.580197e+01 2.685505e+00 -7.235936e-04
1.613801e+01 1.570796e-02 -9.365319e-07
1.613801e+01 2.346256e-02 -1.355200e-06
1.613801e+01 3.503514e-02 -4.184510e-06
1.613801e+01 5.263151e-02 -7.518065e-06
1.613801e+01 7.314235e-02 -1.501583e-05
1.613801e+01 1.025928e-01 -2.354958e-05
1.613801e+01 1.448116e-01 -4.014939e-05
1.613801e+01 2.023460e-01 -6.198011e-05
1.613801e+01 2.834245e-01 -8.816572e-05
1.613801e+01 3.967448e-01 -1.258259e-04
1.613801e+01 5.552783e-01 -1.750442e-04
1.613801e+01 7.774819e-01 -2.447478e-04
1.613801e+01 1.088445e+00 -3.373633e-04
1.613801e+01 1.523711e+00 -4.635112e-04
1.613801e+01 2.088426e+00 -5.804702e-04
1.613801e+01 2.685505e+00 -5.510029e-04
1.648077e+01 1.570796e-02 -6.847182e-07
1.648077e+01 2.346256e-02 -9.062900e-07
1.648077e+01 3.503514e-02 -2.994505e-06
1.648077e+01 5.263151e-02 -5.625893e-06
1.648077e+01 7.314235e-02 -1.074648e-05
1.648077e+01 1.025928e-01 -1.675159e-05
1.648077e+01 1.448116e-01 -2.870062e-05
1.648077e+01 2.023460e-01 -4.436550e-05
1.648077e+01 2.834245e-01 -6.342627e-05
1.648077e+01 3.967448e-01 -9.077504e-05
1.648077e+01 5.552783e-01 -1.272001e-04
1.648077e+01 7.774819e-01 -1.800431e-04
1.648077e+01 1.088445e+00 -2.483689e-04
1.648077e+01 1.523711e+00 -3.466427e-04
1.648077e+01 2.088426e+00 -4.355130e-04
1.648077e+01 2.685505e+00 -4.135442e-04
1.683038e+01 1.570796e-02 -5.071264e-07
1.683038e+01 2.346256e-02 -6.249739e-07
1.683038e+01 3.503514e-02 -2.091747e-06
1.683038e+01 5.263151e-02 -4.080318e-06
1.683038e+01 7.314235e-02 -7.660900e-06
1.683038e+01 1.025928e-01 -1.173708e-05
1.683038e+01 1.448116e-01 -2.049105e-05
1.683038e+01 2.023460e-01 -3.156290e-05
1.683038e+01 2.834245e-01 -4.476866e-05
1.683038e+01 3.967448e-01 -6.401354e-05
1.683038e+01 5.552783e-01 -9.058149e-05
1.683038e+01 7.774819e-01 -1.306530e-04
1.683038e+01 1.088445e+00 -1.808333e-04
1.683038e+01 1.523711e+00 -2.536890e-04
1.683038e+01 2.088426e+00 -3.205218e-04
1.683038e+01 2.685505e+00 -3.065864e-04
1.718699e+01 1.570796e-02 -3.612503e-07
1.718699e+01 2.346256e-02 -4.146813e-07
1.718699e+01 3.503514e-02 -1.388652e-06
1.718699e+01 5.263151e-02 -2.861353e-06
1.718699e+01 7.314235e-02 -5.317571e-06
1.718699e+01 1.025928e-01 -7.949132e-06
1.718699e+01 1.448116e-01 -1.416683e-05
1.718699e+01 2.023460e-01 -2.190032e-05
1.718699e+01 2.834245e-01 -3.115162e-05
1.718699e+01 3.967448e-01 -4.493306e-05
1.718699e+01 5.552783e-01 -6.353251e-05
1.718699e+01 7.774819e-01 -9.310158e-05
1.718699e+01 1.088445e+00 -1.288224e-04
1.718699e+01 1.523711e+00 -1.822909e-04
1.718699e+01 2.088426e+00 -2.312282e-04
1.718699e+01 2.685505e+00 -2.213729e-04
1.755073e+01 1.570796e-02 -2.676374e-07
1.755073e+01 2.346256e-02 -2.464656e-07
1.755073e+01 3.503514e-02 -9.606436e-07
1.755073e+01 5.263151e-02 -2.044770e-06
1.755073e+01 7.314235e-02 -3.688685e-06
1.755073e+01 1.025928e-01 -5.412682e-06
1.755073e+01 1.448116e-01 -9.906351e-06
1.755073e+01 2.023460e-01 -1.551289e-05
1.755073e+01 2.834245e-01 -2.156205e-05
1.755073e+01 3.967448e-01 -3.150703e-05
1.755073e+01 5.552783e-01 -4.465414e-05
1.755073e+01 7.774819e-01 -6.593270e-05
1.755073e+01 1.088445e+00 -9.143401e-05
1.755073e+01 1.523711e+00 -1.286174e-04
1.755073e+01 2.088426e+00 -1.650288e-04
1.755073e+01 2.685505e+00 -1.607600e-04
1.792175e+01 1.570796e-02 -1.910077e-07
1.792175e+01 2.346256e-02 -1.712669e-07
1.792175e+01 3.503514e-02 -6.855513e-07
1.792175e+01 5.263151e-02 -1.354603e-06
1.792175e+01 7.314235e-02 -2.457569e-06
1.792175e+01 1.025928e-01 -3.513011e-06
1.792175e+01 1.448116e-01 -6.744911e-06
1.792175e+01 2.023460e-01 -1.055927e-05
1.792175e+01 2.834245e-01 -1.457664e-05
1.792175e+01 3.967448e-01 -2.133500e-05
1.792175e+01 5.552783e-01 -3.057734e-05
1.792175e+01 7.774819e-01 -4.517638e-05
1.792175e+01 1.088445e+00 -6.259578e-05
1.792175e+01 1.523711e+00 -8.845532e-05
1.792175e+01 2.088426e+00 -1.148642e-04
1.792175e+01 2.685505e+00 -1.127322e-04
1.830018e+01 1.570796e-02 -1.256796e-07
1.830018e+01 2.346256e-02 -1.023429e-07
1.830018e+01 3.503514e-02 -4.450831e-07
1.830018e+01 5.263151e-02 -8.750972e-07
1.830018e+01 7.314235e-02 -1.564842e-06
1.830018e+01 1.025928e-01 -2.274881e-06
1.830018e+01 1.448116e-01 -4.461523e-06
1.830018e+01 2.023460e-01 -7.168682e-06
1.830018e+01 2.834245e-01 -9.596441e-06
1.830018e+01 3.967448e-01 -1.427575e-05
1.830018e+01 5.552783e-01 -2.079540e-05
1.830018e+01 7.774819e-01 -3.073821e-05
1.830018e+01 1.088445e+00 -4.211197e-05
1.830018e+01 1.523711e+00 -5.943271e-05
1.830018e+01 2.088426e+00 -7.748586e-05
1.830018e+01 2.685505e+00 -7.566587e-05
1.868618e+01 1.570796e-02 -8.227199e-08
1.868618e+01 2.346256e-02 -5.073209e-08
1.868618e+01 3.503514e-02 -2.879108e-07
1.868618e+01 5.263151e-02 -5.373427e-07
1.868618e+01 7.314235e-02 -9.345920e-07
1.868618e+01 1.025928e-01 -1.419409e-06
1.868618e+01 1.448116e-01 -2.865923e-06
1.868618e+01 2.023460e-01 -4.567762e-06
1.868618e+01 2.834245e-01 -6.178905e-06
1.868618e+01 3.967448e-01 -9.049957e-06
1.868618e+01 5.552783e-01 -1.351506e-05
1.868618e+01 7.774819e-01 -2.004894e-05
1.868618e+01 1.088445e+00 -2.740513e-05
1.868618e+01 1.523711e+00 -3.888830e-05
1.868618e+01 2.088426e+00 -5.110581e-05
1.868618e+01 2.685505e+00 -4.888856e-05
1.907991e+01 1.570796e-02 -4.997348e-08
1.907991e+01 2.346256e-02 -3.597059e-08
1.907991e+01 3.503514e-02 -1.788054e-07
1.907991e+01 5.263151e-02 -3.169016e-07
1.907991e+01 7.314235e-02 -5.590407e-07
1.907991e+01 1.025928e-01 -8.798181e-07
1.907991e+01 1.448116e-01 -1.783529e-06
1.907991e+01 2.023460e-01 -2.842977e-06
1.907991e+01 2.834245e-01 -3.771336e-06
1.907991e+01 3.967448e-01 -5.776649e-06
1.907991e+01 5.552783e-01 -8.465264e-06
1.907991e+01 7.774819e-01 -1.273771e-05
1.907991e+01 1.088445e+00 -1.741216e-05
1.907991e+01 1.523711e+00 -2.486746e-05
1.907991e+01 2.088426e+00 -3.275961e-05
1.907991e+01 2.685505e+00 -3.170190e-05
1.948151e+01 1.570796e-02 -3.042874e-08
1.948151e+01 2.346256e-02 -1.620673e-08
1.948151e+01 3.503514e-02 -1.157015e-07
1.948151e+01 5.263151e-02 -1.879657e-07
1.948151e+01 7.314235e-02 -3.227939e-07
1.948151e+01 1.025928e-01 -5.458159e-07
1.948151e+01 1.448116e-01 -1.118860e-06
1.948151e+01 2.023460e-01 -1.723014e-06
1.948151e+01 2.834245e-01 -2.315910e-06
1.948151e+01 3.967448e-01 -3.576980e-06
1.948151e+01 5.552783e-01 -5.305089e-06
1.948151e+01 7.774819e-01 -7.945112e-06
1.948151e+01 1.088445e+00 -1.083815e-05
1.948151e+01 1.523711e+00 -1.524298e-05
1.948151e+01 2.088426e+00 -2.028204e-05
1.948151e+01 2.685505e+00 -1.966554e-05
1.989114e+01 1.570796e-02 -1.860560e-08
1.989114e+01 2.346256e-02 -8.544133e-09
1.989114e+01 3.503514e-02 -6.276413e-08
1.989114e+01 5.263151e-02 -1.027251e-07
1.989114e+01 7.314235e-02 -1.787230e-07
1.989114e+01 1.025928e-01 -3.058936e-07
1.989114e+01 1.448116e-01 -6.017641e-07
1.989114e+01 2.023460e-01 -9.546829e-07
1.989114e+01 2.834245e-01 -1.307273e-06
1.989114e+01 3.967448e-01 -2.021766e-06
1.989114e+01 5.552783e-01 -3.070676e-06
1.989114e+01 7.774819e-01 -4.614547e-06
1.989114e+01 1.088445e+00 -6.434478e-06
1.989114e+01 1.523711e+00 -9.106281e-06
1.989114e+01 2.088426e+00 -1.214877e-05
1.989114e+01 2.685505e+00 -1.160852e-05
2.030896e+01 1.570796e-02 5.532197e-10
2.030896e+01 2.346256e-02 1.407395e-09
2.030896e+01 3.503514e-02 2.840589e-09
2.030896e+01 5.263151e-02 5.838294e-09
2.030896e+01 7.314235e-02 1.218589e-08
2.030896e+01 1.025928e-01 1.816133e-08
2.030896e+01 1.448116e-01 3.070447e-08
2.030896e+01 2.023460e-01 4.455277e-08
2.030896e+01 2.834245e-01 6.388533e-08
2.030896e+01 3.967448e-01 8.800882e-08
2.030896e+01 5.552783e-01 1.183027e-07
2.030896e+01 7.774819e-01 1.473498e-07
2.030896e+01 1.088445e+00 1.556774e-07
2.030896e+01 1.523711e+00 1.267175e-07
2.030896e+01 2.088426e+00 7.856695e-08
2.030896e+01 2.685505e+00 3.760379e-08
2.073514e+01 1.570796e-02 5.248432e-10
2.073514e+01 2.346256e-02 1.334324e-09
2.073514e+01 3.503514e-02 2.694972e-09
2.073514e+01 5.263151e-02 5.533640e-09
2.073514e+01 7.314235e-02 1.155642e-08
2.073514e+01 1.025928e-01 1.721782e-08
2.073514e+01 1.448116e-01 2.912819e-08
2.073514e+01 2.023460e-01 4.234377e-08
2.073514e+01 2.834245e-01 6.098305e-08
2.073514e+01 3.967448e-01 8.452781e-08
2.073514e+01 5.552783e-01 1.144598e-07
2.073514e+01 7.774819e-01 1.434682e-07
2.073514e+01 1.088445e+00 1.524048e-07
2.073514e+01 1.523711e+00 1.247218e-07
2.073514e+01 2.088426e+00 7.773363e-08
2.073514e+01 2.685505e+00 3.732266e-08
2.116984e+01 1.570796e-02 4.969192e-10
2.116984e+01 2.346256e-02 1.262940e-09
2.116984e+01 3.503514e-02 2.551791e-09
2.116984e+01 5.263151e-02 5.234139e-09
2.116984e+01 7.314235e-02 1.093986e-08
2.116984e+01 1.025928e-01 1.629581e-08
2.116984e+01 1.448116e-01 2.759005e-08
2.116984e+01 2.023460e-01 4.019591e-08
2.116984e+01 2.834245e-01 5.815483e-08
2.116984e+01 3.967448e-01 8.110425e-08
2.116984e+01 5.552783e-01 1.106310e-07
2.116984e+01 7.774819e-01 1.394937e-07
2.116984e+01 1.088445e+00 1.490494e-07
2.116984e+01 1.523711e+00 1.226285e-07
2.116984e+01 2.088426e+00 7.678111e-08
2.116984e+01 2.685505e+00 3.698160e-08
2.161324e+01 1.570796e-02 4.694719e-10
2.161324e+01 2.346256e-02 1.192545e-09
2.161324e+01 3.503514e-02 2.411545e-09
2.161324e+01 5.263151e-02 4.941273e-09
2.161324e+01 7.314235e-02 1.033721e-08
2.161324e+01 1.025928e-01 1.539396e-08
2.161324e+01 1.448116e-01 2.609259e-08
2.161324e+01 2.023460e-01 3.810992e-08
2.161324e+01 2.834245e-01 5.541155e-08
2.161324e+01 3.967448e-01 7.776635e-08
2.161324e+01 5.552783e-01 1.068377e-07
2.161324e+01 7.774819e-01 1.354975e-07
2.161324e+01 1.088445e+00 1.455378e-07
2.161324e+01 1.523711e+00 1.205266e-07
2.161324e+01 2.088426e+00 7.587476e-08
2.161324e+01 2.685505e+00 3.660671e-08
2.206550e+01 1.570796e-02 4.426887e-10
2.206550e+01 2.346256e-02 1.124285e-09
2.206550e+01 3.503514e-02 2.274671e-09
2.206550e+01 5.263151e-02 4.657503e-09
2.206550e+01 7.314235e-02 9.752512e-09
2.206550e+01 1.025928e-01 1.451965e-08
2.206550e+01 1.448116e-01 2.463540e-08
2.206550e+01 2.023460e-01 3.608934e-08
2.206550e+01 2.834245e-01 5.274646e-08
2.206550e+01 3.967448e-01 7.451152e-08
2.206550e+01 5.552783e-01 1.030585e-07
2.206550e+01 7.774819e-01 1.314145e-07
2.206550e+01 1.088445e+00 1.419652e-07
2.206550e+01 1.523711e+00 1.184131e-07
2.206550e+01 2.088426e+00 7.517484e-08
2.206550e+01 2.685505e+00 3.630601e-08
2.252681e+01 1.570796e-02 4.165527e-10
2.252681e+01 2.346256e-02 1.057974e-09
2.252681e+01 3.503514e-02 2.142064e-09
2.252681e+01 5.263151e-02 4.381093e-09
2.252681e+01 7.314235e-02 9.182305e-09
2.252681e+01 1.025928e-01 1.366910e-08
2.252681e+01 1.448116e-01 2.322431e-08
2.252681e+01 2.023460e-01 3.412018e-08
2.252681e+01 2.834245e-01 5.013710e-08
2.252681e+01 3.967448e-01 7.131712e-08
2.252681e+01 5.552783e-01 9.928464e-08
2.252681e+01 7.774819e-01 1.272541e-07
2.252681e+01 1.088445e+00 1.382807e-07
2.252681e+01 1.523711e+00 1.164726e-07
2.252681e+01 2.088426e+00 7.468236e-08
2.252681e+01 2.685505e+00 3.606993e-08
2.299735e+01 1.570796e-02 3.911666e-10
2.299735e+01 2.346256e-02 9.935925e-10
2.299735e+01 3.503514e-02 2.012509e-09
2.299735e+01 5.263151e-02 4.112263e-09
2.299735e+01 7.314235e-02 8.628762e-09
2.299735e+01 1.025928e-01 1.284098e-08
2.299735e+01 1.448116e-01 2.185251e-08
2.299735e+01 2.023460e-01 3.220573e-08
2.299735e+01 2.834245e-01 4.759827e-08
2.299735e+01 3.967448e-01 6.816092e-08
2.299735e+01 5.552783e-01 9.546437e-08
2.299735e+01 7.774819e-01 1.229869e-07
2.299735e+01 1.088445e+00 1.344453e-07
2.299735e+01 1.523711e+00 1.145098e-07
2.299735e+01 2.088426e+00 7.432721e-08
2.299735e+01 2.685505e+00 3.576459e-08
2.347730e+01 1.570796e-02 3.664659e-10
2.347730e+01 2.346256e-02 9.316175e-10
2.347730e+01 3.503514e-02 1.886354e-09
2.347730e+01 5.263151e-02 3.851887e-09
2.347730e+01 7.314235e-02 8.089946e-09
2.347730e+01 1.025928e-01 1.203512e-08
2.347730e+01 1.448116e-01 2.051756e-08
2.347730e+01 2.023460e-01 3.034845e-08
2.347730e+01 2.834245e-01 4.511430e-08
2.347730e+01 3.967448e-01 6.503086e-08
2.347730e+01 5.552783e-01 9.160601e-08
2.347730e+01 7.774819e-01 1.186014e-07
2.347730e+01 1.088445e+00 1.305694e-07
2.347730e+01 1.523711e+00 1.125328e-07
2.347730e+01 2.088426e+00 7.407759e-08
2.347730e+01 2.685505e+00 3.553768e-08
2.396684e+01 1.570796e-02 3.425165e-10
2.396684e+01 2.346256e-02 8.718878e-10
2.396684e+01 3.503514e-02 1.763559e-09
2.396684e+01 5.263151e-02 3.599704e-09
2.396684e+01 7.314235e-02 7.565841e-09
2.396684e+01 1.025928e-01 1.125553e-08
2.396684e+01 1.448116e-01 1.921833e-08
2.396684e+01 2.023460e-01 2.854557e-08
2.396684e+01 2.834245e-01 4.267845e-08
2.396684e+01 3.967448e-01 6.191159e-08
2.396684e+01 5.552783e-01 8.771179e-08
2.396684e+01 7.774819e-01 1.141249e-07
2.396684e+01 1.088445e+00 1.265481e-07
2.396684e+01 1.523711e+00 1.106415e-07
2.396684e+01 2.088426e+00 7.386248e-08
2.396684e+01 2.685505e+00 3.542806e-08
2.446618e+01 1.570796e-02 3.193029e-10
2.446618e+01 2.346256e-02 8.129863e-10
2.446618e+01 3.503514e-02 1.644119e-09
2.446618e+01 5.263151e-02 3.354623e-09
2.446618e+01 7.314235e-02 7.057451e-09
2.446618e+01 1.025928e-01 1.049932e-08
2.446618e+01 1.448116e-01 1.795835e-08
2.446618e+01 2.023460e-01 2.678656e-08
2.446618e+01 2.834245e-01 4.029085e-08
2.446618e+01 3.967448e-01 5.880372e-08
2.446618e+01 5.552783e-01 8.374254e-08
2.446618e+01 7.774819e-01 1.094998e-07
2.446618e+01 1.088445e+00 1.224298e-07
2.446618e+01 1.523711e+00 1.086817e-07
2.446618e+01 2.088426e+00 7.385026e-08
2.446618e+01 2.685505e+00 3.536292e-08
2.497550e+01 1.570796e-02 2.966880e-10
2.497550e+01 2.346256e-02 7.561383e-10
2.497550e+01 3.503514e-02 1.528162e-09
2.497550e+01 5.263151e-02 3.116319e-09
2.497550e+01 7.314235e-02 6.563587e-09
2.497550e+01 1.025928e-01 9.763719e-09
2.497550e+01 1.448116e-01 1.673076e-08
2.497550e+01 2.023460e-01 2.507729e-08
2.497550e+01 2.834245e-01 3.793841e-08
2.497550e+01 3.967448e-01 5.568643e-08
2.497550e+01 5.552783e-01 7.970385e-08
2.497550e+01 7.774819e-01 1.047570e-07
2.497550e+01 1.088445e+00 1.181455e-07
2.497550e+01 1.523711e+00 1.066694e-07
2.497550e+01 2.088426e+00 7.382457e-08
2.497550e+01 2.685505e+00 3.564552e-08
2.549501e+01 1.570796e-02 2.747602e-10
2.549501e+01 2.346256e-02 7.012156e-10
2.549501e+01 3.503514e-02 1.415229e-09
2.549501e+01 5.263151e-02 2.885599e-09
2.549501e+01 7.314235e-02 6.081741e-09
2.549501e+01 1.025928e-01 9.054164e-09
2.549501e+01 1.448116e-01 1.553533e-08
2.549501e+01 2.023460e-01 2.340327e-08
2.549501e+01 2.834245e-01 3.560618e-08
2.549501e+01 3.967448e-01 5.254547e-08
2.549501e+01 5.552783e-01 7.558237e-08
2.549501e+01 7.774819e-01 9.989172e-08
2.549501e+01 1.088445e+00 1.137262e-07
2.549501e+01 1.523711e+00 1.045160e-07
2.549501e+01 2.088426e+00 7.389088e-08
2.549501e+01 2.685505e+00 3.608412e-08
2.602491e+01 1.570796e-02 2.533531e-10
2.602491e+01 2.346256e-02 6.475919e-10
2.602491e+01 3.503514e-02 1.304767e-09
2.602491e+01 5.263151e-02 2.661124e-09
2.602491e+01 7.314235e-02 5.613321e-09
2.602491e+01 1.025928e-01 8.361840e-09
2.602491e+01 1.448116e-01 1.436981e-08
2.602491e+01 2.023460e-01 2.175839e-08
2.602491e+01 2.834245e-01 3.328676e-08
2.602491e+01 3.967448e-01 4.937711e-08
2.602491e+01 5.552783e-01 7.138608e-08
2.602491e+01 7.774819e-01 9.488838e-08
2.602491e+01 1.088445e+00 1.091061e-07
2.602491e+01 1.523711e+00 1.022547e-07
2.602491e+01 2.088426e+00 7.404439e-08
2.602491e+01 2.685505e+00 3.675098e-08
2.656541e+01 1.570796e-02 2.325061e-10
2.656541e+01 2.346256e-02 5.953529e-10
2.656541e+01 3.503514e-02 1.197264e-09
2.656541e+01 5.263151e-02 2.442867e-09
2.656541e+01 7.314235e-02 5.157649e-09
2.656541e+01 1.025928e-01 7.687395e-09
2.656541e+01 1.448116e-01 1.323149e-08
2.656541e+01 2.023460e-01 2.014284e-08
2.656541e+01 2.834245e-01 3.097791e-08
2.656541e+01 3.967448e-01 4.618037e-08
2.656541e+01 5.552783e-01 6.708297e-08
2.656541e+01 7.774819e-01 8.967848e-08
2.656541e+01 1.088445e+00 1.042973e-07
2.656541e+01 1.523711e+00 9.973916e-08
2.656541e+01 2.088426e+00 7.425064e-08
2.656541e+01 2.685505e+00 3.773965e-08
2.711672e+01 1.570796e-02 2.122138e-10
2.711672e+01 2.346256e-02 5.441875e-10
2.711672e+01 3.503514e-02 1.092736e-09
2.711672e+01 5.263151e-02 2.230309e-09
2.711672e+01 7.314235e-02 4.713656e-09
2.711672e+01 1.025928e-01 7.030698e-09
2.711672e+01 1.448116e-01 1.212170e-08
2.711672e+01 2.023460e-01 1.855361e-08
2.711672e+01 2.834245e-01 2.868759e-08
2.711672e+01 3.967448e-01 4.295272e-08
2.711672e+01 5.552783e-01 6.269436e-08
2.711672e+01 7.774819e-01 8.431024e-08
2.711672e+01 1.088445e+00 9.917910e-08
2.711672e+01 1.523711e+00 9.694771e-08
2.711672e+01 2.088426e+00 7.429065e-08
2.711672e+01 2.685505e+00 3.899720e-08
2.767905e+01 1.570796e-02 1.924189e-10
2.767905e+01 2.346256e-02 4.948200e-10
2.767905e+01 3.503514e-02 9.908284e-10
2.767905e+01 5.263151e-02 2.023726e-09
2.767905e+01 7.314235e-02 4.281576e-09
2.767905e+01 1.025928e-01 6.393110e-09
2.767905e+01 1.448116e-01 1.103438e-08
2.767905e+01 2.023460e-01 1.698338e-08
2.767905e+01 2.834245e-01 2.638966e-08
2.767905e+01 3.967448e-01 3.967946e-08
2.767905e+01 5.552783e-01 5.819682e-08
2.767905e+01 7.774819e-01 7.871198e-08
2.767905e+01 1.088445e+00 9.377824e-08
2.767905e+01 1.523711e+00 9.371978e-08
2.767905e+01 2.088426e+00 7.424872e-08
2.767905e+01 2.685505e+00 4.056239e-08
2.825263e+01 1.570796e-02 1.731949e-10
2.825263e+01 2.346256e-02 4.463168e-10
2.825263e+01 3.503514e-02 8.913194e-10
2.825263e+01 5.263151e-02 1.822316e-09
2.825263e+01 7.314235e-02 3.859867e-09
2.825263e+01 1.025928e-01 5.769304e-09
2.825263e+01 1.448116e-01 9.976053e-09
2.825263e+01 2.023460e-01 1.543030e-08
2.825263e+01 2.834245e-01 2.409592e-08
2.825263e+01 3.967448e-01 3.637879e-08
2.825263e+01 5.552783e-01 5.358255e-08
2.825263e+01 7.774819e-01 7.296256e-08
2.825263e+01 1.088445e+00 8.799305e-08
2.825263e+01 1.523711e+00 9.011526e-08
2.825263e+01 2.088426e+00 7.398872e-08
2.825263e+01 2.685505e+00 4.257792e-08
2.883769e+01 1.570796e-02 1.544312e-10
2.883769e+01 2.346256e-02 3.989093e-10
2.883769e+01 3.503514e-02 7.946084e-10
2.883769e+01 5.263151e-02 1.626493e-09
2.883769e+01 7.314235e-02 3.448583e-09
2.883769e+01 1.025928e-01 5.162129e-09
2.883769e+01 1.448116e-01 8.937874e-09
2.883769e+01 2.023460e-01 1.389503e-08
2.883769e+01 2.834245e-01 2.179629e-08
2.883769e+01 3.967448e-01 3.301769e-08
2.883769e+01 5.552783e-01 4.886567e-08
2.883769e+01 7.774819e-01 6.696451e-08
2.883769e+01 1.088445e+00 8.185358e-08
2.883769e+01 1.523711e+00 8.587166e-08
2.883769e+01 2.088426e+00 7.331757e-08
2.883769e+01 2.685505e+00 4.484363e-08
2.943444e+01 1.570796e-02 1.361309e-10
2.943444e+01 2.346256e-02 3.524844e-10
2.943444e+01 3.503514e-02 7.001261e-10
2.943444e+01 5.263151e-02 1.434932e-09
2.943444e+01 7.314235e-02 3.047550e-09
2.943444e+01 1.025928e-01 4.568568e-09
2.943444e+01 1.448116e-01 7.920331e-09
2.943444e+01 2.023460e-01 1.237405e-08
2.943444e+01 2.834245e-01 1.949135e-08
2.943444e+01 3.967448e-01 2.962133e-08
2.943444e+01 5.552783e-01 4.403658e-08
2.943444e+01 7.774819e-01 6.075024e-08
2.943444e+01 1.088445e+00 7.528856e-08
2.943444e+01 1.523711e+00 8.105433e-08
2.943444e+01 2.088426e+00 7.216100e-08
2.943444e+01 2.685505e+00 4.738521e-08
3.004313e+01 1.570796e-02 1.182339e-10
3.004313e+01 2.346256e-02 3.071595e-10
3.004313e+01 3.503514e-02 6.084015e-10
3.004313e+01 5.263151e-02 1.248429e-09
3.004313e+01 7.314235e-02 2.655672e-09
3.004313e+01 1.025928e-01 3.986961e-09
3.004313e+01 1.448116e-01 6.921000e-09
3.004313e+01 2.023460e-01 1.086547e-08
3.004313e+01 2.834245e-01 1.718675e-08
3.004313e+01 3.967448e-01 2.618568e-08
3.004313e+01 5.552783e-01 3.910593e-08
3.004313e+01 7.774819e-01 5.427957e-08
3.004313e+01 1.088445e+00 6.822646e-08
3.004313e+01 1.523711e+00 7.538703e-08
3.004313e+01 2.088426e+00 7.027546e-08
3.004313e+01 2.685505e+00 4.979494e-08
3.066399e+01 1.570796e-02 1.009812e-10
3.066399e+01 2.346256e-02 2.630254e-10
3.066399e+01 3.503514e-02 5.188734e-10
3.066399e+01 5.263151e-02 1.066626e-09
3.066399e+01 7.314235e-02 2.272560e-09
3.066399e+01 1.025928e-01 3.416659e-09
3.066399e+01 1.448116e-01 5.940223e-09
3.066399e+01 2.023460e-01 9.371203e-09
3.066399e+01 2.834245e-01 1.487757e-08
3.066399e+01 3.967448e-01 2.271636e-08
3.066399e+01 5.552783e-01 3.407221e-08
3.066399e+01 7.774819e-01 4.759878e-08
3.066399e+01 1.088445e+00 6.069548e-08
3.066399e+01 1.523711e+00 6.895903e-08
3.066399e+01 2.088426e+00 6.745010e-08
3.066399e+01 2.685505e+00 5.186139e-08
3.129727e+01 1.570796e-02 8.406036e-11
3.129727e+01 2.346256e-02 2.199483e-10
3.129727e+01 3.503514e-02 4.318817e-10
3.129727e+01 5.263151e-02 8.895068e-10
3.129727e+01 7.314235e-02 1.898450e-09
3.129727e+01 1.025928e-01 2.858893e-09
3.129727e+01 1.448116e-01 4.977821e-09
3.129727e+01 2.023460e-01 7.886299e-09
3.129727e+01 2.834245e-01 1.256389e-08
3.129727e+01 3.967448e-01 1.922505e-08
3.129727e+01 5.552783e-01 2.895099e-08
3.129727e+01 7.774819e-01 4.068183e-08
3.129727e+01 1.088445e+00 5.264116e-08
3.129727e+01 1.523711e+00 6.156341e-08
3.129727e+01 2.088426e+00 6.337961e-08
3.129727e+01 2.685505e+00 5.304457e-08
3.194322e+01 1.570796e-02 6.767376e-11
3.194322e+01 2.346256e-02 1.774554e-10
3.194322e+01 3.503514e-02 3.471137e-10
3.194322e+01 5.263151e-02 7.166366e-10
3.194322e+01 7.314235e-02 1.532603e-09
3.194322e+01 1.025928e-01 2.311293e-09
3.194322e+01 1.448116e-01 4.030382e-09
3.194322e+01 2.023460e-01 6.412947e-09
3.194322e+01 2.834245e-01 1.024693e-08
3.194322e+01 3.967448e-01 1.570655e-08
3.194322e+01 5.552783e-01 2.374513e-08
3.194322e+01 7.774819e-01 3.358603e-08
3.194322e+01 1.088445e+00 4.406722e-08
3.194322e+01 1.523711e+00 5.311133e-08
3.194322e+01 2.088426e+00 5.768367e-08
3.194322e+01 2.685505e+00 5.287166e-08
3.260208e+01 1.570796e-02 5.174979e-11
3.260208e+01 2.346256e-02 1.362003e-10
3.260208e+01 3.503514e-02 2.649675e-10
3.260208e+01 5.263151e-02 5.485044e-10
3.260208e+01 7.314235e-02 1.175649e-09
3.260208e+01 1.025928e-01 1.775726e-09
3.260208e+01 1.448116e-01 3.100706e-09
3.260208e+01 2.023460e-01 4.952432e-09
3.260208e+01 2.834245e-01 7.935425e-09
3.260208e+01 3.967448e-01 1.218342e-08
3.260208e+01 5.552783e-01 1.847002e-08
3.260208e+01 7.774819e-01 2.629761e-08
3.260208e+01 1.088445e+00 3.496146e-08
3.260208e+01 1.523711e+00 4.343133e-08
3.260208e+01 2.088426e+00 4.994201e-08
3.260208e+01 2.685505e+00 5.014836e-08
3.327412e+01 1.570796e-02 3.618109e-11
3.327412e+01 2.346256e-02 9.566842e-11
3.327412e+01 3.503514e-02 1.853047e-10
3.327412e+01 5.263151e-02 3.842718e-10
3.327412e+01 7.314235e-02 8.253598e-10
3.327412e+01 1.025928e-01 1.248828e-09
3.327412e+01 1.448116e-01 2.184369e-09
3.327412e+01 2.023460e-01 3.502965e-09
3.327412e+01 2.834245e-01 5.628739e-09
3.327412e+01 3.967448e-01 8.650873e-09
3.327412e+01 5.552783e-01 1.316481e-08
3.327412e+01 7.774819e-01 1.885659e-08
3.327412e+01 1.088445e+00 2.538946e-08
3.327412e+01 1.523711e+00 3.252046e-08
3.327412e+01 2.088426e+00 3.970051e-08
3.327412e+01 2.685505e+00 4.363534e-08
3.395961e+01 1.570796e-02 2.206181e-11
3.395961e+01 2.346256e-02 5.848882e-11
3.395961e+01 3.503514e-02 1.127342e-10
3.395961e+01 5.263151e-02 2.345291e-10
3.395961e+01 7.314235e-02 5.047816e-10
3.395961e+01 1.025928e-01 7.637925e-10
3.395961e+01 1.448116e-01 1.333752e-09
3.395961e+01 2.023460e-01 2.134588e-09
3.395961e+01 2.834245e-01 3.418439e-09
3.395961e+01 3.967448e-01 5.224016e-09
3.395961e+01 5.552783e-01 7.914615e-09
3.395961e+01 7.774819e-01 1.134412e-08
3.395961e+01 1.088445e+00 1.539925e-08
3.395961e+01 1.523711e+00 2.026759e-08
3.395961e+01 2.088426e+00 2.614030e-08
3.395961e+01 2.685505e+00 3.095027e-08
3.465880e+01 1.570796e-02 7.086046e-12
3.465880e+01 2.346256e-02 1.632274e-11
3.465880e+01 3.503514e-02 3.720106e-11
3.465880e+01 5.263151e-02 7.112459e-11
3.465880e+01 7.314235e-02 1.565235e-10
3.465880e+01 1.025928e-01 2.358539e-10
3.465880e+01 1.448116e-01 4.133933e-10
3.465880e+01 2.023460e-01 6.729363e-10
3.465880e+01 2.834245e-01 1.090485e-09
3.465880e+01 3.967448e-01 1.684433e-09
3.465880e+01 5.552783e-01 2.569326e-09
3.465880e+01 7.774819e-01 3.718910e-09
3.465880e+01 1.088445e+00 5.123133e-09
3.465880e+01 1.523711e+00 6.929152e-09
3.465880e+01 2.088426e+00 9.436854e-09
3.465880e+01 2.685505e+00 1.210669e-08
3.537197e+01 1.570796e-02 0.000000e+00
3.537197e+01 2.346256e-02 0.000000e+00
3.537197e+01 3.503514e-02 0.000000e+00
3.537197e+01 5.263151e-02 0.000000e+00
3.537197e+01 7.314235e-02 0.000000e+00
3.537197e+01 1.025928e-01 0.000000e+00
3.537197e+01 1.448116e-01 0.000000e+00
3.537197e+01 2.023460e-01 0.000000e+00
3.537197e+01 2.834245e-01 0.000000e+00
3.537197e+01 3.967448e-01 0.000000e+00
3.537197e+01 5.552783e-01 0.000000e+00
3.537197e+01 7.774819e-01 0.000000e+00
3.537197e+01 1.088445e+00 0.000000e+00
3.537197e+01 1.523711e+00 0.000000e+00
3.537197e+01 2.088426e+00 0.000000e+00
3.537197e+01 2.685505e+00 0.000000e+00
