5.000000e+00 1.570796e-02 0.000000e+00
5.000000e+00 2.346256e-02 0.000000e+00
5.000000e+00 3.503514e-02 0.000000e+00
5.000000e+00 5.263151e-02 0.000000e+00
5.000000e+00 7.314235e-02 0.000000e+00
5.000000e+00 1.025928e-01 0.000000e+00
5.000000e+00 1.448116e-01 0.000000e+00
5.000000e+00 2.023460e-01 0.000000e+00
5.000000e+00 2.834245e-01 0.000000e+00
5.000000e+00 3.967448e-01 0.000000e+00
5.000000e+00 5.552783e-01 0.000000e+00
5.000000e+00 7.774819e-01 0.000000e+00
5.000000e+00 1.088445e+00 0.000000e+00
5.000000e+00 1.523711e+00 0.000000e+00
5.000000e+00 2.088426e+00 0.000000e+00
5.000000e+00 2.685505e+00 0.000000e+00
5.120000e+00 1.570796e-02 0.000000e+00
5.120000e+00 2.346256e-02 0.000000e+00
5.120000e+00 3.503514e-02 0.000000e+00
5.120000e+00 5.263151e-02 0.000000e+00
5.120000e+00 7.314235e-02 0.000000e+00
5.120000e+00 1.025928e-01 0.000000e+00
5.120000e+00 1.448116e-01 0.000000e+00
5.120000e+00 2.023460e-01 0.000000e+00
5.120000e+00 2.834245e-01 0.000000e+00
5.120000e+00 3.967448e-01 0.000000e+00
5.120000e+00 5.552783e-01 0.000000e+00
5.120000e+00 7.774819e-01 0.000000e+00
5.120000e+00 1.088445e+00 0.000000e+00
5.120000e+00 1.523711e+00 0.000000e+00
5.120000e+00 2.088426e+00 0.000000e+00
5.120000e+00 2.685505e+00 0.000000e+00
5.242400e+00 1.570796e-02 0.000000e+00
5.242400e+00 2.346256e-02 0.000000e+00
5.242400e+00 3.503514e-02 0.000000e+00
5.242400e+00 5.263151e-02 0.000000e+00
5.242400e+00 7.314235e-02 0.000000e+00
5.242400e+00 1.025928e-01 0.000000e+00
5.242400e+00 1.448116e-01 0.000000e+00
5.242400e+00 2.023460e-01 0.000000e+00
5.242400e+00 2.834245e-01 0.000000e+00
5.242400e+00 3.967448e-01 0.000000e+00
5.242400e+00 5.552783e-01 0.000000e+00
5.242400e+00 7.774819e-01 0.000000e+00
5.242400e+00 1.088445e+00 0.000000e+00
5.242400e+00 1.523711e+00 0.000000e+00
5.242400e+00 2.088426e+00 0.000000e+00
5.242400e+00 2.685505e+00 0.000000e+00
5.367248e+00 1.570796e-02 0.000000e+00
5.367248e+00 2.346256e-02 0.000000e+00
5.367248e+00 3.503514e-02 0.000000e+00
5.367248e+00 5.263151e-02 0.000000e+00
5.367248e+00 7.314235e-02 0.000000e+00
5.367248e+00 1.025928e-01 0.000000e+00
5.367248e+00 1.448116e-01 0.000000e+00
5.367248e+00 2.023460e-01 0.000000e+00
5.367248e+00 2.834245e-01 0.000000e+00
5.367248e+00 3.967448e-01 0.000000e+00
5.367248e+00 5.552783e-01 0.000000e+00
5.367248e+00 7.774819e-01 0.000000e+00
5.367248e+00 1.088445e+00 0.000000e+00
5.367248e+00 1.523711e+00 0.000000e+00
5.367248e+00 2.088426e+00 0.000000e+00
5.367248e+00 2.685505e+00 0.000000e+00
5.494593e+00 1.570796e-02 0.000000e+00
5.494593e+00 2.346256e-02 0.000000e+00
5.494593e+00 3.503514e-02 0.000000e+00
5.494593e+00 5.263151e-02 0.000000e+00
5.494593e+00 7.314235e-02 0.000000e+00
5.494593e+00 1.025928e-01 0.000000e+00
5.494593e+00 1.448116e-01 0.000000e+00
5.494593e+00 2.023460e-01 0.000000e+00
5.494593e+00 2.834245e-01 0.000000e+00
5.494593e+00 3.967448e-01 0.000000e+00
5.494593e+00 5.552783e-01 0.000000e+00
5.494593e+00 7.774819e-01 0.000000e+00
5.494593e+00 1.088445e+00 0.000000e+00
5.494593e+00 1.523711e+00 0.000000e+00
5.494593e+00 2.088426e+00 0.000000e+00
5.494593e+00 2.685505e+00 0.000000e+00
5.624485e+00 1.570796e-02 0.000000e+00
5.624485e+00 2.346256e-02 0.000000e+00
5.624485e+00 3.503514e-02 0.000000e+00
5.624485e+00 5.263151e-02 0.000000e+00
5.624485e+00 7.314235e-02 0.000000e+00
5.624485e+00 1.025928e-01 0.000000e+00
5.624485e+00 1.448116e-01 0.000000e+00
5.624485e+00 2.023460e-01 0.000000e+00
5.624485e+00 2.834245e-01 0.000000e+00
5.624485e+00 3.967448e-01 0.000000e+00
5.624485e+00 5.552783e-01 0.000000e+00
5.624485e+00 7.774819e-01 0.000000e+00
5.624485e+00 1.088445e+00 0.000000e+00
5.624485e+00 1.523711e+00 0.000000e+00
5.624485e+00 2.088426e+00 0.000000e+00
5.624485e+00 2.685505e+00 0.000000e+00
5.756975e+00 1.570796e-02 0.000000e+00
5.756975e+00 2.346256e-02 0.000000e+00
5.756975e+00 3.503514e-02 0.000000e+00
5.756975e+00 5.263151e-02 0.000000e+00
5.756975e+00 7.314235e-02 0.000000e+00
5.756975e+00 1.025928e-01 0.000000e+00
5.756975e+00 1.448116e-01 0.000000e+00
5.756975e+00 2.023460e-01 0.000000e+00
5.756975e+00 2.834245e-01 0.000000e+00
5.756975e+00 3.967448e-01 0.000000e+00
5.756975e+00 5.552783e-01 0.000000e+00
5.756975e+00 7.774819e-01 0.000000e+00
5.756975e+00 1.088445e+00 0.000000e+00
5.756975e+00 1.523711e+00 0.000000e+00
5.756975e+00 2.088426e+00 0.000000e+00
5.756975e+00 2.685505e+00 0.000000e+00
5.892114e+00 1.570796e-02 0.000000e+00
5.892114e+00 2.346256e-02 0.000000e+00
5.892114e+00 3.503514e-02 0.000000e+00
5.892114e+00 5.263151e-02 0.000000e+00
5.892114e+00 7.314235e-02 0.000000e+00
5.892114e+00 1.025928e-01 0.000000e+00
5.892114e+00 1.448116e-01 0.000000e+00
5.892114e+00 2.023460e-01 0.000000e+00
5.892114e+00 2.834245e-01 0.000000e+00
5.892114e+00 3.967448e-01 0.000000e+00
5.892114e+00 5.552783e-01 0.000000e+00
5.892114e+00 7.774819e-01 0.000000e+00
5.892114e+00 1.088445e+00 0.000000e+00
5.892114e+00 1.523711e+00 0.000000e+00
5.892114e+00 2.088426e+00 0.000000e+00
5.892114e+00 2.685505e+00 0.000000e+00
6.029956e+00 1.570796e-02 0.000000e+00
6.029956e+00 2.346256e-02 0.000000e+00
6.029956e+00 3.503514e-02 0.000000e+00
6.029956e+00 5.263151e-02 0.000000e+00
6.029956e+00 7.314235e-02 0.000000e+00
6.029956e+00 1.025928e-01 0.000000e+00
6.029956e+00 1.448116e-01 0.000000e+00
6.029956e+00 2.023460e-01 0.000000e+00
6.029956e+00 2.834245e-01 0.000000e+00
6.029956e+00 3.967448e-01 0.000000e+00
6.029956e+00 5.552783e-01 0.000000e+00
6.029956e+00 7.774819e-01 0.000000e+00
6.029956e+00 1.088445e+00 0.000000e+00
6.029956e+00 1.523711e+00 0.000000e+00
6.029956e+00 2.088426e+00 0.000000e+00
6.029956e+00 2.685505e+00 0.000000e+00
6.170555e+00 1.570796e-02 0.000000e+00
6.170555e+00 2.346256e-02 0.000000e+00
6.170555e+00 3.503514e-02 0.000000e+00
6.170555e+00 5.263151e-02 0.000000e+00
6.170555e+00 7.314235e-02 0.000000e+00
6.170555e+00 1.025928e-01 0.000000e+00
6.170555e+00 1.448116e-01 0.000000e+00
6.170555e+00 2.023460e-01 0.000000e+00
6.170555e+00 2.834245e-01 0.000000e+00
6.170555e+00 3.967448e-01 0.000000e+00
6.170555e+00 5.552783e-01 0.000000e+00
6.170555e+00 7.774819e-01 0.000000e+00
6.170555e+00 1.088445e+00 0.000000e+00
6.170555e+00 1.523711e+00 0.000000e+00
6.170555e+00 2.088426e+00 0.000000e+00
6.170555e+00 2.685505e+00 0.000000e+00
6.313967e+00 1.570796e-02 0.000000e+00
6.313967e+00 2.346256e-02 0.000000e+00
6.313967e+00 3.503514e-02 0.000000e+00
6.313967e+00 5.263151e-02 0.000000e+00
6.313967e+00 7.314235e-02 0.000000e+00
6.313967e+00 1.025928e-01 0.000000e+00
6.313967e+00 1.448116e-01 0.000000e+00
6.313967e+00 2.023460e-01 0.000000e+00
6.313967e+00 2.834245e-01 0.000000e+00
6.313967e+00 3.967448e-01 0.000000e+00
6.313967e+00 5.552783e-01 0.000000e+00
6.313967e+00 7.774819e-01 0.000000e+00
6.313967e+00 1.088445e+00 0.000000e+00
6.313967e+00 1.523711e+00 0.000000e+00
6.313967e+00 2.088426e+00 0.000000e+00
6.313967e+00 2.685505e+00 0.000000e+00
6.460246e+00 1.570796e-02 0.000000e+00
6.460246e+00 2.346256e-02 0.000000e+00
6.460246e+00 3.503514e-02 0.000000e+00
6.460246e+00 5.263151e-02 0.000000e+00
6.460246e+00 7.314235e-02 0.000000e+00
6.460246e+00 1.025928e-01 0.000000e+00
6.460246e+00 1.448116e-01 0.000000e+00
6.460246e+00 2.023460e-01 0.000000e+00
6.460246e+00 2.834245e-01 0.000000e+00
6.460246e+00 3.967448e-01 0.000000e+00
6.460246e+00 5.552783e-01 0.000000e+00
6.460246e+00 7.774819e-01 0.000000e+00
6.460246e+00 1.088445e+00 0.000000e+00
6.460246e+00 1.523711e+00 0.000000e+00
6.460246e+00 2.088426e+00 0.000000e+00
6.460246e+00 2.685505e+00 0.000000e+00
6.609451e+00 1.570796e-02 0.000000e+00
6.609451e+00 2.346256e-02 0.000000e+00
6.609451e+00 3.503514e-02 0.000000e+00
6.609451e+00 5.263151e-02 0.000000e+00
6.609451e+00 7.314235e-02 0.000000e+00
6.609451e+00 1.025928e-01 0.000000e+00
6.609451e+00 1.448116e-01 0.000000e+00
6.609451e+00 2.023460e-01 0.000000e+00
6.609451e+00 2.834245e-01 0.000000e+00
6.609451e+00 3.967448e-01 0.000000e+00
6.609451e+00 5.552783e-01 0.000000e+00
6.609451e+00 7.774819e-01 0.000000e+00
6.609451e+00 1.088445e+00 0.000000e+00
6.609451e+00 1.523711e+00 0.000000e+00
6.609451e+00 2.088426e+00 0.000000e+00
6.609451e+00 2.685505e+00 0.000000e+00
6.761640e+00 1.570796e-02 0.000000e+00
6.761640e+00 2.346256e-02 0.000000e+00
6.761640e+00 3.503514e-02 0.000000e+00
6.761640e+00 5.263151e-02 0.000000e+00
6.761640e+00 7.314235e-02 0.000000e+00
6.761640e+00 1.025928e-01 0.000000e+00
6.761640e+00 1.448116e-01 0.000000e+00
6.761640e+00 2.023460e-01 0.000000e+00
6.761640e+00 2.834245e-01 0.000000e+00
6.761640e+00 3.967448e-01 0.000000e+00
6.761640e+00 5.552783e-01 0.000000e+00
6.761640e+00 7.774819e-01 0.000000e+00
6.761640e+00 1.088445e+00 0.000000e+00
6.761640e+00 1.523711e+00 0.000000e+00
6.761640e+00 2.088426e+00 0.000000e+00
6.761640e+00 2.685505e+00 0.000000e+00
6.916873e+00 1.570796e-02 -7.497853e-06
6.916873e+00 2.346256e-02 -5.235713e-06
6.916873e+00 3.503514e-02 -1.227289e-05
6.916873e+00 5.263151e-02 -4.950359e-06
6.916873e+00 7.314235e-02 -1.260103e-05
6.916873e+00 1.025928e-01 -7.549932e-06
6.916873e+00 1.448116e-01 -2.162402e-05
6.916873e+00 2.023460e-01 -6.018830e-06
6.916873e+00 2.834245e-01 -1.238825e-06
6.916873e+00 3.967448e-01 -4.917740e-06
6.916873e+00 5.552783e-01 -6.514435e-06
6.916873e+00 7.774819e-01 -5.615097e-06
6.916873e+00 1.088445e+00 -5.944857e-06
6.916873e+00 1.523711e+00 -6.877083e-06
6.916873e+00 2.088426e+00 -8.769355e-06
6.916873e+00 2.685505e+00 -9.459141e-06
7.075210e+00 1.570796e-02 -7.929908e-05
7.075210e+00 2.346256e-02 -5.863133e-05
7.075210e+00 3.503514e-02 -9.755494e-05
7.075210e+00 5.263151e-02 -1.398488e-04
7.075210e+00 7.314235e-02 -1.833155e-04
7.075210e+00 1.025928e-01 -5.491049e-05
7.075210e+00 1.448116e-01 -1.563046e-04
7.075210e+00 2.023460e-01 -1.149290e-04
7.075210e+00 2.834245e-01 -1.878582e-04
7.075210e+00 3.967448e-01 -1.193745e-04
7.075210e+00 5.552783e-01 -1.005281e-04
7.075210e+00 7.774819e-01 -1.014357e-04
7.075210e+00 1.088445e+00 -9.908527e-05
7.075210e+00 1.523711e+00 -1.002751e-04
7.075210e+00 2.088426e+00 -1.166185e-04
7.075210e+00 2.685505e+00 -1.139210e-04
7.236714e+00 1.570796e-02 -1.950822e-04
7.236714e+00 2.346256e-02 -2.013107e-04
7.236714e+00 3.503514e-02 -2.415055e-04
7.236714e+00 5.263151e-02 -4.551821e-04
7.236714e+00 7.314235e-02 -6.308924e-04
7.236714e+00 1.025928e-01 -4.877593e-04
7.236714e+00 1.448116e-01 -6.448930e-04
7.236714e+00 2.023460e-01 -6.272133e-04
7.236714e+00 2.834245e-01 -7.034762e-04
7.236714e+00 3.967448e-01 -5.584531e-04
7.236714e+00 5.552783e-01 -4.835534e-04
7.236714e+00 7.774819e-01 -4.670130e-04
7.236714e+00 1.088445e+00 -4.167946e-04
7.236714e+00 1.523711e+00 -4.404951e-04
7.236714e+00 2.088426e+00 -4.936650e-04
7.236714e+00 2.685505e+00 -4.802877e-04
7.401449e+00 1.570796e-02 -4.077001e-04
7.401449e+00 2.346256e-02 -5.772400e-04
7.401449e+00 3.503514e-02 -8.908745e-04
7.401449e+00 5.263151e-02 -1.481106e-03
7.401449e+00 7.314235e-02 -2.380084e-03
7.401449e+00 1.025928e-01 -1.763370e-03
7.401449e+00 1.448116e-01 -2.322938e-03
7.401449e+00 2.023460e-01 -2.278767e-03
7.401449e+00 2.834245e-01 -2.379274e-03
7.401449e+00 3.967448e-01 -1.993156e-03
7.401449e+00 5.552783e-01 -1.790283e-03
7.401449e+00 7.774819e-01 -1.651581e-03
7.401449e+00 1.088445e+00 -1.480618e-03
7.401449e+00 1.523711e+00 -1.546066e-03
7.401449e+00 2.088426e+00 -1.705973e-03
7.401449e+00 2.685505e+00 -1.688374e-03
7.569477e+00 1.570796e-02 -4.941955e-04
7.569477e+00 2.346256e-02 -1.061646e-03
7.569477e+00 3.503514e-02 -1.825492e-03
7.569477e+00 5.263151e-02 -2.677356e-03
7.569477e+00 7.314235e-02 -4.648067e-03
7.569477e+00 1.025928e-01 -3.824929e-03
7.569477e+00 1.448116e-01 -4.552830e-03
7.569477e+00 2.023460e-01 -4.947226e-03
7.569477e+00 2.834245e-01 -4.826050e-03
7.569477e+00 3.967448e-01 -4.293859e-03
7.569477e+00 5.552783e-01 -3.983919e-03
7.569477e+00 7.774819e-01 -3.588402e-03
7.569477e+00 1.088445e+00 -3.179982e-03
7.569477e+00 1.523711e+00 -3.274568e-03
7.569477e+00 2.088426e+00 -3.557466e-03
7.569477e+00 2.685505e+00 -3.526765e-03
7.740867e+00 1.570796e-02 -5.586981e-04
7.740867e+00 2.346256e-02 -1.429900e-03
7.740867e+00 3.503514e-02 -2.637864e-03
7.740867e+00 5.263151e-02 -4.012857e-03
7.740867e+00 7.314235e-02 -7.009321e-03
7.740867e+00 1.025928e-01 -6.622106e-03
7.740867e+00 1.448116e-01 -8.089215e-03
7.740867e+00 2.023460e-01 -8.564307e-03
7.740867e+00 2.834245e-01 -8.617482e-03
7.740867e+00 3.967448e-01 -7.616142e-03
7.740867e+00 5.552783e-01 -7.073518e-03
7.740867e+00 7.774819e-01 -6.404921e-03
7.740867e+00 1.088445e+00 -5.628250e-03
7.740867e+00 1.523711e+00 -5.695543e-03
7.740867e+00 2.088426e+00 -6.095457e-03
7.740867e+00 2.685505e+00 -5.986179e-03
7.915684e+00 1.570796e-02 -5.938274e-04
7.915684e+00 2.346256e-02 -1.543444e-03
7.915684e+00 3.503514e-02 -3.138323e-03
7.915684e+00 5.263151e-02 -5.178456e-03
7.915684e+00 7.314235e-02 -9.199649e-03
7.915684e+00 1.025928e-01 -9.815808e-03
7.915684e+00 1.448116e-01 -1.210773e-02
7.915684e+00 2.023460e-01 -1.281282e-02
7.915684e+00 2.834245e-01 -1.311205e-02
7.915684e+00 3.967448e-01 -1.180653e-02
7.915684e+00 5.552783e-01 -1.109807e-02
7.915684e+00 7.774819e-01 -9.910479e-03
7.915684e+00 1.088445e+00 -8.754808e-03
7.915684e+00 1.523711e+00 -8.693232e-03
7.915684e+00 2.088426e+00 -9.246307e-03
7.915684e+00 2.685505e+00 -8.965011e-03
8.093998e+00 1.570796e-02 -6.285284e-04
8.093998e+00 2.346256e-02 -1.522752e-03
8.093998e+00 3.503514e-02 -3.352445e-03
8.093998e+00 5.263151e-02 -5.913591e-03
8.093998e+00 7.314235e-02 -1.060878e-02
8.093998e+00 1.025928e-01 -1.238908e-02
8.093998e+00 1.448116e-01 -1.594569e-02
8.093998e+00 2.023460e-01 -1.712855e-02
8.093998e+00 2.834245e-01 -1.763063e-02
8.093998e+00 3.967448e-01 -1.635060e-02
8.093998e+00 5.552783e-01 -1.540724e-02
8.093998e+00 7.774819e-01 -1.379863e-02
8.093998e+00 1.088445e+00 -1.215498e-02
8.093998e+00 1.523711e+00 -1.188414e-02
8.093998e+00 2.088426e+00 -1.252648e-02
8.093998e+00 2.685505e+00 -1.215881e-02
8.275878e+00 1.570796e-02 -6.210876e-04
8.275878e+00 2.346256e-02 -1.472824e-03
8.275878e+00 3.503514e-02 -3.298179e-03
8.275878e+00 5.263151e-02 -6.084079e-03
8.275878e+00 7.314235e-02 -1.141000e-02
8.275878e+00 1.025928e-01 -1.435254e-02
8.275878e+00 1.448116e-01 -1.941151e-02
8.275878e+00 2.023460e-01 -2.114875e-02
8.275878e+00 2.834245e-01 -2.197001e-02
8.275878e+00 3.967448e-01 -2.091840e-02
8.275878e+00 5.552783e-01 -1.978251e-02
8.275878e+00 7.774819e-01 -1.779622e-02
8.275878e+00 1.088445e+00 -1.566492e-02
8.275878e+00 1.523711e+00 -1.515799e-02
8.275878e+00 2.088426e+00 -1.582956e-02
8.275878e+00 2.685505e+00 -1.519687e-02
8.461396e+00 1.570796e-02 -5.847101e-04
8.461396e+00 2.346256e-02 -1.406853e-03
8.461396e+00 3.503514e-02 -3.172380e-03
8.461396e+00 5.263151e-02 -6.051468e-03
8.461396e+00 7.314235e-02 -1.162237e-02
8.461396e+00 1.025928e-01 -1.545338e-02
8.461396e+00 1.448116e-01 -2.159312e-02
8.461396e+00 2.023460e-01 -2.430700e-02
8.461396e+00 2.834245e-01 -2.571682e-02
8.461396e+00 3.967448e-01 -2.498399e-02
8.461396e+00 5.552783e-01 -2.386807e-02
8.461396e+00 7.774819e-01 -2.145831e-02
8.461396e+00 1.088445e+00 -1.899031e-02
8.461396e+00 1.523711e+00 -1.819327e-02
8.461396e+00 2.088426e+00 -1.884232e-02
8.461396e+00 2.685505e+00 -1.802742e-02
8.650623e+00 1.570796e-02 -5.372975e-04
8.650623e+00 2.346256e-02 -1.307299e-03
8.650623e+00 3.503514e-02 -2.990077e-03
8.650623e+00 5.263151e-02 -5.821773e-03
8.650623e+00 7.314235e-02 -1.136709e-02
8.650623e+00 1.025928e-01 -1.581127e-02
8.650623e+00 1.448116e-01 -2.282728e-02
8.650623e+00 2.023460e-01 -2.648380e-02
8.650623e+00 2.834245e-01 -2.864084e-02
8.650623e+00 3.967448e-01 -2.843048e-02
8.650623e+00 5.552783e-01 -2.744467e-02
8.650623e+00 7.774819e-01 -2.486832e-02
8.650623e+00 1.088445e+00 -2.203282e-02
8.650623e+00 1.523711e+00 -2.101501e-02
8.650623e+00 2.088426e+00 -2.156024e-02
8.650623e+00 2.685505e+00 -2.045046e-02
8.843636e+00 1.570796e-02 -4.994015e-04
8.843636e+00 2.346256e-02 -1.236073e-03
8.843636e+00 3.503514e-02 -2.742917e-03
8.843636e+00 5.263151e-02 -5.457555e-03
8.843636e+00 7.314235e-02 -1.079590e-02
8.843636e+00 1.025928e-01 -1.556178e-02
8.843636e+00 1.448116e-01 -2.322210e-02
8.843636e+00 2.023460e-01 -2.769884e-02
8.843636e+00 2.834245e-01 -3.069579e-02
8.843636e+00 3.967448e-01 -3.119411e-02
8.843636e+00 5.552783e-01 -3.041900e-02
8.843636e+00 7.774819e-01 -2.782071e-02
8.843636e+00 1.088445e+00 -2.474756e-02
8.843636e+00 1.523711e+00 -2.347749e-02
8.843636e+00 2.088426e+00 -2.397414e-02
8.843636e+00 2.685505e+00 -2.256003e-02
9.040509e+00 1.570796e-02 -4.640093e-04
9.040509e+00 2.346256e-02 -1.151737e-03
9.040509e+00 3.503514e-02 -2.465650e-03
9.040509e+00 5.263151e-02 -5.052308e-03
9.040509e+00 7.314235e-02 -1.014631e-02
9.040509e+00 1.025928e-01 -1.492368e-02
9.040509e+00 1.448116e-01 -2.295462e-02
9.040509e+00 2.023460e-01 -2.818049e-02
9.040509e+00 2.834245e-01 -3.202953e-02
9.040509e+00 3.967448e-01 -3.321925e-02
9.040509e+00 5.552783e-01 -3.282005e-02
9.040509e+00 7.774819e-01 -3.032444e-02
9.040509e+00 1.088445e+00 -2.709582e-02
9.040509e+00 1.523711e+00 -2.559327e-02
9.040509e+00 2.088426e+00 -2.588057e-02
9.040509e+00 2.685505e+00 -2.417144e-02
9.241319e+00 1.570796e-02 -4.299621e-04
9.241319e+00 2.346256e-02 -1.069160e-03
9.241319e+00 3.503514e-02 -2.233006e-03
9.241319e+00 5.263151e-02 -4.654957e-03
9.241319e+00 7.314235e-02 -9.397796e-03
9.241319e+00 1.025928e-01 -1.410786e-02
9.241319e+00 1.448116e-01 -2.213839e-02
9.241319e+00 2.023460e-01 -2.794488e-02
9.241319e+00 2.834245e-01 -3.255676e-02
9.241319e+00 3.967448e-01 -3.447724e-02
9.241319e+00 5.552783e-01 -3.456996e-02
9.241319e+00 7.774819e-01 -3.228424e-02
9.241319e+00 1.088445e+00 -2.900090e-02
9.241319e+00 1.523711e+00 -2.734128e-02
9.241319e+00 2.088426e+00 -2.741010e-02
9.241319e+00 2.685505e+00 -2.531907e-02
9.446145e+00 1.570796e-02 -3.953014e-04
9.446145e+00 2.346256e-02 -9.961991e-04
9.446145e+00 3.503514e-02 -2.037691e-03
9.446145e+00 5.263151e-02 -4.278561e-03
9.446145e+00 7.314235e-02 -8.646971e-03
9.446145e+00 1.025928e-01 -1.309115e-02
9.446145e+00 1.448116e-01 -2.090767e-02
9.446145e+00 2.023460e-01 -2.708590e-02
9.446145e+00 2.834245e-01 -3.240459e-02
9.446145e+00 3.967448e-01 -3.507648e-02
9.446145e+00 5.552783e-01 -3.572026e-02
9.446145e+00 7.774819e-01 -3.370164e-02
9.446145e+00 1.088445e+00 -3.051099e-02
9.446145e+00 1.523711e+00 -2.875473e-02
9.446145e+00 2.088426e+00 -2.858943e-02
9.446145e+00 2.685505e+00 -2.612417e-02
9.655068e+00 1.570796e-02 -3.581255e-04
9.655068e+00 2.346256e-02 -9.174594e-04
9.655068e+00 3.503514e-02 -1.859264e-03
9.655068e+00 5.263151e-02 -3.914483e-03
9.655068e+00 7.314235e-02 -7.899398e-03
9.655068e+00 1.025928e-01 -1.199261e-02
9.655068e+00 1.448116e-01 -1.946808e-02
9.655068e+00 2.023460e-01 -2.585012e-02
9.655068e+00 2.834245e-01 -3.173605e-02
9.655068e+00 3.967448e-01 -3.509318e-02
9.655068e+00 5.552783e-01 -3.630702e-02
9.655068e+00 7.774819e-01 -3.470604e-02
9.655068e+00 1.088445e+00 -3.161852e-02
9.655068e+00 1.523711e+00 -2.984627e-02
9.655068e+00 2.088426e+00 -2.956475e-02
9.655068e+00 2.685505e+00 -2.667959e-02
9.868170e+00 1.570796e-02 -3.210341e-04
9.868170e+00 2.346256e-02 -8.455361e-04
9.868170e+00 3.503514e-02 -1.693095e-03
9.868170e+00 5.263151e-02 -3.567084e-03
9.868170e+00 7.314235e-02 -7.196144e-03
9.868170e+00 1.025928e-01 -1.093211e-02
9.868170e+00 1.448116e-01 -1.796701e-02
9.868170e+00 2.023460e-01 -2.436622e-02
9.868170e+00 2.834245e-01 -3.059948e-02
9.868170e+00 3.967448e-01 -3.456841e-02
9.868170e+00 5.552783e-01 -3.632032e-02
9.868170e+00 7.774819e-01 -3.517229e-02
9.868170e+00 1.088445e+00 -3.233733e-02
9.868170e+00 1.523711e+00 -3.062855e-02
9.868170e+00 2.088426e+00 -3.018104e-02
9.868170e+00 2.685505e+00 -2.704590e-02
1.008553e+01 1.570796e-02 -2.853531e-04
1.008553e+01 2.346256e-02 -7.786544e-04
1.008553e+01 3.503514e-02 -1.538130e-03
1.008553e+01 5.263151e-02 -3.234004e-03
1.008553e+01 7.314235e-02 -6.530942e-03
1.008553e+01 1.025928e-01 -9.923462e-03
1.008553e+01 1.448116e-01 -1.646711e-02
1.008553e+01 2.023460e-01 -2.270982e-02
1.008553e+01 2.834245e-01 -2.912066e-02
1.008553e+01 3.967448e-01 -3.357424e-02
1.008553e+01 5.552783e-01 -3.584959e-02
1.008553e+01 7.774819e-01 -3.516405e-02
1.008553e+01 1.088445e+00 -3.267647e-02
1.008553e+01 1.523711e+00 -3.105219e-02
1.008553e+01 2.088426e+00 -3.051562e-02
1.008553e+01 2.685505e+00 -2.722172e-02
1.030724e+01 1.570796e-02 -2.546765e-04
1.030724e+01 2.346256e-02 -7.118069e-04
1.030724e+01 3.503514e-02 -1.401369e-03
1.030724e+01 5.263151e-02 -2.925802e-03
1.030724e+01 7.314235e-02 -5.909304e-03
1.030724e+01 1.025928e-01 -8.981729e-03
1.030724e+01 1.448116e-01 -1.498592e-02
1.030724e+01 2.023460e-01 -2.097020e-02
1.030724e+01 2.834245e-01 -2.737506e-02
1.030724e+01 3.967448e-01 -3.217353e-02
1.030724e+01 5.552783e-01 -3.494218e-02
1.030724e+01 7.774819e-01 -3.477749e-02
1.030724e+01 1.088445e+00 -3.265405e-02
1.030724e+01 1.523711e+00 -3.123325e-02
1.030724e+01 2.088426e+00 -3.065161e-02
1.030724e+01 2.685505e+00 -2.717901e-02
1.053339e+01 1.570796e-02 -2.294235e-04
1.053339e+01 2.346256e-02 -6.443640e-04
1.053339e+01 3.503514e-02 -1.270492e-03
1.053339e+01 5.263151e-02 -2.643377e-03
1.053339e+01 7.314235e-02 -5.335949e-03
1.053339e+01 1.025928e-01 -8.116102e-03
1.053339e+01 1.448116e-01 -1.359938e-02
1.053339e+01 2.023460e-01 -1.920382e-02
1.053339e+01 2.834245e-01 -2.549157e-02
1.053339e+01 3.967448e-01 -3.049663e-02
1.053339e+01 5.552783e-01 -3.364423e-02
1.053339e+01 7.774819e-01 -3.396728e-02
1.053339e+01 1.088445e+00 -3.229028e-02
1.053339e+01 1.523711e+00 -3.112562e-02
1.053339e+01 2.088426e+00 -3.055720e-02
1.053339e+01 2.685505e+00 -2.698869e-02
1.076406e+01 1.570796e-02 -2.071547e-04
1.076406e+01 2.346256e-02 -5.825578e-04
1.076406e+01 3.503514e-02 -1.150549e-03
1.076406e+01 5.263151e-02 -2.385712e-03
1.076406e+01 7.314235e-02 -4.809115e-03
1.076406e+01 1.025928e-01 -7.336474e-03
1.076406e+01 1.448116e-01 -1.229857e-02
1.076406e+01 2.023460e-01 -1.747055e-02
1.076406e+01 2.834245e-01 -2.350654e-02
1.076406e+01 3.967448e-01 -2.859039e-02
1.076406e+01 5.552783e-01 -3.205874e-02
1.076406e+01 7.774819e-01 -3.284158e-02
1.076406e+01 1.088445e+00 -3.164439e-02
1.076406e+01 1.523711e+00 -3.075046e-02
1.076406e+01 2.088426e+00 -3.029159e-02
1.076406e+01 2.685505e+00 -2.671778e-02
1.099934e+01 1.570796e-02 -1.859095e-04
1.099934e+01 2.346256e-02 -5.260575e-04
1.099934e+01 3.503514e-02 -1.039199e-03
1.099934e+01 5.263151e-02 -2.144361e-03
1.099934e+01 7.314235e-02 -4.328189e-03
1.099934e+01 1.025928e-01 -6.617589e-03
1.099934e+01 1.448116e-01 -1.107379e-02
1.099934e+01 2.023460e-01 -1.580814e-02
1.099934e+01 2.834245e-01 -2.149038e-02
1.099934e+01 3.967448e-01 -2.654343e-02
1.099934e+01 5.552783e-01 -3.024347e-02
1.099934e+01 7.774819e-01 -3.146632e-02
1.099934e+01 1.088445e+00 -3.074612e-02
1.099934e+01 1.523711e+00 -3.018270e-02
1.099934e+01 2.088426e+00 -2.979600e-02
1.099934e+01 2.685505e+00 -2.615930e-02
1.123932e+01 1.570796e-02 -1.674815e-04
1.123932e+01 2.346256e-02 -4.691130e-04
1.123932e+01 3.503514e-02 -9.373788e-04
1.123932e+01 5.263151e-02 -1.920031e-03
1.123932e+01 7.314235e-02 -3.879320e-03
1.123932e+01 1.025928e-01 -5.942891e-03
1.123932e+01 1.448116e-01 -9.935594e-03
1.123932e+01 2.023460e-01 -1.422042e-02
1.123932e+01 2.834245e-01 -1.952885e-02
1.123932e+01 3.967448e-01 -2.443419e-02
1.123932e+01 5.552783e-01 -2.826377e-02
1.123932e+01 7.774819e-01 -2.987523e-02
1.123932e+01 1.088445e+00 -2.964497e-02
1.123932e+01 1.523711e+00 -2.937106e-02
1.123932e+01 2.088426e+00 -2.914373e-02
1.123932e+01 2.685505e+00 -2.547203e-02
1.148411e+01 1.570796e-02 -1.498913e-04
1.148411e+01 2.346256e-02 -4.165204e-04
1.148411e+01 3.503514e-02 -8.419250e-04
1.148411e+01 5.263151e-02 -1.711834e-03
1.148411e+01 7.314235e-02 -3.460496e-03
1.148411e+01 1.025928e-01 -5.306701e-03
1.148411e+01 1.448116e-01 -8.876353e-03
1.148411e+01 2.023460e-01 -1.272626e-02
1.148411e+01 2.834245e-01 -1.762102e-02
1.148411e+01 3.967448e-01 -2.231486e-02
1.148411e+01 5.552783e-01 -2.617859e-02
1.148411e+01 7.774819e-01 -2.811120e-02
1.148411e+01 1.088445e+00 -2.835379e-02
1.148411e+01 1.523711e+00 -2.840607e-02
1.148411e+01 2.088426e+00 -2.829269e-02
1.148411e+01 2.685505e+00 -2.470308e-02
1.173379e+01 1.570796e-02 -1.346980e-04
1.173379e+01 2.346256e-02 -3.685041e-04
1.173379e+01 3.503514e-02 -7.487991e-04
1.173379e+01 5.263151e-02 -1.523999e-03
1.173379e+01 7.314235e-02 -3.083095e-03
1.173379e+01 1.025928e-01 -4.717637e-03
1.173379e+01 1.448116e-01 -7.895287e-03
1.173379e+01 2.023460e-01 -1.134121e-02
1.173379e+01 2.834245e-01 -1.582635e-02
1.173379e+01 3.967448e-01 -2.025543e-02
1.173379e+01 5.552783e-01 -2.408613e-02
1.173379e+01 7.774819e-01 -2.626529e-02
1.173379e+01 1.088445e+00 -2.692111e-02
1.173379e+01 1.523711e+00 -2.728767e-02
1.173379e+01 2.088426e+00 -2.736962e-02
1.173379e+01 2.685505e+00 -2.386843e-02
1.198847e+01 1.570796e-02 -1.202493e-04
1.198847e+01 2.346256e-02 -3.257142e-04
1.198847e+01 3.503514e-02 -6.640163e-04
1.198847e+01 5.263151e-02 -1.351577e-03
1.198847e+01 7.314235e-02 -2.734034e-03
1.198847e+01 1.025928e-01 -4.178961e-03
1.198847e+01 1.448116e-01 -6.998156e-03
1.198847e+01 2.023460e-01 -1.007441e-02
1.198847e+01 2.834245e-01 -1.413518e-02
1.198847e+01 3.967448e-01 -1.825844e-02
1.198847e+01 5.552783e-01 -2.198442e-02
1.198847e+01 7.774819e-01 -2.434315e-02
1.198847e+01 1.088445e+00 -2.537711e-02
1.198847e+01 1.523711e+00 -2.609213e-02
1.198847e+01 2.088426e+00 -2.634293e-02
1.198847e+01 2.685505e+00 -2.296308e-02
1.224824e+01 1.570796e-02 -1.067851e-04
1.224824e+01 2.346256e-02 -2.848560e-04
1.224824e+01 3.503514e-02 -5.875422e-04
1.224824e+01 5.263151e-02 -1.195638e-03
1.224824e+01 7.314235e-02 -2.416042e-03
1.224824e+01 1.025928e-01 -3.694189e-03
1.224824e+01 1.448116e-01 -6.174116e-03
1.224824e+01 2.023460e-01 -8.922050e-03
1.224824e+01 2.834245e-01 -1.256586e-02
1.224824e+01 3.967448e-01 -1.635433e-02
1.224824e+01 5.552783e-01 -1.993193e-02
1.224824e+01 7.774819e-01 -2.239710e-02
1.224824e+01 1.088445e+00 -2.372215e-02
1.224824e+01 1.523711e+00 -2.475420e-02
1.224824e+01 2.088426e+00 -2.520710e-02
1.224824e+01 2.685505e+00 -2.188820e-02
1.251320e+01 1.570796e-02 -9.426609e-05
1.251320e+01 2.346256e-02 -2.507511e-04
1.251320e+01 3.503514e-02 -5.195683e-04
1.251320e+01 5.263151e-02 -1.052324e-03
1.251320e+01 7.314235e-02 -2.127438e-03
1.251320e+01 1.025928e-01 -3.250891e-03
1.251320e+01 1.448116e-01 -5.426787e-03
1.251320e+01 2.023460e-01 -7.872095e-03
1.251320e+01 2.834245e-01 -1.111285e-02
1.251320e+01 3.967448e-01 -1.456729e-02
1.251320e+01 5.552783e-01 -1.793306e-02
1.251320e+01 7.774819e-01 -2.047109e-02
1.251320e+01 1.088445e+00 -2.200857e-02
1.251320e+01 1.523711e+00 -2.332968e-02
1.251320e+01 2.088426e+00 -2.392315e-02
1.251320e+01 2.685505e+00 -2.074006e-02
1.278347e+01 1.570796e-02 -8.233244e-05
1.278347e+01 2.346256e-02 -2.191984e-04
1.278347e+01 3.503514e-02 -4.558480e-04
1.278347e+01 5.263151e-02 -9.230930e-04
1.278347e+01 7.314235e-02 -1.861286e-03
1.278347e+01 1.025928e-01 -2.857537e-03
1.278347e+01 1.448116e-01 -4.754911e-03
1.278347e+01 2.023460e-01 -6.916887e-03
1.278347e+01 2.834245e-01 -9.792899e-03
1.278347e+01 3.967448e-01 -1.289027e-02
1.278347e+01 5.552783e-01 -1.603935e-02
1.278347e+01 7.774819e-01 -1.856919e-02
1.278347e+01 1.088445e+00 -2.030257e-02
1.278347e+01 1.523711e+00 -2.184926e-02
1.278347e+01 2.088426e+00 -2.260589e-02
1.278347e+01 2.685505e+00 -1.955217e-02
1.305914e+01 1.570796e-02 -7.207303e-05
1.305914e+01 2.346256e-02 -1.893231e-04
1.305914e+01 3.503514e-02 -3.973623e-04
1.305914e+01 5.263151e-02 -8.056383e-04
1.305914e+01 7.314235e-02 -1.629239e-03
1.305914e+01 1.025928e-01 -2.499481e-03
1.305914e+01 1.448116e-01 -4.155303e-03
1.305914e+01 2.023460e-01 -6.054632e-03
1.305914e+01 2.834245e-01 -8.589586e-03
1.305914e+01 3.967448e-01 -1.135512e-02
1.305914e+01 5.552783e-01 -1.426184e-02
1.305914e+01 7.774819e-01 -1.674110e-02
1.305914e+01 1.088445e+00 -1.860894e-02
1.305914e+01 1.523711e+00 -2.030504e-02
1.305914e+01 2.088426e+00 -2.121405e-02
1.305914e+01 2.685505e+00 -1.837206e-02
1.334032e+01 1.570796e-02 -6.196137e-05
1.334032e+01 2.346256e-02 -1.631899e-04
1.334032e+01 3.503514e-02 -3.463738e-04
1.334032e+01 5.263151e-02 -7.033220e-04
1.334032e+01 7.314235e-02 -1.414862e-03
1.334032e+01 1.025928e-01 -2.174295e-03
1.334032e+01 1.448116e-01 -3.617390e-03
1.334032e+01 2.023460e-01 -5.278243e-03
1.334032e+01 2.834245e-01 -7.496622e-03
1.334032e+01 3.967448e-01 -9.945357e-03
1.334032e+01 5.552783e-01 -1.258254e-02
1.334032e+01 7.774819e-01 -1.499705e-02
1.334032e+01 1.088445e+00 -1.696382e-02
1.334032e+01 1.523711e+00 -1.877079e-02
1.334032e+01 2.088426e+00 -1.979313e-02
1.334032e+01 2.685505e+00 -1.718503e-02
1.362713e+01 1.570796e-02 -5.381593e-05
1.362713e+01 2.346256e-02 -1.406539e-04
1.362713e+01 3.503514e-02 -3.006758e-04
1.362713e+01 5.263151e-02 -6.087064e-04
1.362713e+01 7.314235e-02 -1.227642e-03
1.362713e+01 1.025928e-01 -1.880750e-03
1.362713e+01 1.448116e-01 -3.130811e-03
1.362713e+01 2.023460e-01 -4.577655e-03
1.362713e+01 2.834245e-01 -6.512949e-03
1.362713e+01 3.967448e-01 -8.665122e-03
1.362713e+01 5.552783e-01 -1.104889e-02
1.362713e+01 7.774819e-01 -1.335584e-02
1.362713e+01 1.088445e+00 -1.535611e-02
1.362713e+01 1.523711e+00 -1.725436e-02
1.362713e+01 2.088426e+00 -1.836579e-02
1.362713e+01 2.685505e+00 -1.598372e-02
1.391967e+01 1.570796e-02 -4.655238e-05
1.391967e+01 2.346256e-02 -1.206449e-04
1.391967e+01 3.503514e-02 -2.590169e-04
1.391967e+01 5.263151e-02 -5.247169e-04
1.391967e+01 7.314235e-02 -1.056396e-03
1.391967e+01 1.025928e-01 -1.621616e-03
1.391967e+01 1.448116e-01 -2.697878e-03
1.391967e+01 2.023460e-01 -3.952146e-03
1.391967e+01 2.834245e-01 -5.623305e-03
1.391967e+01 3.967448e-01 -7.514731e-03
1.391967e+01 5.552783e-01 -9.643152e-03
1.391967e+01 7.774819e-01 -1.181034e-02
1.391967e+01 1.088445e+00 -1.381315e-02
1.391967e+01 1.523711e+00 -1.572497e-02
1.391967e+01 2.088426e+00 -1.687996e-02
1.391967e+01 2.685505e+00 -1.465443e-02
1.421806e+01 1.570796e-02 -3.945088e-05
1.421806e+01 2.346256e-02 -1.035428e-04
1.421806e+01 3.503514e-02 -2.221392e-04
1.421806e+01 5.263151e-02 -4.496092e-04
1.421806e+01 7.314235e-02 -9.044438e-04
1.421806e+01 1.025928e-01 -1.388292e-03
1.421806e+01 1.448116e-01 -2.307905e-03
1.421806e+01 2.023460e-01 -3.389486e-03
1.421806e+01 2.834245e-01 -4.821107e-03
1.421806e+01 3.967448e-01 -6.472572e-03
1.421806e+01 5.552783e-01 -8.355140e-03
1.421806e+01 7.774819e-01 -1.036810e-02
1.421806e+01 1.088445e+00 -1.231094e-02
1.421806e+01 1.523711e+00 -1.423186e-02
1.421806e+01 2.088426e+00 -1.539673e-02
1.421806e+01 2.685505e+00 -1.332857e-02
1.452242e+01 1.570796e-02 -3.381405e-05
1.452242e+01 2.346256e-02 -8.822593e-05
1.452242e+01 3.503514e-02 -1.896494e-04
1.452242e+01 5.263151e-02 -3.833959e-04
1.452242e+01 7.314235e-02 -7.681077e-04
1.452242e+01 1.025928e-01 -1.183192e-03
1.452242e+01 1.448116e-01 -1.963968e-03
1.452242e+01 2.023460e-01 -2.883506e-03
1.452242e+01 2.834245e-01 -4.111957e-03
1.452242e+01 3.967448e-01 -5.535374e-03
1.452242e+01 5.552783e-01 -7.191655e-03
1.452242e+01 7.774819e-01 -9.032717e-03
1.452242e+01 1.088445e+00 -1.088418e-02
1.452242e+01 1.523711e+00 -1.277222e-02
1.452242e+01 2.088426e+00 -1.392543e-02
1.452242e+01 2.685505e+00 -1.211350e-02
1.483287e+01 1.570796e-02 -2.896485e-05
1.483287e+01 2.346256e-02 -7.403494e-05
1.483287e+01 3.503514e-02 -1.611510e-04
1.483287e+01 5.263151e-02 -3.241755e-04
1.483287e+01 7.314235e-02 -6.504036e-04
1.483287e+01 1.025928e-01 -1.000562e-03
1.483287e+01 1.448116e-01 -1.664808e-03
1.483287e+01 2.023460e-01 -2.445553e-03
1.483287e+01 2.834245e-01 -3.492737e-03
1.483287e+01 3.967448e-01 -4.706995e-03
1.483287e+01 5.552783e-01 -6.170639e-03
1.483287e+01 7.774819e-01 -7.828252e-03
1.483287e+01 1.088445e+00 -9.575853e-03
1.483287e+01 1.523711e+00 -1.140221e-02
1.483287e+01 2.088426e+00 -1.252937e-02
1.483287e+01 2.685505e+00 -1.092625e-02
1.514953e+01 1.570796e-02 -2.471517e-05
1.514953e+01 2.346256e-02 -6.205028e-05
1.514953e+01 3.503514e-02 -1.349232e-04
1.514953e+01 5.263151e-02 -2.723307e-04
1.514953e+01 7.314235e-02 -5.473543e-04
1.514953e+01 1.025928e-01 -8.430053e-04
1.514953e+01 1.448116e-01 -1.400158e-03
1.514953e+01 2.023460e-01 -2.060875e-03
1.514953e+01 2.834245e-01 -2.942786e-03
1.514953e+01 3.967448e-01 -3.985923e-03
1.514953e+01 5.552783e-01 -5.243330e-03
1.514953e+01 7.774819e-01 -6.743429e-03
1.514953e+01 1.088445e+00 -8.369562e-03
1.514953e+01 1.523711e+00 -1.009534e-02
1.514953e+01 2.088426e+00 -1.120300e-02
1.514953e+01 2.685505e+00 -9.833937e-03
1.547252e+01 1.570796e-02 -2.067625e-05
1.547252e+01 2.346256e-02 -5.174647e-05
1.547252e+01 3.503514e-02 -1.131695e-04
1.547252e+01 5.263151e-02 -2.269706e-04
1.547252e+01 7.314235e-02 -4.592310e-04
1.547252e+01 1.025928e-01 -7.049712e-04
1.547252e+01 1.448116e-01 -1.170187e-03
1.547252e+01 2.023460e-01 -1.728949e-03
1.547252e+01 2.834245e-01 -2.470090e-03
1.547252e+01 3.967448e-01 -3.351060e-03
1.547252e+01 5.552783e-01 -4.441882e-03
1.547252e+01 7.774819e-01 -5.762809e-03
1.547252e+01 1.088445e+00 -7.272204e-03
1.547252e+01 1.523711e+00 -8.876403e-03
1.547252e+01 2.088426e+00 -9.944591e-03
1.547252e+01 2.685505e+00 -8.793761e-03
1.580197e+01 1.570796e-02 -1.744017e-05
1.580197e+01 2.346256e-02 -4.295927e-05
1.580197e+01 3.503514e-02 -9.409361e-05
1.580197e+01 5.263151e-02 -1.894594e-04
1.580197e+01 7.314235e-02 -3.812358e-04
1.580197e+01 1.025928e-01 -5.869830e-04
1.580197e+01 1.448116e-01 -9.759190e-04
1.580197e+01 2.023460e-01 -1.441748e-03
1.580197e+01 2.834245e-01 -2.060937e-03
1.580197e+01 3.967448e-01 -2.802075e-03
1.580197e+01 5.552783e-01 -3.739138e-03
1.580197e+01 7.774819e-01 -4.901546e-03
1.580197e+01 1.088445e+00 -6.267264e-03
1.580197e+01 1.523711e+00 -7.756826e-03
1.580197e+01 2.088426e+00 -8.772566e-03
1.580197e+01 2.685505e+00 -7.850422e-03
1.613801e+01 1.570796e-02 -1.426168e-05
1.613801e+01 2.346256e-02 -3.520307e-05
1.613801e+01 3.503514e-02 -7.839784e-05
1.613801e+01 5.263151e-02 -1.567829e-04
1.613801e+01 7.314235e-02 -3.140806e-04
1.613801e+01 1.025928e-01 -4.856837e-04
1.613801e+01 1.448116e-01 -8.080339e-04
1.613801e+01 2.023460e-01 -1.195384e-03
1.613801e+01 2.834245e-01 -1.708442e-03
1.613801e+01 3.967448e-01 -2.330294e-03
1.613801e+01 5.552783e-01 -3.128979e-03
1.613801e+01 7.774819e-01 -4.142663e-03
1.613801e+01 1.088445e+00 -5.371504e-03
1.613801e+01 1.523711e+00 -6.739780e-03
1.613801e+01 2.088426e+00 -7.696842e-03
1.613801e+01 2.685505e+00 -6.951467e-03
1.648077e+01 1.570796e-02 -1.185934e-05
1.648077e+01 2.346256e-02 -2.897406e-05
1.648077e+01 3.503514e-02 -6.455398e-05
1.648077e+01 5.263151e-02 -1.290737e-04
1.648077e+01 7.314235e-02 -2.592252e-04
1.648077e+01 1.025928e-01 -3.999315e-04
1.648077e+01 1.448116e-01 -6.660708e-04
1.648077e+01 2.023460e-01 -9.855916e-04
1.648077e+01 2.834245e-01 -1.408372e-03
1.648077e+01 3.967448e-01 -1.926995e-03
1.648077e+01 5.552783e-01 -2.602411e-03
1.648077e+01 7.774819e-01 -3.483182e-03
1.648077e+01 1.088445e+00 -4.579296e-03
1.648077e+01 1.523711e+00 -5.814488e-03
1.648077e+01 2.088426e+00 -6.718439e-03
1.648077e+01 2.685505e+00 -6.120579e-03
1.683038e+01 1.570796e-02 -9.666933e-06
1.683038e+01 2.346256e-02 -2.314816e-05
1.683038e+01 3.503514e-02 -5.322251e-05
1.683038e+01 5.263151e-02 -1.049862e-04
1.683038e+01 7.314235e-02 -2.117688e-04
1.683038e+01 1.025928e-01 -3.282395e-04
1.683038e+01 1.448116e-01 -5.456170e-04
1.683038e+01 2.023460e-01 -8.074911e-04
1.683038e+01 2.834245e-01 -1.155488e-03
1.683038e+01 3.967448e-01 -1.587169e-03
1.683038e+01 5.552783e-01 -2.157868e-03
1.683038e+01 7.774819e-01 -2.915094e-03
1.683038e+01 1.088445e+00 -3.886704e-03
1.683038e+01 1.523711e+00 -4.988797e-03
1.683038e+01 2.088426e+00 -5.817379e-03
1.683038e+01 2.685505e+00 -5.371506e-03
1.718699e+01 1.570796e-02 -7.938856e-06
1.718699e+01 2.346256e-02 -1.924864e-05
1.718699e+01 3.503514e-02 -4.300891e-05
1.718699e+01 5.263151e-02 -8.467557e-05
1.718699e+01 7.314235e-02 -1.721496e-04
1.718699e+01 1.025928e-01 -2.660046e-04
1.718699e+01 1.448116e-01 -4.445920e-04
1.718699e+01 2.023460e-01 -6.576315e-04
1.718699e+01 2.834245e-01 -9.417516e-04
1.718699e+01 3.967448e-01 -1.300037e-03
1.718699e+01 5.552783e-01 -1.776502e-03
1.718699e+01 7.774819e-01 -2.423193e-03
1.718699e+01 1.088445e+00 -3.265064e-03
1.718699e+01 1.523711e+00 -4.252896e-03
1.718699e+01 2.088426e+00 -5.016882e-03
1.718699e+01 2.685505e+00 -4.672822e-03
1.755073e+01 1.570796e-02 -6.463886e-06
1.755073e+01 2.346256e-02 -1.571194e-05
1.755073e+01 3.503514e-02 -3.513611e-05
1.755073e+01 5.263151e-02 -6.848209e-05
1.755073e+01 7.314235e-02 -1.395674e-04
1.755073e+01 1.025928e-01 -2.147857e-04
1.755073e+01 1.448116e-01 -3.597471e-04
1.755073e+01 2.023460e-01 -5.303654e-04
1.755073e+01 2.834245e-01 -7.622971e-04
1.755073e+01 3.967448e-01 -1.054859e-03
1.755073e+01 5.552783e-01 -1.451122e-03
1.755073e+01 7.774819e-01 -1.998216e-03
1.755073e+01 1.088445e+00 -2.725696e-03
1.755073e+01 1.523711e+00 -3.592471e-03
1.755073e+01 2.088426e+00 -4.280433e-03
1.755073e+01 2.685505e+00 -4.035201e-03
1.792175e+01 1.570796e-02 -5.272466e-06
1.792175e+01 2.346256e-02 -1.259718e-05
1.792175e+01 3.503514e-02 -2.844773e-05
1.792175e+01 5.263151e-02 -5.533112e-05
1.792175e+01 7.314235e-02 -1.123114e-04
1.792175e+01 1.025928e-01 -1.725405e-04
1.792175e+01 1.448116e-01 -2.889851e-04
1.792175e+01 2.023460e-01 -4.272957e-04
1.792175e+01 2.834245e-01 -6.151241e-04
1.792175e+01 3.967448e-01 -8.538510e-04
1.792175e+01 5.552783e-01 -1.183778e-03
1.792175e+01 7.774819e-01 -1.647367e-03
1.792175e+01 1.088445e+00 -2.274337e-03
1.792175e+01 1.523711e+00 -3.023592e-03
1.792175e+01 2.088426e+00 -3.646960e-03
1.792175e+01 2.685505e+00 -3.479833e-03
1.830018e+01 1.570796e-02 -4.224052e-06
1.830018e+01 2.346256e-02 -1.000440e-05
1.830018e+01 3.503514e-02 -2.276332e-05
1.830018e+01 5.263151e-02 -4.467702e-05
1.830018e+01 7.314235e-02 -8.945875e-05
1.830018e+01 1.025928e-01 -1.383002e-04
1.830018e+01 1.448116e-01 -2.320237e-04
1.830018e+01 2.023460e-01 -3.425693e-04
1.830018e+01 2.834245e-01 -4.939258e-04
1.830018e+01 3.967448e-01 -6.905264e-04
1.830018e+01 5.552783e-01 -9.594750e-04
1.830018e+01 7.774819e-01 -1.350774e-03
1.830018e+01 1.088445e+00 -1.886162e-03
1.830018e+01 1.523711e+00 -2.532389e-03
1.830018e+01 2.088426e+00 -3.085956e-03
1.830018e+01 2.685505e+00 -3.000054e-03
1.868618e+01 1.570796e-02 -3.412577e-06
1.868618e+01 2.346256e-02 -7.991627e-06
1.868618e+01 3.503514e-02 -1.815890e-05
1.868618e+01 5.263151e-02 -3.563073e-05
1.868618e+01 7.314235e-02 -7.148049e-05
1.868618e+01 1.025928e-01 -1.098933e-04
1.868618e+01 1.448116e-01 -1.848799e-04
1.868618e+01 2.023460e-01 -2.733902e-04
1.868618e+01 2.834245e-01 -3.950190e-04
1.868618e+01 3.967448e-01 -5.531643e-04
1.868618e+01 5.552783e-01 -7.737997e-04
1.868618e+01 7.774819e-01 -1.101729e-03
1.868618e+01 1.088445e+00 -1.550625e-03
1.868618e+01 1.523711e+00 -2.098088e-03
1.868618e+01 2.088426e+00 -2.584325e-03
1.868618e+01 2.685505e+00 -2.529221e-03
1.907991e+01 1.570796e-02 -2.751563e-06
1.907991e+01 2.346256e-02 -6.132911e-06
1.907991e+01 3.503514e-02 -1.442176e-05
1.907991e+01 5.263151e-02 -2.815705e-05
1.907991e+01 7.314235e-02 -5.626242e-05
1.907991e+01 1.025928e-01 -8.643829e-05
1.907991e+01 1.448116e-01 -1.453311e-04
1.907991e+01 2.023460e-01 -2.159317e-04
1.907991e+01 2.834245e-01 -3.125062e-04
1.907991e+01 3.967448e-01 -4.375651e-04
1.907991e+01 5.552783e-01 -6.196478e-04
1.907991e+01 7.774819e-01 -8.905898e-04
1.907991e+01 1.088445e+00 -1.262243e-03
1.907991e+01 1.523711e+00 -1.722395e-03
1.907991e+01 2.088426e+00 -2.148964e-03
1.907991e+01 2.685505e+00 -2.111579e-03
1.948151e+01 1.570796e-02 -2.202185e-06
1.948151e+01 2.346256e-02 -4.612409e-06
1.948151e+01 3.503514e-02 -1.150204e-05
1.948151e+01 5.263151e-02 -2.196977e-05
1.948151e+01 7.314235e-02 -4.403379e-05
1.948151e+01 1.025928e-01 -6.829425e-05
1.948151e+01 1.448116e-01 -1.138160e-04
1.948151e+01 2.023460e-01 -1.698855e-04
1.948151e+01 2.834245e-01 -2.454668e-04
1.948151e+01 3.967448e-01 -3.456168e-04
1.948151e+01 5.552783e-01 -4.924525e-04
1.948151e+01 7.774819e-01 -7.178588e-04
1.948151e+01 1.088445e+00 -1.021462e-03
1.948151e+01 1.523711e+00 -1.405317e-03
1.948151e+01 2.088426e+00 -1.769904e-03
1.948151e+01 2.685505e+00 -1.749339e-03
1.989114e+01 1.570796e-02 -1.705181e-06
1.989114e+01 2.346256e-02 -3.532154e-06
1.989114e+01 3.503514e-02 -8.995220e-06
1.989114e+01 5.263151e-02 -1.724539e-05
1.989114e+01 7.314235e-02 -3.386336e-05
1.989114e+01 1.025928e-01 -5.298535e-05
1.989114e+01 1.448116e-01 -8.876834e-05
1.989114e+01 2.023460e-01 -1.327991e-04
1.989114e+01 2.834245e-01 -1.916896e-04
1.989114e+01 3.967448e-01 -2.722745e-04
1.989114e+01 5.552783e-01 -3.910228e-04
1.989114e+01 7.774819e-01 -5.743062e-04
1.989114e+01 1.088445e+00 -8.211439e-04
1.989114e+01 1.523711e+00 -1.136829e-03
1.989114e+01 2.088426e+00 -1.446476e-03
1.989114e+01 2.685505e+00 -1.440456e-03
2.030896e+01 1.570796e-02 -1.349462e-06
2.030896e+01 2.346256e-02 -2.606019e-06
2.030896e+01 3.503514e-02 -6.868136e-06
2.030896e+01 5.263151e-02 -1.328258e-05
2.030896e+01 7.314235e-02 -2.629525e-05
2.030896e+01 1.025928e-01 -4.128160e-05
2.030896e+01 1.448116e-01 -6.890557e-05
2.030896e+01 2.023460e-01 -1.034203e-04
2.030896e+01 2.834245e-01 -1.493124e-04
2.030896e+01 3.967448e-01 -2.125370e-04
2.030896e+01 5.552783e-01 -3.081209e-04
2.030896e+01 7.774819e-01 -4.567564e-04
2.030896e+01 1.088445e+00 -6.565180e-04
2.030896e+01 1.523711e+00 -9.172468e-04
2.030896e+01 2.088426e+00 -1.174595e-03
2.030896e+01 2.685505e+00 -1.172975e-03
2.073514e+01 1.570796e-02 -1.057169e-06
2.073514e+01 2.346256e-02 -1.954282e-06
2.073514e+01 3.503514e-02 -5.165353e-06
2.073514e+01 5.263151e-02 -1.033570e-05
2.073514e+01 7.314235e-02 -2.015424e-05
2.073514e+01 1.025928e-01 -3.176759e-05
2.073514e+01 1.448116e-01 -5.311716e-05
2.073514e+01 2.023460e-01 -7.941490e-05
2.073514e+01 2.834245e-01 -1.151965e-04
2.073514e+01 3.967448e-01 -1.650740e-04
2.073514e+01 5.552783e-01 -2.409530e-04
2.073514e+01 7.774819e-01 -3.602779e-04
2.073514e+01 1.088445e+00 -5.186763e-04
2.073514e+01 1.523711e+00 -7.316430e-04
2.073514e+01 2.088426e+00 -9.401934e-04
2.073514e+01 2.685505e+00 -9.470087e-04
2.116984e+01 1.570796e-02 -8.085695e-07
2.116984e+01 2.346256e-02 -1.495745e-06
2.116984e+01 3.503514e-02 -3.873797e-06
2.116984e+01 5.263151e-02 -7.643485e-06
2.116984e+01 7.314235e-02 -1.524714e-05
2.116984e+01 1.025928e-01 -2.405014e-05
2.116984e+01 1.448116e-01 -3.986149e-05
2.116984e+01 2.023460e-01 -6.035575e-05
2.116984e+01 2.834245e-01 -8.749959e-05
2.116984e+01 3.967448e-01 -1.265267e-04
2.116984e+01 5.552783e-01 -1.854292e-04
2.116984e+01 7.774819e-01 -2.795230e-04
2.116984e+01 1.088445e+00 -4.044712e-04
2.116984e+01 1.523711e+00 -5.718629e-04
2.116984e+01 2.088426e+00 -7.421585e-04
2.116984e+01 2.685505e+00 -7.377170e-04
2.161324e+01 1.570796e-02 -5.943232e-07
2.161324e+01 2.346256e-02 -1.080315e-06
2.161324e+01 3.503514e-02 -2.965001e-06
2.161324e+01 5.263151e-02 -5.761244e-06
2.161324e+01 7.314235e-02 -1.143358e-05
2.161324e+01 1.025928e-01 -1.780854e-05
2.161324e+01 1.448116e-01 -2.992135e-05
2.161324e+01 2.023460e-01 -4.553941e-05
2.161324e+01 2.834245e-01 -6.563182e-05
2.161324e+01 3.967448e-01 -9.619207e-05
2.161324e+01 5.552783e-01 -1.422253e-04
2.161324e+01 7.774819e-01 -2.157623e-04
2.161324e+01 1.088445e+00 -3.126856e-04
2.161324e+01 1.523711e+00 -4.447297e-04
2.161324e+01 2.088426e+00 -5.795762e-04
2.161324e+01 2.685505e+00 -5.778981e-04
2.206550e+01 1.570796e-02 -4.562327e-07
2.206550e+01 2.346256e-02 -7.483113e-07
2.206550e+01 3.503514e-02 -2.271497e-06
2.206550e+01 5.263151e-02 -4.304033e-06
2.206550e+01 7.314235e-02 -8.653839e-06
2.206550e+01 1.025928e-01 -1.319520e-05
2.206550e+01 1.448116e-01 -2.227781e-05
2.206550e+01 2.023460e-01 -3.394436e-05
2.206550e+01 2.834245e-01 -4.918312e-05
2.206550e+01 3.967448e-01 -7.216080e-05
2.206550e+01 5.552783e-01 -1.078996e-04
2.206550e+01 7.774819e-01 -1.641129e-04
2.206550e+01 1.088445e+00 -2.376751e-04
2.206550e+01 1.523711e+00 -3.384924e-04
2.206550e+01 2.088426e+00 -4.442996e-04
2.206550e+01 2.685505e+00 -4.433801e-04
2.252681e+01 1.570796e-02 -3.328967e-07
2.252681e+01 2.346256e-02 -4.994742e-07
2.252681e+01 3.503514e-02 -1.631709e-06
2.252681e+01 5.263151e-02 -3.073399e-06
2.252681e+01 7.314235e-02 -6.114661e-06
2.252681e+01 1.025928e-01 -9.471781e-06
2.252681e+01 1.448116e-01 -1.615479e-05
2.252681e+01 2.023460e-01 -2.465451e-05
2.252681e+01 2.834245e-01 -3.580207e-05
2.252681e+01 3.967448e-01 -5.316807e-05
2.252681e+01 5.552783e-01 -8.036705e-05
2.252681e+01 7.774819e-01 -1.218323e-04
2.252681e+01 1.088445e+00 -1.770889e-04
2.252681e+01 1.523711e+00 -2.529802e-04
2.252681e+01 2.088426e+00 -3.347273e-04
2.252681e+01 2.685505e+00 -3.316115e-04
2.299735e+01 1.570796e-02 -2.481745e-07
2.299735e+01 2.346256e-02 -3.539314e-07
2.299735e+01 3.503514e-02 -1.154639e-06
2.299735e+01 5.263151e-02 -2.180667e-06
2.299735e+01 7.314235e-02 -4.358673e-06
2.299735e+01 1.025928e-01 -6.756804e-06
2.299735e+01 1.448116e-01 -1.147929e-05
2.299735e+01 2.023460e-01 -1.763780e-05
2.299735e+01 2.834245e-01 -2.559415e-05
2.299735e+01 3.967448e-01 -3.810869e-05
2.299735e+01 5.552783e-01 -5.811055e-05
2.299735e+01 7.774819e-01 -8.879253e-05
2.299735e+01 1.088445e+00 -1.286776e-04
2.299735e+01 1.523711e+00 -1.850168e-04
2.299735e+01 2.088426e+00 -2.443506e-04
2.299735e+01 2.685505e+00 -2.415600e-04
2.347730e+01 1.570796e-02 -1.715804e-07
2.347730e+01 2.346256e-02 -2.420732e-07
2.347730e+01 3.503514e-02 -8.360065e-07
2.347730e+01 5.263151e-02 -1.496566e-06
2.347730e+01 7.314235e-02 -3.026171e-06
2.347730e+01 1.025928e-01 -4.610392e-06
2.347730e+01 1.448116e-01 -7.905494e-06
2.347730e+01 2.023460e-01 -1.237825e-05
2.347730e+01 2.834245e-01 -1.790994e-05
2.347730e+01 3.967448e-01 -2.675167e-05
2.347730e+01 5.552783e-01 -4.108661e-05
2.347730e+01 7.774819e-01 -6.268144e-05
2.347730e+01 1.088445e+00 -9.166914e-05
2.347730e+01 1.523711e+00 -1.325235e-04
2.347730e+01 2.088426e+00 -1.745522e-04
2.347730e+01 2.685505e+00 -1.690837e-04
2.396684e+01 1.570796e-02 -1.225841e-07
2.396684e+01 2.346256e-02 -1.374064e-07
2.396684e+01 3.503514e-02 -5.758837e-07
2.396684e+01 5.263151e-02 -1.045772e-06
2.396684e+01 7.314235e-02 -2.005800e-06
2.396684e+01 1.025928e-01 -3.039396e-06
2.396684e+01 1.448116e-01 -5.432526e-06
2.396684e+01 2.023460e-01 -8.282907e-06
2.396684e+01 2.834245e-01 -1.230715e-05
2.396684e+01 3.967448e-01 -1.836872e-05
2.396684e+01 5.552783e-01 -2.820186e-05
2.396684e+01 7.774819e-01 -4.338999e-05
2.396684e+01 1.088445e+00 -6.364464e-05
2.396684e+01 1.523711e+00 -9.232241e-05
2.396684e+01 2.088426e+00 -1.220754e-04
2.396684e+01 2.685505e+00 -1.193421e-04
2.446618e+01 1.570796e-02 -8.767867e-08
2.446618e+01 2.346256e-02 -6.693178e-08
2.446618e+01 3.503514e-02 -3.643539e-07
2.446618e+01 5.263151e-02 -6.906281e-07
2.446618e+01 7.314235e-02 -1.357423e-06
2.446618e+01 1.025928e-01 -2.072333e-06
2.446618e+01 1.448116e-01 -3.691103e-06
2.446618e+01 2.023460e-01 -5.596401e-06
2.446618e+01 2.834245e-01 -8.268349e-06
2.446618e+01 3.967448e-01 -1.259469e-05
2.446618e+01 5.552783e-01 -1.944075e-05
2.446618e+01 7.774819e-01 -2.982314e-05
2.446618e+01 1.088445e+00 -4.346664e-05
2.446618e+01 1.523711e+00 -6.351366e-05
2.446618e+01 2.088426e+00 -8.421366e-05
2.446618e+01 2.685505e+00 -8.234330e-05
2.497550e+01 1.570796e-02 -6.239200e-08
2.497550e+01 2.346256e-02 -5.248876e-08
2.497550e+01 3.503514e-02 -2.417554e-07
2.497550e+01 5.263151e-02 -4.414024e-07
2.497550e+01 7.314235e-02 -9.042095e-07
2.497550e+01 1.025928e-01 -1.356127e-06
2.497550e+01 1.448116e-01 -2.451995e-06
2.497550e+01 2.023460e-01 -3.706586e-06
2.497550e+01 2.834245e-01 -5.538384e-06
2.497550e+01 3.967448e-01 -8.430713e-06
2.497550e+01 5.552783e-01 -1.314604e-05
2.497550e+01 7.774819e-01 -2.011913e-05
2.497550e+01 1.088445e+00 -2.934153e-05
2.497550e+01 1.523711e+00 -4.294547e-05
2.497550e+01 2.088426e+00 -5.726926e-05
2.497550e+01 2.685505e+00 -5.527385e-05
2.549501e+01 1.570796e-02 -3.907367e-08
2.549501e+01 2.346256e-02 -2.265822e-08
2.549501e+01 3.503514e-02 -1.537661e-07
2.549501e+01 5.263151e-02 -2.778412e-07
2.549501e+01 7.314235e-02 -5.805419e-07
2.549501e+01 1.025928e-01 -8.777442e-07
2.549501e+01 1.448116e-01 -1.595443e-06
2.549501e+01 2.023460e-01 -2.364059e-06
2.549501e+01 2.834245e-01 -3.556920e-06
2.549501e+01 3.967448e-01 -5.573805e-06
2.549501e+01 5.552783e-01 -8.690630e-06
2.549501e+01 7.774819e-01 -1.327671e-05
2.549501e+01 1.088445e+00 -1.946890e-05
2.549501e+01 1.523711e+00 -2.849720e-05
2.549501e+01 2.088426e+00 -3.815262e-05
2.549501e+01 2.685505e+00 -3.733106e-05
2.602491e+01 1.570796e-02 -2.496982e-08
2.602491e+01 2.346256e-02 -1.801070e-08
2.602491e+01 3.503514e-02 -9.483837e-08
2.602491e+01 5.263151e-02 -1.787248e-07
2.602491e+01 7.314235e-02 -3.685722e-07
2.602491e+01 1.025928e-01 -5.535320e-07
2.602491e+01 1.448116e-01 -1.017079e-06
2.602491e+01 2.023460e-01 -1.508553e-06
2.602491e+01 2.834245e-01 -2.276503e-06
2.602491e+01 3.967448e-01 -3.599894e-06
2.602491e+01 5.552783e-01 -5.713957e-06
2.602491e+01 7.774819e-01 -8.707104e-06
2.602491e+01 1.088445e+00 -1.269624e-05
2.602491e+01 1.523711e+00 -1.879642e-05
2.602491e+01 2.088426e+00 -2.511732e-05
2.602491e+01 2.685505e+00 -2.413418e-05
2.656541e+01 1.570796e-02 -1.856471e-08
2.656541e+01 2.346256e-02 -1.155222e-08
2.656541e+01 3.503514e-02 -6.144209e-08
2.656541e+01 5.263151e-02 -1.106691e-07
2.656541e+01 7.314235e-02 -2.380328e-07
2.656541e+01 1.025928e-01 -3.393953e-07
2.656541e+01 1.448116e-01 -6.272054e-07
2.656541e+01 2.023460e-01 -9.686996e-07
2.656541e+01 2.834245e-01 -1.433556e-06
2.656541e+01 3.967448e-01 -2.300724e-06
2.656541e+01 5.552783e-01 -3.690905e-06
2.656541e+01 7.774819e-01 -5.643960e-06
2.656541e+01 1.088445e+00 -8.140339e-06
2.656541e+01 1.523711e+00 -1.218685e-05
2.656541e+01 2.088426e+00 -1.630445e-05
2.656541e+01 2.685505e+00 -1.537175e-05
2.711672e+01 1.570796e-02 2.675483e-10
2.711672e+01 2.346256e-02 6.812121e-10
2.711672e+01 3.503514e-02 1.382834e-09
2.711672e+01 5.263151e-02 2.819479e-09
2.711672e+01 7.314235e-02 5.923914e-09
2.711672e+01 1.025928e-01 8.825366e-09
2.711672e+01 1.448116e-01 1.512169e-08
2.711672e+01 2.023460e-01 2.251761e-08
2.711672e+01 2.834245e-01 3.392515e-08
2.711672e+01 3.967448e-01 5.008128e-08
2.711672e+01 5.552783e-01 7.283495e-08
2.711672e+01 7.774819e-01 9.844965e-08
2.711672e+01 1.088445e+00 1.163001e-07
2.711672e+01 1.523711e+00 1.144145e-07
2.711672e+01 2.088426e+00 8.896531e-08
2.711672e+01 2.685505e+00 4.626572e-08
2.767905e+01 1.570796e-02 2.435134e-10
2.767905e+01 2.346256e-02 6.192993e-10
2.767905e+01 3.503514e-02 1.257910e-09
2.767905e+01 5.263151e-02 2.563931e-09
2.767905e+01 7.314235e-02 5.389761e-09
2.767905e+01 1.025928e-01 8.026560e-09
2.767905e+01 1.448116e-01 1.377669e-08
2.767905e+01 2.023460e-01 2.059848e-08
2.767905e+01 2.834245e-01 3.120283e-08
2.767905e+01 3.967448e-01 4.631806e-08
2.767905e+01 5.552783e-01 6.766853e-08
2.767905e+01 7.774819e-01 9.191543e-08
2.767905e+01 1.088445e+00 1.096900e-07
2.767905e+01 1.523711e+00 1.102489e-07
2.767905e+01 2.088426e+00 8.855780e-08
2.767905e+01 2.685505e+00 4.832367e-08
2.825263e+01 1.570796e-02 2.197821e-10
2.825263e+01 2.346256e-02 5.591759e-10
2.825263e+01 3.503514e-02 1.134865e-09
2.825263e+01 5.263151e-02 2.311778e-09
2.825263e+01 7.314235e-02 4.864225e-09
2.825263e+01 1.025928e-01 7.244673e-09
2.825263e+01 1.448116e-01 1.244954e-08
2.825263e+01 2.023460e-01 1.870010e-08
2.825263e+01 2.834245e-01 2.847360e-08
2.825263e+01 3.967448e-01 4.248906e-08
2.825263e+01 5.552783e-01 6.234143e-08
2.825263e+01 7.774819e-01 8.514850e-08
2.825263e+01 1.088445e+00 1.026865e-07
2.825263e+01 1.523711e+00 1.056084e-07
2.825263e+01 2.088426e+00 8.767929e-08
2.825263e+01 2.685505e+00 5.061964e-08
2.883769e+01 1.570796e-02 1.964082e-10
2.883769e+01 2.346256e-02 5.000667e-10
2.883769e+01 3.503514e-02 1.013976e-09
2.883769e+01 5.263151e-02 2.065129e-09
2.883769e+01 7.314235e-02 4.347792e-09
2.883769e+01 1.025928e-01 6.477746e-09
2.883769e+01 1.448116e-01 1.114743e-08
2.883769e+01 2.023460e-01 1.682198e-08
2.883769e+01 2.834245e-01 2.574764e-08
2.883769e+01 3.967448e-01 3.860127e-08
2.883769e+01 5.552783e-01 5.688262e-08
2.883769e+01 7.774819e-01 7.813028e-08
2.883769e+01 1.088445e+00 9.524490e-08
2.883769e+01 1.523711e+00 1.002192e-07
2.883769e+01 2.088426e+00 8.631033e-08
2.883769e+01 2.685505e+00 5.295392e-08
2.943444e+01 1.570796e-02 1.735655e-10
2.943444e+01 2.346256e-02 4.421509e-10
2.943444e+01 3.503514e-02 8.952887e-10
2.943444e+01 5.263151e-02 1.823654e-09
2.943444e+01 7.314235e-02 3.842097e-09
2.943444e+01 1.025928e-01 5.727277e-09
2.943444e+01 1.448116e-01 9.869052e-09
2.943444e+01 2.023460e-01 1.496455e-08
2.943444e+01 2.834245e-01 2.302066e-08
2.943444e+01 3.967448e-01 3.466272e-08
2.943444e+01 5.552783e-01 5.128637e-08
2.943444e+01 7.774819e-01 7.083875e-08
2.943444e+01 1.088445e+00 8.735071e-08
2.943444e+01 1.523711e+00 9.418355e-08
2.943444e+01 2.088426e+00 8.429174e-08
2.943444e+01 2.685505e+00 5.533375e-08
3.004313e+01 1.570796e-02 1.511475e-10
3.004313e+01 2.346256e-02 3.855263e-10
3.004313e+01 3.503514e-02 7.796460e-10
3.004313e+01 5.263151e-02 1.588485e-09
3.004313e+01 7.314235e-02 3.348467e-09
3.004313e+01 1.025928e-01 4.994106e-09
3.004313e+01 1.448116e-01 8.617864e-09
3.004313e+01 2.023460e-01 1.312787e-08
3.004313e+01 2.834245e-01 2.028837e-08
3.004313e+01 3.967448e-01 3.068162e-08
3.004313e+01 5.552783e-01 4.556166e-08
3.004313e+01 7.774819e-01 6.328689e-08
3.004313e+01 1.088445e+00 7.901544e-08
3.004313e+01 1.523711e+00 8.732207e-08
3.004313e+01 2.088426e+00 8.145835e-08
3.004313e+01 2.685505e+00 5.743878e-08
3.066399e+01 1.570796e-02 1.291981e-10
3.066399e+01 2.346256e-02 3.303778e-10
3.066399e+01 3.503514e-02 6.665035e-10
3.066399e+01 5.263151e-02 1.358456e-09
3.066399e+01 7.314235e-02 2.866576e-09
3.066399e+01 1.025928e-01 4.277426e-09
3.066399e+01 1.448116e-01 7.389070e-09
3.066399e+01 2.023460e-01 1.131472e-08
3.066399e+01 2.834245e-01 1.756701e-08
3.066399e+01 3.967448e-01 2.665340e-08
3.066399e+01 5.552783e-01 3.973026e-08
3.066399e+01 7.774819e-01 5.547797e-08
3.066399e+01 1.088445e+00 7.014133e-08
3.066399e+01 1.523711e+00 7.952013e-08
3.066399e+01 2.088426e+00 7.746982e-08
3.066399e+01 2.685505e+00 5.890867e-08
3.129727e+01 1.570796e-02 1.078905e-10
3.129727e+01 2.346256e-02 2.761949e-10
3.129727e+01 3.503514e-02 5.561058e-10
3.129727e+01 5.263151e-02 1.134197e-09
3.129727e+01 7.314235e-02 2.395060e-09
3.129727e+01 1.025928e-01 3.577802e-09
3.129727e+01 1.448116e-01 6.186447e-09
3.129727e+01 2.023460e-01 9.516597e-09
3.129727e+01 2.834245e-01 1.484073e-08
3.129727e+01 3.967448e-01 2.258629e-08
3.129727e+01 5.552783e-01 3.378094e-08
3.129727e+01 7.774819e-01 4.742743e-08
3.129727e+01 1.088445e+00 6.071417e-08
3.129727e+01 1.523711e+00 7.067029e-08
3.129727e+01 2.088426e+00 7.213449e-08
3.129727e+01 2.685505e+00 5.940970e-08
3.194322e+01 1.570796e-02 8.703227e-11
3.194322e+01 2.346256e-02 2.233515e-10
3.194322e+01 3.503514e-02 4.485367e-10
3.194322e+01 5.263151e-02 9.154406e-10
3.194322e+01 7.314235e-02 1.934919e-09
3.194322e+01 1.025928e-01 2.893270e-09
3.194322e+01 1.448116e-01 5.008209e-09
3.194322e+01 2.023460e-01 7.738882e-09
3.194322e+01 2.834245e-01 1.211560e-08
3.194322e+01 3.967448e-01 1.849105e-08
3.194322e+01 5.552783e-01 2.773204e-08
3.194322e+01 7.774819e-01 3.914567e-08
3.194322e+01 1.088445e+00 5.076134e-08
3.194322e+01 1.523711e+00 6.070676e-08
3.194322e+01 2.088426e+00 6.506742e-08
3.194322e+01 2.685505e+00 5.813629e-08
3.260208e+01 1.570796e-02 6.666306e-11
3.260208e+01 2.346256e-02 1.713463e-10
3.260208e+01 3.503514e-02 3.433483e-10
3.260208e+01 5.263151e-02 7.021464e-10
3.260208e+01 7.314235e-02 1.485446e-09
3.260208e+01 1.025928e-01 2.223189e-09
3.260208e+01 1.448116e-01 3.853379e-09
3.260208e+01 2.023460e-01 5.978712e-09
3.260208e+01 2.834245e-01 9.393666e-09
3.260208e+01 3.967448e-01 1.436530e-08
3.260208e+01 5.552783e-01 2.161073e-08
3.260208e+01 7.774819e-01 3.065888e-08
3.260208e+01 1.088445e+00 4.025115e-08
3.260208e+01 1.523711e+00 4.947570e-08
3.260208e+01 2.088426e+00 5.583740e-08
3.260208e+01 2.685505e+00 5.418538e-08
3.327412e+01 1.570796e-02 4.681559e-11
3.327412e+01 2.346256e-02 1.207631e-10
3.327412e+01 3.503514e-02 2.411302e-10
3.327412e+01 5.263151e-02 4.936379e-10
3.327412e+01 7.314235e-02 1.044925e-09
3.327412e+01 1.025928e-01 1.566466e-09
3.327412e+01 1.448116e-01 2.717435e-09
3.327412e+01 2.023460e-01 4.234647e-09
3.327412e+01 2.834245e-01 6.676425e-09
3.327412e+01 3.967448e-01 1.022761e-08
3.327412e+01 5.552783e-01 1.542858e-08
3.327412e+01 7.774819e-01 2.197999e-08
3.327412e+01 1.088445e+00 2.923224e-08
3.327412e+01 1.523711e+00 3.692207e-08
3.327412e+01 2.088426e+00 4.399909e-08
3.327412e+01 2.685505e+00 4.635860e-08
3.395961e+01 1.570796e-02 2.814260e-11
3.395961e+01 2.346256e-02 7.304305e-11
3.395961e+01 3.503514e-02 1.448388e-10
3.395961e+01 5.263151e-02 2.977308e-10
3.395961e+01 7.314235e-02 6.307434e-10
3.395961e+01 1.025928e-01 9.464837e-10
3.395961e+01 1.448116e-01 1.640988e-09
3.395961e+01 2.023460e-01 2.559761e-09
3.395961e+01 2.834245e-01 4.032927e-09
3.395961e+01 3.967448e-01 6.156716e-09
3.395961e+01 5.552783e-01 9.271138e-09
3.395961e+01 7.774819e-01 1.320645e-08
3.395961e+01 1.088445e+00 1.772710e-08
3.395961e+01 1.523711e+00 2.297047e-08
3.395961e+01 2.088426e+00 2.881509e-08
3.395961e+01 2.685505e+00 3.261975e-08
3.465880e+01 1.570796e-02 9.005020e-12
3.465880e+01 2.346256e-02 2.236462e-11
3.465880e+01 3.503514e-02 4.777178e-11
3.465880e+01 5.263151e-02 9.230253e-11
3.465880e+01 7.314235e-02 2.012292e-10
3.465880e+01 1.025928e-01 2.995757e-10
3.465880e+01 1.448116e-01 5.189049e-10
3.465880e+01 2.023460e-01 8.207706e-10
3.465880e+01 2.834245e-01 1.304654e-09
3.465880e+01 3.967448e-01 2.003401e-09
3.465880e+01 5.552783e-01 3.026934e-09
3.465880e+01 7.774819e-01 4.334907e-09
3.465880e+01 1.088445e+00 5.877630e-09
3.465880e+01 1.523711e+00 7.785664e-09
3.465880e+01 2.088426e+00 1.022498e-08
3.465880e+01 2.685505e+00 1.236034e-08
3.537197e+01 1.570796e-02 0.000000e+00
3.537197e+01 2.346256e-02 0.000000e+00
3.537197e+01 3.503514e-02 0.000000e+00
3.537197e+01 5.263151e-02 0.000000e+00
3.537197e+01 7.314235e-02 0.000000e+00
3.537197e+01 1.025928e-01 0.000000e+00
3.537197e+01 1.448116e-01 0.000000e+00
3.537197e+01 2.023460e-01 0.000000e+00
3.537197e+01 2.834245e-01 0.000000e+00
3.537197e+01 3.967448e-01 0.000000e+00
3.537197e+01 5.552783e-01 0.000000e+00
3.537197e+01 7.774819e-01 0.000000e+00
3.537197e+01 1.088445e+00 0.000000e+00
3.537197e+01 1.523711e+00 0.000000e+00
3.537197e+01 2.088426e+00 0.000000e+00
3.537197e+01 2.685505e+00 0.000000e+00
