5.000000e+00 1.570796e-02 0.000000e+00
5.000000e+00 2.346256e-02 0.000000e+00
5.000000e+00 3.503514e-02 0.000000e+00
5.000000e+00 5.263151e-02 0.000000e+00
5.000000e+00 7.314235e-02 0.000000e+00
5.000000e+00 1.025928e-01 0.000000e+00
5.000000e+00 1.448116e-01 0.000000e+00
5.000000e+00 2.023460e-01 0.000000e+00
5.000000e+00 2.834245e-01 0.000000e+00
5.000000e+00 3.967448e-01 0.000000e+00
5.000000e+00 5.552783e-01 0.000000e+00
5.000000e+00 7.774819e-01 0.000000e+00
5.000000e+00 1.088445e+00 0.000000e+00
5.000000e+00 1.523711e+00 0.000000e+00
5.000000e+00 2.088426e+00 0.000000e+00
5.000000e+00 2.685505e+00 0.000000e+00
5.120000e+00 1.570796e-02 0.000000e+00
5.120000e+00 2.346256e-02 0.000000e+00
5.120000e+00 3.503514e-02 0.000000e+00
5.120000e+00 5.263151e-02 0.000000e+00
5.120000e+00 7.314235e-02 0.000000e+00
5.120000e+00 1.025928e-01 0.000000e+00
5.120000e+00 1.448116e-01 0.000000e+00
5.120000e+00 2.023460e-01 0.000000e+00
5.120000e+00 2.834245e-01 0.000000e+00
5.120000e+00 3.967448e-01 0.000000e+00
5.120000e+00 5.552783e-01 0.000000e+00
5.120000e+00 7.774819e-01 0.000000e+00
5.120000e+00 1.088445e+00 0.000000e+00
5.120000e+00 1.523711e+00 0.000000e+00
5.120000e+00 2.088426e+00 0.000000e+00
5.120000e+00 2.685505e+00 0.000000e+00
5.242400e+00 1.570796e-02 0.000000e+00
5.242400e+00 2.346256e-02 0.000000e+00
5.242400e+00 3.503514e-02 0.000000e+00
5.242400e+00 5.263151e-02 0.000000e+00
5.242400e+00 7.314235e-02 0.000000e+00
5.242400e+00 1.025928e-01 0.000000e+00
5.242400e+00 1.448116e-01 0.000000e+00
5.242400e+00 2.023460e-01 0.000000e+00
5.242400e+00 2.834245e-01 0.000000e+00
5.242400e+00 3.967448e-01 0.000000e+00
5.242400e+00 5.552783e-01 0.000000e+00
5.242400e+00 7.774819e-01 0.000000e+00
5.242400e+00 1.088445e+00 0.000000e+00
5.242400e+00 1.523711e+00 0.000000e+00
5.242400e+00 2.088426e+00 0.000000e+00
5.242400e+00 2.685505e+00 0.000000e+00
5.367248e+00 1.570796e-02 0.000000e+00
5.367248e+00 2.346256e-02 0.000000e+00
5.367248e+00 3.503514e-02 0.000000e+00
5.367248e+00 5.263151e-02 0.000000e+00
5.367248e+00 7.314235e-02 0.000000e+00
5.367248e+00 1.025928e-01 0.000000e+00
5.367248e+00 1.448116e-01 0.000000e+00
5.367248e+00 2.023460e-01 0.000000e+00
5.367248e+00 2.834245e-01 0.000000e+00
5.367248e+00 3.967448e-01 0.000000e+00
5.367248e+00 5.552783e-01 0.000000e+00
5.367248e+00 7.774819e-01 0.000000e+00
5.367248e+00 1.088445e+00 0.000000e+00
5.367248e+00 1.523711e+00 0.000000e+00
5.367248e+00 2.088426e+00 0.000000e+00
5.367248e+00 2.685505e+00 0.000000e+00
5.494593e+00 1.570796e-02 0.000000e+00
5.494593e+00 2.346256e-02 0.000000e+00
5.494593e+00 3.503514e-02 0.000000e+00
5.494593e+00 5.263151e-02 0.000000e+00
5.494593e+00 7.314235e-02 0.000000e+00
5.494593e+00 1.025928e-01 0.000000e+00
5.494593e+00 1.448116e-01 0.000000e+00
5.494593e+00 2.023460e-01 0.000000e+00
5.494593e+00 2.834245e-01 0.000000e+00
5.494593e+00 3.967448e-01 0.000000e+00
5.494593e+00 5.552783e-01 0.000000e+00
5.494593e+00 7.774819e-01 0.000000e+00
5.494593e+00 1.088445e+00 0.000000e+00
5.494593e+00 1.523711e+00 0.000000e+00
5.494593e+00 2.088426e+00 0.000000e+00
5.494593e+00 2.685505e+00 0.000000e+00
5.624485e+00 1.570796e-02 0.000000e+00
5.624485e+00 2.346256e-02 0.000000e+00
5.624485e+00 3.503514e-02 0.000000e+00
5.624485e+00 5.263151e-02 0.000000e+00
5.624485e+00 7.314235e-02 0.000000e+00
5.624485e+00 1.025928e-01 0.000000e+00
5.624485e+00 1.448116e-01 0.000000e+00
5.624485e+00 2.023460e-01 0.000000e+00
5.624485e+00 2.834245e-01 0.000000e+00
5.624485e+00 3.967448e-01 0.000000e+00
5.624485e+00 5.552783e-01 0.000000e+00
5.624485e+00 7.774819e-01 0.000000e+00
5.624485e+00 1.088445e+00 0.000000e+00
5.624485e+00 1.523711e+00 0.000000e+00
5.624485e+00 2.088426e+00 0.000000e+00
5.624485e+00 2.685505e+00 0.000000e+00
5.756975e+00 1.570796e-02 0.000000e+00
5.756975e+00 2.346256e-02 0.000000e+00
5.756975e+00 3.503514e-02 0.000000e+00
5.756975e+00 5.263151e-02 0.000000e+00
5.756975e+00 7.314235e-02 0.000000e+00
5.756975e+00 1.025928e-01 0.000000e+00
5.756975e+00 1.448116e-01 0.000000e+00
5.756975e+00 2.023460e-01 0.000000e+00
5.756975e+00 2.834245e-01 0.000000e+00
5.756975e+00 3.967448e-01 0.000000e+00
5.756975e+00 5.552783e-01 0.000000e+00
5.756975e+00 7.774819e-01 0.000000e+00
5.756975e+00 1.088445e+00 0.000000e+00
5.756975e+00 1.523711e+00 0.000000e+00
5.756975e+00 2.088426e+00 0.000000e+00
5.756975e+00 2.685505e+00 0.000000e+00
5.892114e+00 1.570796e-02 0.000000e+00
5.892114e+00 2.346256e-02 0.000000e+00
5.892114e+00 3.503514e-02 0.000000e+00
5.892114e+00 5.263151e-02 0.000000e+00
5.892114e+00 7.314235e-02 0.000000e+00
5.892114e+00 1.025928e-01 0.000000e+00
5.892114e+00 1.448116e-01 0.000000e+00
5.892114e+00 2.023460e-01 0.000000e+00
5.892114e+00 2.834245e-01 0.000000e+00
5.892114e+00 3.967448e-01 0.000000e+00
5.892114e+00 5.552783e-01 0.000000e+00
5.892114e+00 7.774819e-01 0.000000e+00
5.892114e+00 1.088445e+00 0.000000e+00
5.892114e+00 1.523711e+00 0.000000e+00
5.892114e+00 2.088426e+00 0.000000e+00
5.892114e+00 2.685505e+00 0.000000e+00
6.029956e+00 1.570796e-02 -2.612129e-08
6.029956e+00 2.346256e-02 -1.831590e-08
6.029956e+00 3.503514e-02 -4.400869e-08
6.029956e+00 5.263151e-02 -1.351520e-08
6.029956e+00 7.314235e-02 -9.795060e-09
6.029956e+00 1.025928e-01 -2.694446e-08
6.029956e+00 1.448116e-01 5.043405e-08
6.029956e+00 2.023460e-01 -3.285994e-08
6.029956e+00 2.834245e-01 2.387267e-08
6.029956e+00 3.967448e-01 1.033190e-07
6.029956e+00 5.552783e-01 -1.508601e-07
6.029956e+00 7.774819e-01 -1.354488e-08
6.029956e+00 1.088445e+00 2.339988e-09
6.029956e+00 1.523711e+00 -6.829411e-08
6.029956e+00 2.088426e+00 -6.666729e-08
6.029956e+00 2.685505e+00 -1.652484e-07
6.170555e+00 1.570796e-02 -5.562160e-05
6.170555e+00 2.346256e-02 -3.943343e-05
6.170555e+00 3.503514e-02 -6.751167e-05
6.170555e+00 5.263151e-02 -4.391181e-05
6.170555e+00 7.314235e-02 -1.149769e-04
6.170555e+00 1.025928e-01 -2.104455e-05
6.170555e+00 1.448116e-01 -1.181698e-04
6.170555e+00 2.023460e-01 -6.392312e-05
6.170555e+00 2.834245e-01 -8.556702e-05
6.170555e+00 3.967448e-01 -3.801795e-05
6.170555e+00 5.552783e-01 -4.677194e-05
6.170555e+00 7.774819e-01 -5.370825e-05
6.170555e+00 1.088445e+00 -4.419217e-05
6.170555e+00 1.523711e+00 -3.988957e-05
6.170555e+00 2.088426e+00 -4.708673e-05
6.170555e+00 2.685505e+00 -5.009482e-05
6.313967e+00 1.570796e-02 -1.879290e-04
6.313967e+00 2.346256e-02 -1.543754e-04
6.313967e+00 3.503514e-02 -2.423101e-04
6.313967e+00 5.263151e-02 -3.652900e-04
6.313967e+00 7.314235e-02 -4.714800e-04
6.313967e+00 1.025928e-01 -2.987477e-04
6.313967e+00 1.448116e-01 -3.715647e-04
6.313967e+00 2.023460e-01 -4.120690e-04
6.313967e+00 2.834245e-01 -4.993929e-04
6.313967e+00 3.967448e-01 -3.236344e-04
6.313967e+00 5.552783e-01 -3.005513e-04
6.313967e+00 7.774819e-01 -2.737170e-04
6.313967e+00 1.088445e+00 -2.404424e-04
6.313967e+00 1.523711e+00 -2.317090e-04
6.313967e+00 2.088426e+00 -2.595983e-04
6.313967e+00 2.685505e+00 -2.627315e-04
6.460246e+00 1.570796e-02 -4.283341e-04
6.460246e+00 2.346256e-02 -4.569676e-04
6.460246e+00 3.503514e-02 -7.530274e-04
6.460246e+00 5.263151e-02 -1.273127e-03
6.460246e+00 7.314235e-02 -1.759858e-03
6.460246e+00 1.025928e-01 -1.405864e-03
6.460246e+00 1.448116e-01 -1.780991e-03
6.460246e+00 2.023460e-01 -1.655496e-03
6.460246e+00 2.834245e-01 -1.697705e-03
6.460246e+00 3.967448e-01 -1.301588e-03
6.460246e+00 5.552783e-01 -1.144371e-03
6.460246e+00 7.774819e-01 -1.046020e-03
6.460246e+00 1.088445e+00 -9.106638e-04
6.460246e+00 1.523711e+00 -8.772713e-04
6.460246e+00 2.088426e+00 -9.698903e-04
6.460246e+00 2.685505e+00 -1.015198e-03
6.609451e+00 1.570796e-02 -6.384103e-04
6.609451e+00 2.346256e-02 -1.074164e-03
6.609451e+00 3.503514e-02 -1.668945e-03
6.609451e+00 5.263151e-02 -2.633057e-03
6.609451e+00 7.314235e-02 -4.341312e-03
6.609451e+00 1.025928e-01 -3.151108e-03
6.609451e+00 1.448116e-01 -3.970409e-03
6.609451e+00 2.023460e-01 -3.969992e-03
6.609451e+00 2.834245e-01 -3.906273e-03
6.609451e+00 3.967448e-01 -3.230183e-03
6.609451e+00 5.552783e-01 -2.951263e-03
6.609451e+00 7.774819e-01 -2.549230e-03
6.609451e+00 1.088445e+00 -2.225357e-03
6.609451e+00 1.523711e+00 -2.125755e-03
6.609451e+00 2.088426e+00 -2.305843e-03
6.609451e+00 2.685505e+00 -2.388383e-03
6.761640e+00 1.570796e-02 -7.114089e-04
6.761640e+00 2.346256e-02 -1.616067e-03
6.761640e+00 3.503514e-02 -2.887863e-03
6.761640e+00 5.263151e-02 -4.245861e-03
6.761640e+00 7.314235e-02 -7.175800e-03
6.761640e+00 1.025928e-01 -6.056799e-03
6.761640e+00 1.448116e-01 -7.043235e-03
6.761640e+00 2.023460e-01 -7.457767e-03
6.761640e+00 2.834245e-01 -7.048713e-03
6.761640e+00 3.967448e-01 -6.139519e-03
6.761640e+00 5.552783e-01 -5.567135e-03
6.761640e+00 7.774819e-01 -4.803617e-03
6.761640e+00 1.088445e+00 -4.105891e-03
6.761640e+00 1.523711e+00 -3.900792e-03
6.761640e+00 2.088426e+00 -4.172306e-03
6.761640e+00 2.685505e+00 -4.285748e-03
6.916873e+00 1.570796e-02 -7.830101e-04
6.916873e+00 2.346256e-02 -2.005702e-03
6.916873e+00 3.503514e-02 -3.797472e-03
6.916873e+00 5.263151e-02 -5.822438e-03
6.916873e+00 7.314235e-02 -9.971342e-03
6.916873e+00 1.025928e-01 -9.486990e-03
6.916873e+00 1.448116e-01 -1.142387e-02
6.916873e+00 2.023460e-01 -1.177775e-02
6.916873e+00 2.834245e-01 -1.163837e-02
6.916873e+00 3.967448e-01 -9.972574e-03
6.916873e+00 5.552783e-01 -9.053621e-03
6.916873e+00 7.774819e-01 -7.825383e-03
6.916873e+00 1.088445e+00 -6.639145e-03
6.916873e+00 1.523711e+00 -6.180514e-03
6.916873e+00 2.088426e+00 -6.553799e-03
6.916873e+00 2.685505e+00 -6.733207e-03
7.075210e+00 1.570796e-02 -8.099606e-04
7.075210e+00 2.346256e-02 -2.092617e-03
7.075210e+00 3.503514e-02 -4.323980e-03
7.075210e+00 5.263151e-02 -7.149525e-03
7.075210e+00 7.314235e-02 -1.243596e-02
7.075210e+00 1.025928e-01 -1.322344e-02
7.075210e+00 1.448116e-01 -1.601766e-02
7.075210e+00 2.023460e-01 -1.658629e-02
7.075210e+00 2.834245e-01 -1.655476e-02
7.075210e+00 3.967448e-01 -1.453431e-02
7.075210e+00 5.552783e-01 -1.330278e-02
7.075210e+00 7.774819e-01 -1.144100e-02
7.075210e+00 1.088445e+00 -9.688135e-03
7.075210e+00 1.523711e+00 -8.903681e-03
7.075210e+00 2.088426e+00 -9.335886e-03
7.075210e+00 2.685505e+00 -9.431576e-03
7.236714e+00 1.570796e-02 -8.430697e-04
7.236714e+00 2.346256e-02 -2.039780e-03
7.236714e+00 3.503514e-02 -4.526913e-03
7.236714e+00 5.263151e-02 -7.927181e-03
7.236714e+00 7.314235e-02 -1.396318e-02
7.236714e+00 1.025928e-01 -1.610600e-02
7.236714e+00 1.448116e-01 -2.032934e-02
7.236714e+00 2.023460e-01 -2.135118e-02
7.236714e+00 2.834245e-01 -2.142439e-02
7.236714e+00 3.967448e-01 -1.935753e-02
7.236714e+00 5.552783e-01 -1.772820e-02
7.236714e+00 7.774819e-01 -1.529664e-02
7.236714e+00 1.088445e+00 -1.292348e-02
7.236714e+00 1.523711e+00 -1.174184e-02
7.236714e+00 2.088426e+00 -1.218162e-02
7.236714e+00 2.685505e+00 -1.226147e-02
7.401449e+00 1.570796e-02 -8.260054e-04
7.401449e+00 2.346256e-02 -1.943756e-03
7.401449e+00 3.503514e-02 -4.418131e-03
7.401449e+00 5.263151e-02 -8.040801e-03
7.401449e+00 7.314235e-02 -1.479139e-02
7.401449e+00 1.025928e-01 -1.830666e-02
7.401449e+00 1.448116e-01 -2.425344e-02
7.401449e+00 2.023460e-01 -2.574455e-02
7.401449e+00 2.834245e-01 -2.601035e-02
7.401449e+00 3.967448e-01 -2.411912e-02
7.401449e+00 5.552783e-01 -2.217128e-02
7.401449e+00 7.774819e-01 -1.920086e-02
7.401449e+00 1.088445e+00 -1.622171e-02
7.401449e+00 1.523711e+00 -1.468151e-02
7.401449e+00 2.088426e+00 -1.503095e-02
7.401449e+00 2.685505e+00 -1.510291e-02
7.569477e+00 1.570796e-02 -7.705903e-04
7.569477e+00 2.346256e-02 -1.847952e-03
7.569477e+00 3.503514e-02 -4.186280e-03
7.569477e+00 5.263151e-02 -7.892050e-03
7.569477e+00 7.314235e-02 -1.493587e-02
7.569477e+00 1.025928e-01 -1.953662e-02
7.569477e+00 1.448116e-01 -2.664538e-02
7.569477e+00 2.023460e-01 -2.920993e-02
7.569477e+00 2.834245e-01 -3.004869e-02
7.569477e+00 3.967448e-01 -2.839734e-02
7.569477e+00 5.552783e-01 -2.627328e-02
7.569477e+00 7.774819e-01 -2.279830e-02
7.569477e+00 1.088445e+00 -1.929822e-02
7.569477e+00 1.523711e+00 -1.730506e-02
7.569477e+00 2.088426e+00 -1.750788e-02
7.569477e+00 2.685505e+00 -1.718476e-02
7.740867e+00 1.570796e-02 -7.038549e-04
7.740867e+00 2.346256e-02 -1.703830e-03
7.740867e+00 3.503514e-02 -3.953606e-03
7.740867e+00 5.263151e-02 -7.582717e-03
7.740867e+00 7.314235e-02 -1.456199e-02
7.740867e+00 1.025928e-01 -1.993171e-02
7.740867e+00 1.448116e-01 -2.803024e-02
7.740867e+00 2.023460e-01 -3.165882e-02
7.740867e+00 2.834245e-01 -3.318462e-02
7.740867e+00 3.967448e-01 -3.188255e-02
7.740867e+00 5.552783e-01 -2.980332e-02
7.740867e+00 7.774819e-01 -2.606754e-02
7.740867e+00 1.088445e+00 -2.204881e-02
7.740867e+00 1.523711e+00 -1.959242e-02
7.740867e+00 2.088426e+00 -1.961031e-02
7.740867e+00 2.685505e+00 -1.907400e-02
7.915684e+00 1.570796e-02 -6.431179e-04
7.915684e+00 2.346256e-02 -1.582444e-03
7.915684e+00 3.503514e-02 -3.615923e-03
7.915684e+00 5.263151e-02 -7.083552e-03
7.915684e+00 7.314235e-02 -1.377235e-02
7.915684e+00 1.025928e-01 -1.960847e-02
7.915684e+00 1.448116e-01 -2.842468e-02
7.915684e+00 2.023460e-01 -3.300567e-02
7.915684e+00 2.834245e-01 -3.531405e-02
7.915684e+00 3.967448e-01 -3.473721e-02
7.915684e+00 5.552783e-01 -3.277607e-02
7.915684e+00 7.774819e-01 -2.887704e-02
7.915684e+00 1.088445e+00 -2.446047e-02
7.915684e+00 1.523711e+00 -2.161163e-02
7.915684e+00 2.088426e+00 -2.143657e-02
7.915684e+00 2.685505e+00 -2.061666e-02
8.093998e+00 1.570796e-02 -5.941156e-04
8.093998e+00 2.346256e-02 -1.476030e-03
8.093998e+00 3.503514e-02 -3.248909e-03
8.093998e+00 5.263151e-02 -6.523646e-03
8.093998e+00 7.314235e-02 -1.288555e-02
8.093998e+00 1.025928e-01 -1.874808e-02
8.093998e+00 1.448116e-01 -2.810415e-02
8.093998e+00 2.023460e-01 -3.346974e-02
8.093998e+00 2.834245e-01 -3.672103e-02
8.093998e+00 3.967448e-01 -3.686075e-02
8.093998e+00 5.552783e-01 -3.518862e-02
8.093998e+00 7.774819e-01 -3.125880e-02
8.093998e+00 1.088445e+00 -2.650043e-02
8.093998e+00 1.523711e+00 -2.337964e-02
8.093998e+00 2.088426e+00 -2.299441e-02
8.093998e+00 2.685505e+00 -2.189583e-02
8.275878e+00 1.570796e-02 -5.447113e-04
8.275878e+00 2.346256e-02 -1.354329e-03
8.275878e+00 3.503514e-02 -2.891512e-03
8.275878e+00 5.263151e-02 -5.955800e-03
8.275878e+00 7.314235e-02 -1.187833e-02
8.275878e+00 1.025928e-01 -1.765174e-02
8.275878e+00 1.448116e-01 -2.710659e-02
8.275878e+00 2.023460e-01 -3.318059e-02
8.275878e+00 2.834245e-01 -3.731635e-02
8.275878e+00 3.967448e-01 -3.812771e-02
8.275878e+00 5.552783e-01 -3.684221e-02
8.275878e+00 7.774819e-01 -3.309518e-02
8.275878e+00 1.088445e+00 -2.814117e-02
8.275878e+00 1.523711e+00 -2.482561e-02
8.275878e+00 2.088426e+00 -2.427610e-02
8.275878e+00 2.685505e+00 -2.286869e-02
8.461396e+00 1.570796e-02 -4.983800e-04
8.461396e+00 2.346256e-02 -1.247061e-03
8.461396e+00 3.503514e-02 -2.594264e-03
8.461396e+00 5.263151e-02 -5.415833e-03
8.461396e+00 7.314235e-02 -1.086478e-02
8.461396e+00 1.025928e-01 -1.638968e-02
8.461396e+00 1.448116e-01 -2.562107e-02
8.461396e+00 2.023460e-01 -3.219971e-02
8.461396e+00 2.834245e-01 -3.711695e-02
8.461396e+00 3.967448e-01 -3.867801e-02
8.461396e+00 5.552783e-01 -3.795957e-02
8.461396e+00 7.774819e-01 -3.439665e-02
8.461396e+00 1.088445e+00 -2.941386e-02
8.461396e+00 1.523711e+00 -2.589168e-02
8.461396e+00 2.088426e+00 -2.524724e-02
8.461396e+00 2.685505e+00 -2.361579e-02
8.650623e+00 1.570796e-02 -4.503255e-04
8.650623e+00 2.346256e-02 -1.142236e-03
8.650623e+00 3.503514e-02 -2.344610e-03
8.650623e+00 5.263151e-02 -4.913752e-03
8.650623e+00 7.314235e-02 -9.866280e-03
8.650623e+00 1.025928e-01 -1.498161e-02
8.650623e+00 1.448116e-01 -2.381587e-02
8.650623e+00 2.023460e-01 -3.071294e-02
8.650623e+00 2.834245e-01 -3.633091e-02
8.650623e+00 3.967448e-01 -3.864388e-02
8.650623e+00 5.552783e-01 -3.845584e-02
8.650623e+00 7.774819e-01 -3.520504e-02
8.650623e+00 1.088445e+00 -3.032133e-02
8.650623e+00 1.523711e+00 -2.671884e-02
8.650623e+00 2.088426e+00 -2.597688e-02
8.650623e+00 2.685505e+00 -2.406144e-02
8.843636e+00 1.570796e-02 -3.999876e-04
8.843636e+00 2.346256e-02 -1.039748e-03
8.843636e+00 3.503514e-02 -2.116348e-03
8.843636e+00 5.263151e-02 -4.446672e-03
8.843636e+00 7.314235e-02 -8.898899e-03
8.843636e+00 1.025928e-01 -1.355815e-02
8.843636e+00 1.448116e-01 -2.187320e-02
8.843636e+00 2.023460e-01 -2.889071e-02
8.843636e+00 2.834245e-01 -3.505605e-02
8.843636e+00 3.967448e-01 -3.810970e-02
8.843636e+00 5.552783e-01 -3.843821e-02
8.843636e+00 7.774819e-01 -3.557263e-02
8.843636e+00 1.088445e+00 -3.089091e-02
8.843636e+00 1.523711e+00 -2.729175e-02
8.843636e+00 2.088426e+00 -2.647396e-02
8.843636e+00 2.685505e+00 -2.438747e-02
9.040509e+00 1.570796e-02 -3.546539e-04
9.040509e+00 2.346256e-02 -9.467920e-04
9.040509e+00 3.503514e-02 -1.895249e-03
9.040509e+00 5.263151e-02 -3.998152e-03
9.040509e+00 7.314235e-02 -8.017345e-03
9.040509e+00 1.025928e-01 -1.220724e-02
9.040509e+00 1.448116e-01 -1.994356e-02
9.040509e+00 2.023460e-01 -2.687259e-02
9.040509e+00 2.834245e-01 -3.338608e-02
9.040509e+00 3.967448e-01 -3.705685e-02
9.040509e+00 5.552783e-01 -3.789622e-02
9.040509e+00 7.774819e-01 -3.547955e-02
9.040509e+00 1.088445e+00 -3.111336e-02
9.040509e+00 1.523711e+00 -2.756970e-02
9.040509e+00 2.088426e+00 -2.668060e-02
9.040509e+00 2.685505e+00 -2.454065e-02
9.241319e+00 1.570796e-02 -3.110532e-04
9.241319e+00 2.346256e-02 -8.633354e-04
9.241319e+00 3.503514e-02 -1.702896e-03
9.241319e+00 5.263151e-02 -3.579534e-03
9.241319e+00 7.314235e-02 -7.180854e-03
9.241319e+00 1.025928e-01 -1.094963e-02
9.241319e+00 1.448116e-01 -1.807128e-02
9.241319e+00 2.023460e-01 -2.476306e-02
9.241319e+00 2.834245e-01 -3.141769e-02
9.241319e+00 3.967448e-01 -3.559040e-02
9.241319e+00 5.552783e-01 -3.691136e-02
9.241319e+00 7.774819e-01 -3.501146e-02
9.241319e+00 1.088445e+00 -3.097505e-02
9.241319e+00 1.523711e+00 -2.764679e-02
9.241319e+00 2.088426e+00 -2.666990e-02
9.241319e+00 2.685505e+00 -2.433644e-02
9.446145e+00 1.570796e-02 -2.756302e-04
9.446145e+00 2.346256e-02 -7.806832e-04
9.446145e+00 3.503514e-02 -1.526354e-03
9.446145e+00 5.263151e-02 -3.202599e-03
9.446145e+00 7.314235e-02 -6.430225e-03
9.446145e+00 1.025928e-01 -9.790747e-03
9.446145e+00 1.448116e-01 -1.627524e-02
9.446145e+00 2.023460e-01 -2.265254e-02
9.446145e+00 2.834245e-01 -2.926924e-02
9.446145e+00 3.967448e-01 -3.378365e-02
9.446145e+00 5.552783e-01 -3.559664e-02
9.446145e+00 7.774819e-01 -3.423802e-02
9.446145e+00 1.088445e+00 -3.055587e-02
9.446145e+00 1.523711e+00 -2.748353e-02
9.446145e+00 2.088426e+00 -2.658150e-02
9.446145e+00 2.685505e+00 -2.408203e-02
9.655068e+00 1.570796e-02 -2.442188e-04
9.655068e+00 2.346256e-02 -7.024351e-04
9.655068e+00 3.503514e-02 -1.371522e-03
9.655068e+00 5.263151e-02 -2.852778e-03
9.655068e+00 7.314235e-02 -5.725836e-03
9.655068e+00 1.025928e-01 -8.738102e-03
9.655068e+00 1.448116e-01 -1.458123e-02
9.655068e+00 2.023460e-01 -2.053185e-02
9.655068e+00 2.834245e-01 -2.696415e-02
9.655068e+00 3.967448e-01 -3.168371e-02
9.655068e+00 5.552783e-01 -3.394337e-02
9.655068e+00 7.774819e-01 -3.307480e-02
9.655068e+00 1.088445e+00 -2.982283e-02
9.655068e+00 1.523711e+00 -2.709219e-02
9.655068e+00 2.088426e+00 -2.626746e-02
9.655068e+00 2.685505e+00 -2.378075e-02
9.868170e+00 1.570796e-02 -2.174098e-04
9.868170e+00 2.346256e-02 -6.235555e-04
9.868170e+00 3.503514e-02 -1.224725e-03
9.868170e+00 5.263151e-02 -2.539992e-03
9.868170e+00 7.314235e-02 -5.096936e-03
9.868170e+00 1.025928e-01 -7.791563e-03
9.868170e+00 1.448116e-01 -1.300910e-02
9.868170e+00 2.023460e-01 -1.847473e-02
9.868170e+00 2.834245e-01 -2.460821e-02
9.868170e+00 3.967448e-01 -2.942762e-02
9.868170e+00 5.552783e-01 -3.202807e-02
9.868170e+00 7.774819e-01 -3.163797e-02
9.868170e+00 1.088445e+00 -2.890791e-02
9.868170e+00 1.523711e+00 -2.650047e-02
9.868170e+00 2.088426e+00 -2.572880e-02
9.868170e+00 2.685505e+00 -2.318754e-02
1.008553e+01 1.570796e-02 -1.920873e-04
1.008553e+01 2.346256e-02 -5.574979e-04
1.008553e+01 3.503514e-02 -1.093825e-03
1.008553e+01 5.263151e-02 -2.254558e-03
1.008553e+01 7.314235e-02 -4.528858e-03
1.008553e+01 1.025928e-01 -6.938245e-03
1.008553e+01 1.448116e-01 -1.158152e-02
1.008553e+01 2.023460e-01 -1.653226e-02
1.008553e+01 2.834245e-01 -2.228808e-02
1.008553e+01 3.967448e-01 -2.705753e-02
1.008553e+01 5.552783e-01 -2.996603e-02
1.008553e+01 7.774819e-01 -2.999121e-02
1.008553e+01 1.088445e+00 -2.778582e-02
1.008553e+01 1.523711e+00 -2.573320e-02
1.008553e+01 2.088426e+00 -2.507974e-02
1.008553e+01 2.685505e+00 -2.254288e-02
1.030724e+01 1.570796e-02 -1.704923e-04
1.030724e+01 2.346256e-02 -4.940472e-04
1.030724e+01 3.503514e-02 -9.724686e-04
1.030724e+01 5.263151e-02 -1.993781e-03
1.030724e+01 7.314235e-02 -3.999415e-03
1.030724e+01 1.025928e-01 -6.143333e-03
1.030724e+01 1.448116e-01 -1.026312e-02
1.030724e+01 2.023460e-01 -1.469652e-02
1.030724e+01 2.834245e-01 -2.003921e-02
1.030724e+01 3.967448e-01 -2.468342e-02
1.030724e+01 5.552783e-01 -2.777481e-02
1.030724e+01 7.774819e-01 -2.821798e-02
1.030724e+01 1.088445e+00 -2.649409e-02
1.030724e+01 1.523711e+00 -2.482816e-02
1.030724e+01 2.088426e+00 -2.430333e-02
1.030724e+01 2.685505e+00 -2.172807e-02
1.053339e+01 1.570796e-02 -1.510191e-04
1.053339e+01 2.346256e-02 -4.331234e-04
1.053339e+01 3.503514e-02 -8.639297e-04
1.053339e+01 5.263151e-02 -1.754950e-03
1.053339e+01 7.314235e-02 -3.522830e-03
1.053339e+01 1.025928e-01 -5.419511e-03
1.053339e+01 1.448116e-01 -9.048268e-03
1.053339e+01 2.023460e-01 -1.301639e-02
1.053339e+01 2.834245e-01 -1.790689e-02
1.053339e+01 3.967448e-01 -2.234295e-02
1.053339e+01 5.552783e-01 -2.551454e-02
1.053339e+01 7.774819e-01 -2.630545e-02
1.053339e+01 1.088445e+00 -2.508573e-02
1.053339e+01 1.523711e+00 -2.376119e-02
1.053339e+01 2.088426e+00 -2.338339e-02
1.053339e+01 2.685505e+00 -2.076364e-02
1.076406e+01 1.570796e-02 -1.334088e-04
1.076406e+01 2.346256e-02 -3.794453e-04
1.076406e+01 3.503514e-02 -7.613314e-04
1.076406e+01 5.263151e-02 -1.538430e-03
1.076406e+01 7.314235e-02 -3.099091e-03
1.076406e+01 1.025928e-01 -4.762210e-03
1.076406e+01 1.448116e-01 -7.952021e-03
1.076406e+01 2.023460e-01 -1.145894e-02
1.076406e+01 2.834245e-01 -1.591184e-02
1.076406e+01 3.967448e-01 -2.009740e-02
1.076406e+01 5.552783e-01 -2.328343e-02
1.076406e+01 7.774819e-01 -2.435092e-02
1.076406e+01 1.088445e+00 -2.356082e-02
1.076406e+01 1.523711e+00 -2.262622e-02
1.076406e+01 2.088426e+00 -2.236805e-02
1.076406e+01 2.685505e+00 -1.978772e-02
1.099934e+01 1.570796e-02 -1.177918e-04
1.099934e+01 2.346256e-02 -3.295497e-04
1.099934e+01 3.503514e-02 -6.653175e-04
1.099934e+01 5.263151e-02 -1.347539e-03
1.099934e+01 7.314235e-02 -2.713996e-03
1.099934e+01 1.025928e-01 -4.164026e-03
1.099934e+01 1.448116e-01 -6.954736e-03
1.099934e+01 2.023460e-01 -1.004292e-02
1.099934e+01 2.834245e-01 -1.404590e-02
1.099934e+01 3.967448e-01 -1.795116e-02
1.099934e+01 5.552783e-01 -2.107403e-02
1.099934e+01 7.774819e-01 -2.237187e-02
1.099934e+01 1.088445e+00 -2.198778e-02
1.099934e+01 1.523711e+00 -2.141748e-02
1.099934e+01 2.088426e+00 -2.128891e-02
1.099934e+01 2.685505e+00 -1.883282e-02
1.123932e+01 1.570796e-02 -1.035585e-04
1.123932e+01 2.346256e-02 -2.838417e-04
1.123932e+01 3.503514e-02 -5.788625e-04
1.123932e+01 5.263151e-02 -1.175171e-03
1.123932e+01 7.314235e-02 -2.364066e-03
1.123932e+01 1.025928e-01 -3.627017e-03
1.123932e+01 1.448116e-01 -6.056796e-03
1.123932e+01 2.023460e-01 -8.765357e-03
1.123932e+01 2.834245e-01 -1.232945e-02
1.123932e+01 3.967448e-01 -1.592815e-02
1.123932e+01 5.552783e-01 -1.893392e-02
1.123932e+01 7.774819e-01 -2.040609e-02
1.123932e+01 1.088445e+00 -2.035679e-02
1.123932e+01 1.523711e+00 -2.010633e-02
1.123932e+01 2.088426e+00 -2.015576e-02
1.123932e+01 2.685505e+00 -1.771896e-02
1.148411e+01 1.570796e-02 -9.008720e-05
1.148411e+01 2.346256e-02 -2.446380e-04
1.148411e+01 3.503514e-02 -5.032909e-04
1.148411e+01 5.263151e-02 -1.020896e-03
1.148411e+01 7.314235e-02 -2.052814e-03
1.148411e+01 1.025928e-01 -3.150085e-03
1.148411e+01 1.448116e-01 -5.248575e-03
1.148411e+01 2.023460e-01 -7.629647e-03
1.148411e+01 2.834245e-01 -1.077097e-02
1.148411e+01 3.967448e-01 -1.404294e-02
1.148411e+01 5.552783e-01 -1.689275e-02
1.148411e+01 7.774819e-01 -1.845105e-02
1.148411e+01 1.088445e+00 -1.868011e-02
1.148411e+01 1.523711e+00 -1.869741e-02
1.148411e+01 2.088426e+00 -1.882404e-02
1.148411e+01 2.685505e+00 -1.642918e-02
1.173379e+01 1.570796e-02 -7.819656e-05
1.173379e+01 2.346256e-02 -2.115380e-04
1.173379e+01 3.503514e-02 -4.344484e-04
1.173379e+01 5.263151e-02 -8.853019e-04
1.173379e+01 7.314235e-02 -1.771658e-03
1.173379e+01 1.025928e-01 -2.721414e-03
1.173379e+01 1.448116e-01 -4.522878e-03
1.173379e+01 2.023460e-01 -6.602869e-03
1.173379e+01 2.834245e-01 -9.350338e-03
1.173379e+01 3.967448e-01 -1.228095e-02
1.173379e+01 5.552783e-01 -1.493705e-02
1.173379e+01 7.774819e-01 -1.656045e-02
1.173379e+01 1.088445e+00 -1.700506e-02
1.173379e+01 1.523711e+00 -1.722971e-02
1.173379e+01 2.088426e+00 -1.750749e-02
1.173379e+01 2.685505e+00 -1.529188e-02
1.198847e+01 1.570796e-02 -6.712709e-05
1.198847e+01 2.346256e-02 -1.796215e-04
1.198847e+01 3.503514e-02 -3.751628e-04
1.198847e+01 5.263151e-02 -7.593430e-04
1.198847e+01 7.314235e-02 -1.520262e-03
1.198847e+01 1.025928e-01 -2.339911e-03
1.198847e+01 1.448116e-01 -3.880064e-03
1.198847e+01 2.023460e-01 -5.679072e-03
1.198847e+01 2.834245e-01 -8.075326e-03
1.198847e+01 3.967448e-01 -1.067055e-02
1.198847e+01 5.552783e-01 -1.309541e-02
1.198847e+01 7.774819e-01 -1.472514e-02
1.198847e+01 1.088445e+00 -1.537402e-02
1.198847e+01 1.523711e+00 -1.584770e-02
1.198847e+01 2.088426e+00 -1.625523e-02
1.198847e+01 2.685505e+00 -1.414184e-02
1.224824e+01 1.570796e-02 -5.751133e-05
1.224824e+01 2.346256e-02 -1.528116e-04
1.224824e+01 3.503514e-02 -3.208050e-04
1.224824e+01 5.263151e-02 -6.500044e-04
1.224824e+01 7.314235e-02 -1.296916e-03
1.224824e+01 1.025928e-01 -2.003523e-03
1.224824e+01 1.448116e-01 -3.320833e-03
1.224824e+01 2.023460e-01 -4.878349e-03
1.224824e+01 2.834245e-01 -6.940549e-03
1.224824e+01 3.967448e-01 -9.220022e-03
1.224824e+01 5.552783e-01 -1.142658e-02
1.224824e+01 7.774819e-01 -1.300974e-02
1.224824e+01 1.088445e+00 -1.381591e-02
1.224824e+01 1.523711e+00 -1.445693e-02
1.224824e+01 2.088426e+00 -1.495697e-02
1.224824e+01 2.685505e+00 -1.297924e-02
1.251320e+01 1.570796e-02 -4.948592e-05
1.251320e+01 2.346256e-02 -1.280723e-04
1.251320e+01 3.503514e-02 -2.726064e-04
1.251320e+01 5.263151e-02 -5.528586e-04
1.251320e+01 7.314235e-02 -1.102848e-03
1.251320e+01 1.025928e-01 -1.710042e-03
1.251320e+01 1.448116e-01 -2.826249e-03
1.251320e+01 2.023460e-01 -4.159165e-03
1.251320e+01 2.834245e-01 -5.928640e-03
1.251320e+01 3.967448e-01 -7.920966e-03
1.251320e+01 5.552783e-01 -9.886605e-03
1.251320e+01 7.774819e-01 -1.141464e-02
1.251320e+01 1.088445e+00 -1.229601e-02
1.251320e+01 1.523711e+00 -1.309515e-02
1.251320e+01 2.088426e+00 -1.367202e-02
1.251320e+01 2.685505e+00 -1.187234e-02
1.278347e+01 1.570796e-02 -4.180770e-05
1.278347e+01 2.346256e-02 -1.066906e-04
1.278347e+01 3.503514e-02 -2.305484e-04
1.278347e+01 5.263151e-02 -4.680213e-04
1.278347e+01 7.314235e-02 -9.304849e-04
1.278347e+01 1.025928e-01 -1.449732e-03
1.278347e+01 1.448116e-01 -2.388575e-03
1.278347e+01 2.023460e-01 -3.526038e-03
1.278347e+01 2.834245e-01 -5.029660e-03
1.278347e+01 3.967448e-01 -6.745697e-03
1.278347e+01 5.552783e-01 -8.486188e-03
1.278347e+01 7.774819e-01 -9.946196e-03
1.278347e+01 1.088445e+00 -1.088915e-02
1.278347e+01 1.523711e+00 -1.178254e-02
1.278347e+01 2.088426e+00 -1.241967e-02
1.278347e+01 2.685505e+00 -1.084783e-02
1.305914e+01 1.570796e-02 -3.524320e-05
1.305914e+01 2.346256e-02 -8.782483e-05
1.305914e+01 3.503514e-02 -1.938026e-04
1.305914e+01 5.263151e-02 -3.934863e-04
1.305914e+01 7.314235e-02 -7.844740e-04
1.305914e+01 1.025928e-01 -1.221448e-03
1.305914e+01 1.448116e-01 -2.005449e-03
1.305914e+01 2.023460e-01 -2.971341e-03
1.305914e+01 2.834245e-01 -4.249518e-03
1.305914e+01 3.967448e-01 -5.708652e-03
1.305914e+01 5.552783e-01 -7.244627e-03
1.305914e+01 7.774819e-01 -8.606725e-03
1.305914e+01 1.088445e+00 -9.572261e-03
1.305914e+01 1.523711e+00 -1.051130e-02
1.305914e+01 2.088426e+00 -1.120243e-02
1.305914e+01 2.685505e+00 -9.798463e-03
1.334032e+01 1.570796e-02 -2.971650e-05
1.334032e+01 2.346256e-02 -7.330565e-05
1.334032e+01 3.503514e-02 -1.625266e-04
1.334032e+01 5.263151e-02 -3.301084e-04
1.334032e+01 7.314235e-02 -6.568757e-04
1.334032e+01 1.025928e-01 -1.021180e-03
1.334032e+01 1.448116e-01 -1.680122e-03
1.334032e+01 2.023460e-01 -2.489371e-03
1.334032e+01 2.834245e-01 -3.570156e-03
1.334032e+01 3.967448e-01 -4.806762e-03
1.334032e+01 5.552783e-01 -6.140697e-03
1.334032e+01 7.774819e-01 -7.402105e-03
1.334032e+01 1.088445e+00 -8.364880e-03
1.334032e+01 1.523711e+00 -9.317055e-03
1.334032e+01 2.088426e+00 -1.003376e-02
1.334032e+01 2.685505e+00 -8.846289e-03
1.362713e+01 1.570796e-02 -2.468673e-05
1.362713e+01 2.346256e-02 -6.082377e-05
1.362713e+01 3.503514e-02 -1.354456e-04
1.362713e+01 5.263151e-02 -2.734316e-04
1.362713e+01 7.314235e-02 -5.459708e-04
1.362713e+01 1.025928e-01 -8.497838e-04
1.362713e+01 1.448116e-01 -1.396537e-03
1.362713e+01 2.023460e-01 -2.075659e-03
1.362713e+01 2.834245e-01 -2.973391e-03
1.362713e+01 3.967448e-01 -4.016115e-03
1.362713e+01 5.552783e-01 -5.166792e-03
1.362713e+01 7.774819e-01 -6.310154e-03
1.362713e+01 1.088445e+00 -7.241768e-03
1.362713e+01 1.523711e+00 -8.200582e-03
1.362713e+01 2.088426e+00 -8.929421e-03
1.362713e+01 2.685505e+00 -7.945251e-03
1.391967e+01 1.570796e-02 -2.050435e-05
1.391967e+01 2.346256e-02 -4.957171e-05
1.391967e+01 3.503514e-02 -1.111920e-04
1.391967e+01 5.263151e-02 -2.250448e-04
1.391967e+01 7.314235e-02 -4.507998e-04
1.391967e+01 1.025928e-01 -6.998636e-04
1.391967e+01 1.448116e-01 -1.151335e-03
1.391967e+01 2.023460e-01 -1.717247e-03
1.391967e+01 2.834245e-01 -2.463127e-03
1.391967e+01 3.967448e-01 -3.337389e-03
1.391967e+01 5.552783e-01 -4.320825e-03
1.391967e+01 7.774819e-01 -5.342944e-03
1.391967e+01 1.088445e+00 -6.241665e-03
1.391967e+01 1.523711e+00 -7.168079e-03
1.391967e+01 2.088426e+00 -7.915406e-03
1.391967e+01 2.685505e+00 -7.064022e-03
1.421806e+01 1.570796e-02 -1.699211e-05
1.421806e+01 2.346256e-02 -4.051249e-05
1.421806e+01 3.503514e-02 -9.142772e-05
1.421806e+01 5.263151e-02 -1.856977e-04
1.421806e+01 7.314235e-02 -3.689767e-04
1.421806e+01 1.025928e-01 -5.745865e-04
1.421806e+01 1.448116e-01 -9.471592e-04
1.421806e+01 2.023460e-01 -1.413441e-03
1.421806e+01 2.834245e-01 -2.027188e-03
1.421806e+01 3.967448e-01 -2.756177e-03
1.421806e+01 5.552783e-01 -3.593936e-03
1.421806e+01 7.774819e-01 -4.498491e-03
1.421806e+01 1.088445e+00 -5.343272e-03
1.421806e+01 1.523711e+00 -6.250097e-03
1.421806e+01 2.088426e+00 -6.962834e-03
1.421806e+01 2.685505e+00 -6.226878e-03
1.452242e+01 1.570796e-02 -1.390937e-05
1.452242e+01 2.346256e-02 -3.328933e-05
1.452242e+01 3.503514e-02 -7.463236e-05
1.452242e+01 5.263151e-02 -1.521857e-04
1.452242e+01 7.314235e-02 -3.011470e-04
1.452242e+01 1.025928e-01 -4.682633e-04
1.452242e+01 1.448116e-01 -7.715956e-04
1.452242e+01 2.023460e-01 -1.155165e-03
1.452242e+01 2.834245e-01 -1.657893e-03
1.452242e+01 3.967448e-01 -2.262695e-03
1.452242e+01 5.552783e-01 -2.970190e-03
1.452242e+01 7.774819e-01 -3.765293e-03
1.452242e+01 1.088445e+00 -4.525289e-03
1.452242e+01 1.523711e+00 -5.388099e-03
1.452242e+01 2.088426e+00 -6.054859e-03
1.452242e+01 2.685505e+00 -5.477464e-03
1.483287e+01 1.570796e-02 -1.145066e-05
1.483287e+01 2.346256e-02 -2.669141e-05
1.483287e+01 3.503514e-02 -6.068337e-05
1.483287e+01 5.263151e-02 -1.238428e-04
1.483287e+01 7.314235e-02 -2.436231e-04
1.483287e+01 1.025928e-01 -3.793179e-04
1.483287e+01 1.448116e-01 -6.250402e-04
1.483287e+01 2.023460e-01 -9.375387e-04
1.483287e+01 2.834245e-01 -1.347333e-03
1.483287e+01 3.967448e-01 -1.843614e-03
1.483287e+01 5.552783e-01 -2.441293e-03
1.483287e+01 7.774819e-01 -3.122909e-03
1.483287e+01 1.088445e+00 -3.816626e-03
1.483287e+01 1.523711e+00 -4.627437e-03
1.483287e+01 2.088426e+00 -5.267720e-03
1.483287e+01 2.685505e+00 -4.799263e-03
1.514953e+01 1.570796e-02 -9.250435e-06
1.514953e+01 2.346256e-02 -2.129878e-05
1.514953e+01 3.503514e-02 -4.865387e-05
1.514953e+01 5.263151e-02 -9.968453e-05
1.514953e+01 7.314235e-02 -1.964136e-04
1.514953e+01 1.025928e-01 -3.050113e-04
1.514953e+01 1.448116e-01 -5.050198e-04
1.514953e+01 2.023460e-01 -7.593225e-04
1.514953e+01 2.834245e-01 -1.088773e-03
1.514953e+01 3.967448e-01 -1.497022e-03
1.514953e+01 5.552783e-01 -1.993116e-03
1.514953e+01 7.774819e-01 -2.576430e-03
1.514953e+01 1.088445e+00 -3.211751e-03
1.514953e+01 1.523711e+00 -3.951893e-03
1.514953e+01 2.088426e+00 -4.562455e-03
1.514953e+01 2.685505e+00 -4.206897e-03
1.547252e+01 1.570796e-02 -7.523026e-06
1.547252e+01 2.346256e-02 -1.671881e-05
1.547252e+01 3.503514e-02 -3.889222e-05
1.547252e+01 5.263151e-02 -7.942256e-05
1.547252e+01 7.314235e-02 -1.566934e-04
1.547252e+01 1.025928e-01 -2.440554e-04
1.547252e+01 1.448116e-01 -4.041480e-04
1.547252e+01 2.023460e-01 -6.105989e-04
1.547252e+01 2.834245e-01 -8.731947e-04
1.547252e+01 3.967448e-01 -1.204808e-03
1.547252e+01 5.552783e-01 -1.613705e-03
1.547252e+01 7.774819e-01 -2.109030e-03
1.547252e+01 1.088445e+00 -2.674250e-03
1.547252e+01 1.523711e+00 -3.335178e-03
1.547252e+01 2.088426e+00 -3.897926e-03
1.547252e+01 2.685505e+00 -3.620191e-03
1.580197e+01 1.570796e-02 -6.036230e-06
1.580197e+01 2.346256e-02 -1.329891e-05
1.580197e+01 3.503514e-02 -3.099087e-05
1.580197e+01 5.263151e-02 -6.307616e-05
1.580197e+01 7.314235e-02 -1.251975e-04
1.580197e+01 1.025928e-01 -1.962528e-04
1.580197e+01 1.448116e-01 -3.226487e-04
1.580197e+01 2.023460e-01 -4.881976e-04
1.580197e+01 2.834245e-01 -6.964995e-04
1.580197e+01 3.967448e-01 -9.657756e-04
1.580197e+01 5.552783e-01 -1.301415e-03
1.580197e+01 7.774819e-01 -1.715751e-03
1.580197e+01 1.088445e+00 -2.205024e-03
1.580197e+01 1.523711e+00 -2.789899e-03
1.580197e+01 2.088426e+00 -3.291428e-03
1.580197e+01 2.685505e+00 -3.097009e-03
1.613801e+01 1.570796e-02 -4.877211e-06
1.613801e+01 2.346256e-02 -1.032176e-05
1.613801e+01 3.503514e-02 -2.449715e-05
1.613801e+01 5.263151e-02 -4.943582e-05
1.613801e+01 7.314235e-02 -9.865615e-05
1.613801e+01 1.025928e-01 -1.542396e-04
1.613801e+01 1.448116e-01 -2.558771e-04
1.613801e+01 2.023460e-01 -3.851438e-04
1.613801e+01 2.834245e-01 -5.508909e-04
1.613801e+01 3.967448e-01 -7.655789e-04
1.613801e+01 5.552783e-01 -1.037885e-03
1.613801e+01 7.774819e-01 -1.379125e-03
1.613801e+01 1.088445e+00 -1.802031e-03
1.613801e+01 1.523711e+00 -2.321643e-03
1.613801e+01 2.088426e+00 -2.774593e-03
1.613801e+01 2.685505e+00 -2.627945e-03
1.648077e+01 1.570796e-02 -4.022262e-06
1.648077e+01 2.346256e-02 -8.153968e-06
1.648077e+01 3.503514e-02 -1.970476e-05
1.648077e+01 5.263151e-02 -3.843278e-05
1.648077e+01 7.314235e-02 -7.833888e-05
1.648077e+01 1.025928e-01 -1.214983e-04
1.648077e+01 1.448116e-01 -2.006999e-04
1.648077e+01 2.023460e-01 -3.039507e-04
1.648077e+01 2.834245e-01 -4.347335e-04
1.648077e+01 3.967448e-01 -6.063837e-04
1.648077e+01 5.552783e-01 -8.275241e-04
1.648077e+01 7.774819e-01 -1.107961e-03
1.648077e+01 1.088445e+00 -1.469307e-03
1.648077e+01 1.523711e+00 -1.922594e-03
1.648077e+01 2.088426e+00 -2.319206e-03
1.648077e+01 2.685505e+00 -2.180712e-03
1.683038e+01 1.570796e-02 -3.035479e-06
1.683038e+01 2.346256e-02 -6.328351e-06
1.683038e+01 3.503514e-02 -1.546700e-05
1.683038e+01 5.263151e-02 -2.977081e-05
1.683038e+01 7.314235e-02 -6.085879e-05
1.683038e+01 1.025928e-01 -9.450949e-05
1.683038e+01 1.448116e-01 -1.564861e-04
1.683038e+01 2.023460e-01 -2.373396e-04
1.683038e+01 2.834245e-01 -3.394908e-04
1.683038e+01 3.967448e-01 -4.742602e-04
1.683038e+01 5.552783e-01 -6.520092e-04
1.683038e+01 7.774819e-01 -8.806167e-04
1.683038e+01 1.088445e+00 -1.186840e-03
1.683038e+01 1.523711e+00 -1.573876e-03
1.683038e+01 2.088426e+00 -1.913687e-03
1.683038e+01 2.685505e+00 -1.797432e-03
1.718699e+01 1.570796e-02 -2.396637e-06
1.718699e+01 2.346256e-02 -4.862444e-06
1.718699e+01 3.503514e-02 -1.199737e-05
1.718699e+01 5.263151e-02 -2.302456e-05
1.718699e+01 7.314235e-02 -4.627846e-05
1.718699e+01 1.025928e-01 -7.219309e-05
1.718699e+01 1.448116e-01 -1.212973e-04
1.718699e+01 2.023460e-01 -1.834896e-04
1.718699e+01 2.834245e-01 -2.623310e-04
1.718699e+01 3.967448e-01 -3.681933e-04
1.718699e+01 5.552783e-01 -5.079078e-04
1.718699e+01 7.774819e-01 -6.931414e-04
1.718699e+01 1.088445e+00 -9.421067e-04
1.718699e+01 1.523711e+00 -1.269001e-03
1.718699e+01 2.088426e+00 -1.559859e-03
1.718699e+01 2.685505e+00 -1.472541e-03
1.755073e+01 1.570796e-02 -1.896994e-06
1.755073e+01 2.346256e-02 -3.675994e-06
1.755073e+01 3.503514e-02 -9.289600e-06
1.755073e+01 5.263151e-02 -1.775998e-05
1.755073e+01 7.314235e-02 -3.540325e-05
1.755073e+01 1.025928e-01 -5.515181e-05
1.755073e+01 1.448116e-01 -9.311606e-05
1.755073e+01 2.023460e-01 -1.409473e-04
1.755073e+01 2.834245e-01 -2.023738e-04
1.755073e+01 3.967448e-01 -2.837551e-04
1.755073e+01 5.552783e-01 -3.933211e-04
1.755073e+01 7.774819e-01 -5.407523e-04
1.755073e+01 1.088445e+00 -7.425556e-04
1.755073e+01 1.523711e+00 -1.011977e-03
1.755073e+01 2.088426e+00 -1.254238e-03
1.755073e+01 2.685505e+00 -1.192174e-03
1.792175e+01 1.570796e-02 -1.452945e-06
1.792175e+01 2.346256e-02 -2.705461e-06
1.792175e+01 3.503514e-02 -7.149212e-06
1.792175e+01 5.263151e-02 -1.328425e-05
1.792175e+01 7.314235e-02 -2.676867e-05
1.792175e+01 1.025928e-01 -4.134991e-05
1.792175e+01 1.448116e-01 -6.992781e-05
1.792175e+01 2.023460e-01 -1.066704e-04
1.792175e+01 2.834245e-01 -1.526921e-04
1.792175e+01 3.967448e-01 -2.147797e-04
1.792175e+01 5.552783e-01 -2.986757e-04
1.792175e+01 7.774819e-01 -4.156426e-04
1.792175e+01 1.088445e+00 -5.764342e-04
1.792175e+01 1.523711e+00 -7.932898e-04
1.792175e+01 2.088426e+00 -9.920526e-04
1.792175e+01 2.685505e+00 -9.503269e-04
1.830018e+01 1.570796e-02 -1.158051e-06
1.830018e+01 2.346256e-02 -1.935438e-06
1.830018e+01 3.503514e-02 -5.359458e-06
1.830018e+01 5.263151e-02 -9.887104e-06
1.830018e+01 7.314235e-02 -1.984387e-05
1.830018e+01 1.025928e-01 -3.075075e-05
1.830018e+01 1.448116e-01 -5.208975e-05
1.830018e+01 2.023460e-01 -7.992973e-05
1.830018e+01 2.834245e-01 -1.138471e-04
1.830018e+01 3.967448e-01 -1.620491e-04
1.830018e+01 5.552783e-01 -2.256838e-04
1.830018e+01 7.774819e-01 -3.182929e-04
1.830018e+01 1.088445e+00 -4.428149e-04
1.830018e+01 1.523711e+00 -6.137946e-04
1.830018e+01 2.088426e+00 -7.734029e-04
1.830018e+01 2.685505e+00 -7.439082e-04
1.868618e+01 1.570796e-02 -8.547165e-07
1.868618e+01 2.346256e-02 -1.307950e-06
1.868618e+01 3.503514e-02 -3.954450e-06
1.868618e+01 5.263151e-02 -7.424093e-06
1.868618e+01 7.314235e-02 -1.471403e-05
1.868618e+01 1.025928e-01 -2.253583e-05
1.868618e+01 1.448116e-01 -3.814919e-05
1.868618e+01 2.023460e-01 -5.846700e-05
1.868618e+01 2.834245e-01 -8.414401e-05
1.868618e+01 3.967448e-01 -1.194570e-04
1.868618e+01 5.552783e-01 -1.680064e-04
1.868618e+01 7.774819e-01 -2.389252e-04
1.868618e+01 1.088445e+00 -3.339850e-04
1.868618e+01 1.523711e+00 -4.673963e-04
1.868618e+01 2.088426e+00 -5.891808e-04
1.868618e+01 2.685505e+00 -5.655275e-04
1.907991e+01 1.570796e-02 -6.438604e-07
1.907991e+01 2.346256e-02 -9.055915e-07
1.907991e+01 3.503514e-02 -2.801873e-06
1.907991e+01 5.263151e-02 -5.495110e-06
1.907991e+01 7.314235e-02 -1.046872e-05
1.907991e+01 1.025928e-01 -1.606625e-05
1.907991e+01 1.448116e-01 -2.752924e-05
1.907991e+01 2.023460e-01 -4.209750e-05
1.907991e+01 2.834245e-01 -6.011926e-05
1.907991e+01 3.967448e-01 -8.577038e-05
1.907991e+01 5.552783e-01 -1.216510e-04
1.907991e+01 7.774819e-01 -1.759316e-04
1.907991e+01 1.088445e+00 -2.460431e-04
1.907991e+01 1.523711e+00 -3.466476e-04
1.907991e+01 2.088426e+00 -4.392965e-04
1.907991e+01 2.685505e+00 -4.204334e-04
1.948151e+01 1.570796e-02 -4.628146e-07
1.948151e+01 2.346256e-02 -6.379467e-07
1.948151e+01 3.503514e-02 -1.950323e-06
1.948151e+01 5.263151e-02 -3.923865e-06
1.948151e+01 7.314235e-02 -7.361854e-06
1.948151e+01 1.025928e-01 -1.121734e-05
1.948151e+01 1.448116e-01 -1.932650e-05
1.948151e+01 2.023460e-01 -2.986738e-05
1.948151e+01 2.834245e-01 -4.270808e-05
1.948151e+01 3.967448e-01 -6.098170e-05
1.948151e+01 5.552783e-01 -8.698308e-05
1.948151e+01 7.774819e-01 -1.271014e-04
1.948151e+01 1.088445e+00 -1.782974e-04
1.948151e+01 1.523711e+00 -2.516421e-04
1.948151e+01 2.088426e+00 -3.195901e-04
1.948151e+01 2.685505e+00 -3.045407e-04
1.989114e+01 1.570796e-02 -3.349176e-07
1.989114e+01 2.346256e-02 -4.086358e-07
1.989114e+01 3.503514e-02 -1.322397e-06
1.989114e+01 5.263151e-02 -2.766843e-06
1.989114e+01 7.314235e-02 -5.111932e-06
1.989114e+01 1.025928e-01 -7.650142e-06
1.989114e+01 1.448116e-01 -1.346987e-05
1.989114e+01 2.023460e-01 -2.082195e-05
1.989114e+01 2.834245e-01 -2.948177e-05
1.989114e+01 3.967448e-01 -4.267086e-05
1.989114e+01 5.552783e-01 -6.099673e-05
1.989114e+01 7.774819e-01 -9.011150e-05
1.989114e+01 1.088445e+00 -1.263080e-04
1.989114e+01 1.523711e+00 -1.783687e-04
1.989114e+01 2.088426e+00 -2.290816e-04
1.989114e+01 2.685505e+00 -2.243650e-04
2.030896e+01 1.570796e-02 -2.414722e-07
2.030896e+01 2.346256e-02 -2.761896e-07
2.030896e+01 3.503514e-02 -9.436887e-07
2.030896e+01 5.263151e-02 -1.881362e-06
2.030896e+01 7.314235e-02 -3.427694e-06
2.030896e+01 1.025928e-01 -5.100676e-06
2.030896e+01 1.448116e-01 -9.271717e-06
2.030896e+01 2.023460e-01 -1.448389e-05
2.030896e+01 2.834245e-01 -2.016156e-05
2.030896e+01 3.967448e-01 -2.942408e-05
2.030896e+01 5.552783e-01 -4.238578e-05
2.030896e+01 7.774819e-01 -6.276635e-05
2.030896e+01 1.088445e+00 -8.828770e-05
2.030896e+01 1.523711e+00 -1.246710e-04
2.030896e+01 2.088426e+00 -1.624156e-04
2.030896e+01 2.685505e+00 -1.599767e-04
2.073514e+01 1.570796e-02 -1.598102e-07
2.073514e+01 2.346256e-02 -1.668453e-07
2.073514e+01 3.503514e-02 -6.190910e-07
2.073514e+01 5.263151e-02 -1.237326e-06
2.073514e+01 7.314235e-02 -2.203193e-06
2.073514e+01 1.025928e-01 -3.335971e-06
2.073514e+01 1.448116e-01 -6.241292e-06
2.073514e+01 2.023460e-01 -9.807479e-06
2.073514e+01 2.834245e-01 -1.345911e-05
2.073514e+01 3.967448e-01 -1.983771e-05
2.073514e+01 5.552783e-01 -2.895440e-05
2.073514e+01 7.774819e-01 -4.311446e-05
2.073514e+01 1.088445e+00 -6.012658e-05
2.073514e+01 1.523711e+00 -8.547791e-05
2.073514e+01 2.088426e+00 -1.119826e-04
2.073514e+01 2.685505e+00 -1.111510e-04
2.116984e+01 1.570796e-02 -1.097033e-07
2.116984e+01 2.346256e-02 -1.156487e-07
2.116984e+01 3.503514e-02 -4.214547e-07
2.116984e+01 5.263151e-02 -7.637887e-07
2.116984e+01 7.314235e-02 -1.420946e-06
2.116984e+01 1.025928e-01 -2.166469e-06
2.116984e+01 1.448116e-01 -4.077597e-06
2.116984e+01 2.023460e-01 -6.392682e-06
2.116984e+01 2.834245e-01 -8.847220e-06
2.116984e+01 3.967448e-01 -1.296459e-05
2.116984e+01 5.552783e-01 -1.924916e-05
2.116984e+01 7.774819e-01 -2.872706e-05
2.116984e+01 1.088445e+00 -4.006128e-05
2.116984e+01 1.523711e+00 -5.717183e-05
2.116984e+01 2.088426e+00 -7.582112e-05
2.116984e+01 2.685505e+00 -7.456940e-05
2.161324e+01 1.570796e-02 -6.728452e-08
2.161324e+01 2.346256e-02 -6.248294e-08
2.161324e+01 3.503514e-02 -2.650915e-07
2.161324e+01 5.263151e-02 -4.705429e-07
2.161324e+01 7.314235e-02 -8.704559e-07
2.161324e+01 1.025928e-01 -1.382521e-06
2.161324e+01 1.448116e-01 -2.582931e-06
2.161324e+01 2.023460e-01 -4.060601e-06
2.161324e+01 2.834245e-01 -5.604815e-06
2.161324e+01 3.967448e-01 -8.437948e-06
2.161324e+01 5.552783e-01 -1.242999e-05
2.161324e+01 7.774819e-01 -1.869505e-05
2.161324e+01 1.088445e+00 -2.611314e-05
2.161324e+01 1.523711e+00 -3.746568e-05
2.161324e+01 2.088426e+00 -4.951236e-05
2.161324e+01 2.685505e+00 -4.923797e-05
2.206550e+01 1.570796e-02 -4.373752e-08
2.206550e+01 2.346256e-02 -3.175200e-08
2.206550e+01 3.503514e-02 -1.742673e-07
2.206550e+01 5.263151e-02 -2.987627e-07
2.206550e+01 7.314235e-02 -5.437610e-07
2.206550e+01 1.025928e-01 -8.758791e-07
2.206550e+01 1.448116e-01 -1.654552e-06
2.206550e+01 2.023460e-01 -2.555818e-06
2.206550e+01 2.834245e-01 -3.547673e-06
2.206550e+01 3.967448e-01 -5.375820e-06
2.206550e+01 5.552783e-01 -8.002589e-06
2.206550e+01 7.774819e-01 -1.207292e-05
2.206550e+01 1.088445e+00 -1.687935e-05
2.206550e+01 1.523711e+00 -2.401491e-05
2.206550e+01 2.088426e+00 -3.191410e-05
2.206550e+01 2.685505e+00 -3.199750e-05
2.252681e+01 1.570796e-02 -2.609882e-08
2.252681e+01 2.346256e-02 -1.816633e-08
2.252681e+01 3.503514e-02 -1.011806e-07
2.252681e+01 5.263151e-02 -1.672640e-07
2.252681e+01 7.314235e-02 -3.114599e-07
2.252681e+01 1.025928e-01 -5.150230e-07
2.252681e+01 1.448116e-01 -9.690691e-07
2.252681e+01 2.023460e-01 -1.501596e-06
2.252681e+01 2.834245e-01 -2.097268e-06
2.252681e+01 3.967448e-01 -3.225284e-06
2.252681e+01 5.552783e-01 -4.895630e-06
2.252681e+01 7.774819e-01 -7.376204e-06
2.252681e+01 1.088445e+00 -1.045634e-05
2.252681e+01 1.523711e+00 -1.496851e-05
2.252681e+01 2.088426e+00 -2.019405e-05
2.252681e+01 2.685505e+00 -1.970283e-05
2.299735e+01 1.570796e-02 -1.507401e-08
2.299735e+01 2.346256e-02 -9.487236e-09
2.299735e+01 3.503514e-02 -5.436137e-08
2.299735e+01 5.263151e-02 -1.039196e-07
2.299735e+01 7.314235e-02 -1.828964e-07
2.299735e+01 1.025928e-01 -3.095475e-07
2.299735e+01 1.448116e-01 -5.705565e-07
2.299735e+01 2.023460e-01 -9.146218e-07
2.299735e+01 2.834245e-01 -1.237439e-06
2.299735e+01 3.967448e-01 -1.930264e-06
2.299735e+01 5.552783e-01 -2.933660e-06
2.299735e+01 7.774819e-01 -4.536094e-06
2.299735e+01 1.088445e+00 -6.366932e-06
2.299735e+01 1.523711e+00 -9.246219e-06
2.299735e+01 2.088426e+00 -1.247638e-05
2.299735e+01 2.685505e+00 -1.179174e-05
2.347730e+01 1.570796e-02 4.601962e-10
2.347730e+01 2.346256e-02 1.174130e-09
2.347730e+01 3.503514e-02 2.377034e-09
2.347730e+01 5.263151e-02 4.876044e-09
2.347730e+01 7.314235e-02 1.018493e-08
2.347730e+01 1.025928e-01 1.519505e-08
2.347730e+01 1.448116e-01 2.577580e-08
2.347730e+01 2.023460e-01 3.755997e-08
2.347730e+01 2.834245e-01 5.448431e-08
2.347730e+01 3.967448e-01 7.673261e-08
2.347730e+01 5.552783e-01 1.067668e-07
2.347730e+01 7.774819e-01 1.389609e-07
2.347730e+01 1.088445e+00 1.549712e-07
2.347730e+01 1.523711e+00 1.358440e-07
2.347730e+01 2.088426e+00 8.976365e-08
2.347730e+01 2.685505e+00 3.986952e-08
2.396684e+01 1.570796e-02 4.324011e-10
2.396684e+01 2.346256e-02 1.100705e-09
2.396684e+01 3.503514e-02 2.230641e-09
2.396684e+01 5.263151e-02 4.570905e-09
2.396684e+01 7.314235e-02 9.551175e-09
2.396684e+01 1.025928e-01 1.424592e-08
2.396684e+01 1.448116e-01 2.418364e-08
2.396684e+01 2.023460e-01 3.531912e-08
2.396684e+01 2.834245e-01 5.146072e-08
2.396684e+01 3.967448e-01 7.294231e-08
2.396684e+01 5.552783e-01 1.022585e-07
2.396684e+01 7.774819e-01 1.338797e-07
2.396684e+01 1.088445e+00 1.504240e-07
2.396684e+01 1.523711e+00 1.335778e-07
2.396684e+01 2.088426e+00 8.991619e-08
2.396684e+01 2.685505e+00 4.042148e-08
2.446618e+01 1.570796e-02 4.042019e-10
2.446618e+01 2.346256e-02 1.027198e-09
2.446618e+01 3.503514e-02 2.084910e-09
2.446618e+01 5.263151e-02 4.267115e-09
2.446618e+01 7.314235e-02 8.922811e-09
2.446618e+01 1.025928e-01 1.330274e-08
2.446618e+01 1.448116e-01 2.260821e-08
2.446618e+01 2.023460e-01 3.310436e-08
2.446618e+01 2.834245e-01 4.846712e-08
2.446618e+01 3.967448e-01 6.917952e-08
2.446618e+01 5.552783e-01 9.765261e-08
2.446618e+01 7.774819e-01 1.285952e-07
2.446618e+01 1.088445e+00 1.455416e-07
2.446618e+01 1.523711e+00 1.311417e-07
2.446618e+01 2.088426e+00 8.993911e-08
2.446618e+01 2.685505e+00 4.099781e-08
2.497550e+01 1.570796e-02 3.763414e-10
2.497550e+01 2.346256e-02 9.551649e-10
2.497550e+01 3.503514e-02 1.940603e-09
2.497550e+01 5.263151e-02 3.968108e-09
2.497550e+01 7.314235e-02 8.303238e-09
2.497550e+01 1.025928e-01 1.237661e-08
2.497550e+01 1.448116e-01 2.106056e-08
2.497550e+01 2.023460e-01 3.092591e-08
2.497550e+01 2.834245e-01 4.551287e-08
2.497550e+01 3.967448e-01 6.541031e-08
2.497550e+01 5.552783e-01 9.295532e-08
2.497550e+01 7.774819e-01 1.230497e-07
2.497550e+01 1.088445e+00 1.403644e-07
2.497550e+01 1.523711e+00 1.283559e-07
2.497550e+01 2.088426e+00 9.003248e-08
2.497550e+01 2.685505e+00 4.166397e-08
2.549501e+01 1.570796e-02 3.488698e-10
2.549501e+01 2.346256e-02 8.845837e-10
2.549501e+01 3.503514e-02 1.799648e-09
2.549501e+01 5.263151e-02 3.674652e-09
2.549501e+01 7.314235e-02 7.697367e-09
2.549501e+01 1.025928e-01 1.147065e-08
2.549501e+01 1.448116e-01 1.954722e-08
2.549501e+01 2.023460e-01 2.878341e-08
2.549501e+01 2.834245e-01 4.259975e-08
2.549501e+01 3.967448e-01 6.164655e-08
2.549501e+01 5.552783e-01 8.815482e-08
2.549501e+01 7.774819e-01 1.173349e-07
2.549501e+01 1.088445e+00 1.348671e-07
2.549501e+01 1.523711e+00 1.254134e-07
2.549501e+01 2.088426e+00 9.003011e-08
2.549501e+01 2.685505e+00 4.244209e-08
2.602491e+01 1.570796e-02 3.218736e-10
2.602491e+01 2.346256e-02 8.158506e-10
2.602491e+01 3.503514e-02 1.661047e-09
2.602491e+01 5.263151e-02 3.388465e-09
2.602491e+01 7.314235e-02 7.104413e-09
2.602491e+01 1.025928e-01 1.058220e-08
2.602491e+01 1.448116e-01 1.806518e-08
2.602491e+01 2.023460e-01 2.668535e-08
2.602491e+01 2.834245e-01 3.972066e-08
2.602491e+01 3.967448e-01 5.787173e-08
2.602491e+01 5.552783e-01 8.323427e-08
2.602491e+01 7.774819e-01 1.113592e-07
2.602491e+01 1.088445e+00 1.290945e-07
2.602491e+01 1.523711e+00 1.221933e-07
2.602491e+01 2.088426e+00 8.997379e-08
2.602491e+01 2.685505e+00 4.346845e-08
2.656541e+01 1.570796e-02 2.955329e-10
2.656541e+01 2.346256e-02 7.495758e-10
2.656541e+01 3.503514e-02 1.525313e-09
2.656541e+01 5.263151e-02 3.109495e-09
2.656541e+01 7.314235e-02 6.525268e-09
2.656541e+01 1.025928e-01 9.716500e-09
2.656541e+01 1.448116e-01 1.661750e-08
2.656541e+01 2.023460e-01 2.463644e-08
2.656541e+01 2.834245e-01 3.687230e-08
2.656541e+01 3.967448e-01 5.408984e-08
2.656541e+01 5.552783e-01 7.821735e-08
2.656541e+01 7.774819e-01 1.051692e-07
2.656541e+01 1.088445e+00 1.230165e-07
2.656541e+01 1.523711e+00 1.186499e-07
2.656541e+01 2.088426e+00 8.978360e-08
2.656541e+01 2.685505e+00 4.475231e-08
2.711672e+01 1.570796e-02 2.699665e-10
2.711672e+01 2.346256e-02 6.849714e-10
2.711672e+01 3.503514e-02 1.393056e-09
2.711672e+01 5.263151e-02 2.838785e-09
2.711672e+01 7.314235e-02 5.960432e-09
2.711672e+01 1.025928e-01 8.876170e-09
2.711672e+01 1.448116e-01 1.520352e-08
2.711672e+01 2.023460e-01 2.263011e-08
2.711672e+01 2.834245e-01 3.406776e-08
2.711672e+01 3.967448e-01 5.027409e-08
2.711672e+01 5.552783e-01 7.308141e-08
2.711672e+01 7.774819e-01 9.874996e-08
2.711672e+01 1.088445e+00 1.166209e-07
2.711672e+01 1.523711e+00 1.147829e-07
2.711672e+01 2.088426e+00 8.930905e-08
2.711672e+01 2.685505e+00 4.644789e-08
2.767905e+01 1.570796e-02 2.449245e-10
2.767905e+01 2.346256e-02 6.215913e-10
2.767905e+01 3.503514e-02 1.264152e-09
2.767905e+01 5.263151e-02 2.575412e-09
2.767905e+01 7.314235e-02 5.412235e-09
2.767905e+01 1.025928e-01 8.057295e-09
2.767905e+01 1.448116e-01 1.382715e-08
2.767905e+01 2.023460e-01 2.066753e-08
2.767905e+01 2.834245e-01 3.129152e-08
2.767905e+01 3.967448e-01 4.643908e-08
2.767905e+01 5.552783e-01 6.782502e-08
2.767905e+01 7.774819e-01 9.210112e-08
2.767905e+01 1.088445e+00 1.098839e-07
2.767905e+01 1.523711e+00 1.104530e-07
2.767905e+01 2.088426e+00 8.871715e-08
2.767905e+01 2.685505e+00 4.836408e-08
2.825263e+01 1.570796e-02 2.206168e-10
2.825263e+01 2.346256e-02 5.605691e-10
2.825263e+01 3.503514e-02 1.138526e-09
2.825263e+01 5.263151e-02 2.318577e-09
2.825263e+01 7.314235e-02 4.877380e-09
2.825263e+01 1.025928e-01 7.263317e-09
2.825263e+01 1.448116e-01 1.247984e-08
2.825263e+01 2.023460e-01 1.874246e-08
2.825263e+01 2.834245e-01 2.852892e-08
2.825263e+01 3.967448e-01 4.256315e-08
2.825263e+01 5.552783e-01 6.243655e-08
2.825263e+01 7.774819e-01 8.525905e-08
2.825263e+01 1.088445e+00 1.028014e-07
2.825263e+01 1.523711e+00 1.057054e-07
2.825263e+01 2.088426e+00 8.772997e-08
2.825263e+01 2.685505e+00 5.057557e-08
2.883769e+01 1.570796e-02 1.968711e-10
2.883769e+01 2.346256e-02 5.009074e-10
2.883769e+01 3.503514e-02 1.016176e-09
2.883769e+01 5.263151e-02 2.069119e-09
2.883769e+01 7.314235e-02 4.355561e-09
2.883769e+01 1.025928e-01 6.488751e-09
2.883769e+01 1.448116e-01 1.116552e-08
2.883769e+01 2.023460e-01 1.684683e-08
2.883769e+01 2.834245e-01 2.578133e-08
2.883769e+01 3.967448e-01 3.864704e-08
2.883769e+01 5.552783e-01 5.694277e-08
2.883769e+01 7.774819e-01 7.819742e-08
2.883769e+01 1.088445e+00 9.530246e-08
2.883769e+01 1.523711e+00 1.002512e-07
2.883769e+01 2.088426e+00 8.629505e-08
2.883769e+01 2.685505e+00 5.287849e-08
2.943444e+01 1.570796e-02 1.738356e-10
2.943444e+01 2.346256e-02 4.426925e-10
2.943444e+01 3.503514e-02 8.965767e-10
2.943444e+01 5.263151e-02 1.826128e-09
2.943444e+01 7.314235e-02 3.846661e-09
2.943444e+01 1.025928e-01 5.733765e-09
2.943444e+01 1.448116e-01 9.879881e-09
2.943444e+01 2.023460e-01 1.498000e-08
2.943444e+01 2.834245e-01 2.304187e-08
2.943444e+01 3.967448e-01 3.469172e-08
2.943444e+01 5.552783e-01 5.132240e-08
2.943444e+01 7.774819e-01 7.087826e-08
2.943444e+01 1.088445e+00 8.738037e-08
2.943444e+01 1.523711e+00 9.418201e-08
2.943444e+01 2.088426e+00 8.423614e-08
2.943444e+01 2.685505e+00 5.522791e-08
3.004313e+01 1.570796e-02 1.512989e-10
3.004313e+01 2.346256e-02 3.857667e-10
3.004313e+01 3.503514e-02 7.803971e-10
3.004313e+01 5.263151e-02 1.589913e-09
3.004313e+01 7.314235e-02 3.351112e-09
3.004313e+01 1.025928e-01 4.997748e-09
3.004313e+01 1.448116e-01 8.624043e-09
3.004313e+01 2.023460e-01 1.313645e-08
3.004313e+01 2.834245e-01 2.030066e-08
3.004313e+01 3.967448e-01 3.069928e-08
3.004313e+01 5.552783e-01 4.558313e-08
3.004313e+01 7.774819e-01 6.330731e-08
3.004313e+01 1.088445e+00 7.902633e-08
3.004313e+01 1.523711e+00 8.729961e-08
3.004313e+01 2.088426e+00 8.138600e-08
3.004313e+01 2.685505e+00 5.731712e-08
3.066399e+01 1.570796e-02 1.292890e-10
3.066399e+01 2.346256e-02 3.305545e-10
3.066399e+01 3.503514e-02 6.669176e-10
3.066399e+01 5.263151e-02 1.359179e-09
3.066399e+01 7.314235e-02 2.868048e-09
3.066399e+01 1.025928e-01 4.279414e-09
3.066399e+01 1.448116e-01 7.392373e-09
3.066399e+01 2.023460e-01 1.131994e-08
3.066399e+01 2.834245e-01 1.757439e-08
3.066399e+01 3.967448e-01 2.666351e-08
3.066399e+01 5.552783e-01 3.974369e-08
3.066399e+01 7.774819e-01 5.548849e-08
3.066399e+01 1.088445e+00 7.014181e-08
3.066399e+01 1.523711e+00 7.948383e-08
3.066399e+01 2.088426e+00 7.738768e-08
3.066399e+01 2.685505e+00 5.879424e-08
3.129727e+01 1.570796e-02 1.079441e-10
3.129727e+01 2.346256e-02 2.762899e-10
3.129727e+01 3.503514e-02 5.563292e-10
3.129727e+01 5.263151e-02 1.134617e-09
3.129727e+01 7.314235e-02 2.395862e-09
3.129727e+01 1.025928e-01 3.578909e-09
3.129727e+01 1.448116e-01 6.188376e-09
3.129727e+01 2.023460e-01 9.519364e-09
3.129727e+01 2.834245e-01 1.484494e-08
3.129727e+01 3.967448e-01 2.259219e-08
3.129727e+01 5.552783e-01 3.378929e-08
3.129727e+01 7.774819e-01 4.743322e-08
3.129727e+01 1.088445e+00 6.070755e-08
3.129727e+01 1.523711e+00 7.063608e-08
3.129727e+01 2.088426e+00 7.205704e-08
3.129727e+01 2.685505e+00 5.930223e-08
3.194322e+01 1.570796e-02 8.705330e-11
3.194322e+01 2.346256e-02 2.233883e-10
3.194322e+01 3.503514e-02 4.486787e-10
3.194322e+01 5.263151e-02 9.156664e-10
3.194322e+01 7.314235e-02 1.935340e-09
3.194322e+01 1.025928e-01 2.893791e-09
3.194322e+01 1.448116e-01 5.009360e-09
3.194322e+01 2.023460e-01 7.740463e-09
3.194322e+01 2.834245e-01 1.211798e-08
3.194322e+01 3.967448e-01 1.849454e-08
3.194322e+01 5.552783e-01 2.773649e-08
3.194322e+01 7.774819e-01 3.914778e-08
3.194322e+01 1.088445e+00 5.075453e-08
3.194322e+01 1.523711e+00 6.067618e-08
3.194322e+01 2.088426e+00 6.499890e-08
3.194322e+01 2.685505e+00 5.803878e-08
3.260208e+01 1.570796e-02 6.667502e-11
3.260208e+01 2.346256e-02 1.713653e-10
3.260208e+01 3.503514e-02 3.434154e-10
3.260208e+01 5.263151e-02 7.022605e-10
3.260208e+01 7.314235e-02 1.485619e-09
3.260208e+01 1.025928e-01 2.223503e-09
3.260208e+01 1.448116e-01 3.853995e-09
3.260208e+01 2.023460e-01 5.979655e-09
3.260208e+01 2.834245e-01 9.395031e-09
3.260208e+01 3.967448e-01 1.436739e-08
3.260208e+01 5.552783e-01 2.161388e-08
3.260208e+01 7.774819e-01 3.065986e-08
3.260208e+01 1.088445e+00 4.024477e-08
3.260208e+01 1.523711e+00 4.945159e-08
3.260208e+01 2.088426e+00 5.578334e-08
3.260208e+01 2.685505e+00 5.411190e-08
3.327412e+01 1.570796e-02 4.682793e-11
3.327412e+01 2.346256e-02 1.207735e-10
3.327412e+01 3.503514e-02 2.411512e-10
3.327412e+01 5.263151e-02 4.937059e-10
3.327412e+01 7.314235e-02 1.045034e-09
3.327412e+01 1.025928e-01 1.566627e-09
3.327412e+01 1.448116e-01 2.717707e-09
3.327412e+01 2.023460e-01 4.235148e-09
3.327412e+01 2.834245e-01 6.677120e-09
3.327412e+01 3.967448e-01 1.022914e-08
3.327412e+01 5.552783e-01 1.543021e-08
3.327412e+01 7.774819e-01 2.197998e-08
3.327412e+01 1.088445e+00 2.922683e-08
3.327412e+01 1.523711e+00 3.690287e-08
3.327412e+01 2.088426e+00 4.395534e-08
3.327412e+01 2.685505e+00 4.630256e-08
3.395961e+01 1.570796e-02 2.814659e-11
3.395961e+01 2.346256e-02 7.303705e-11
3.395961e+01 3.503514e-02 1.448534e-10
3.395961e+01 5.263151e-02 2.977651e-10
3.395961e+01 7.314235e-02 6.307785e-10
3.395961e+01 1.025928e-01 9.465991e-10
3.395961e+01 1.448116e-01 1.641242e-09
3.395961e+01 2.023460e-01 2.560219e-09
3.395961e+01 2.834245e-01 4.033467e-09
3.395961e+01 3.967448e-01 6.157321e-09
3.395961e+01 5.552783e-01 9.272139e-09
3.395961e+01 7.774819e-01 1.320676e-08
3.395961e+01 1.088445e+00 1.772362e-08
3.395961e+01 1.523711e+00 2.295727e-08
3.395961e+01 2.088426e+00 2.878901e-08
3.395961e+01 2.685505e+00 3.258091e-08
3.465880e+01 1.570796e-02 9.003941e-12
3.465880e+01 2.346256e-02 2.236457e-11
3.465880e+01 3.503514e-02 4.776633e-11
3.465880e+01 5.263151e-02 9.230545e-11
3.465880e+01 7.314235e-02 2.012057e-10
3.465880e+01 1.025928e-01 2.995530e-10
3.465880e+01 1.448116e-01 5.188842e-10
3.465880e+01 2.023460e-01 8.207522e-10
3.465880e+01 2.834245e-01 1.304737e-09
3.465880e+01 3.967448e-01 2.003584e-09
3.465880e+01 5.552783e-01 3.027273e-09
3.465880e+01 7.774819e-01 4.334996e-09
3.465880e+01 1.088445e+00 5.876406e-09
3.465880e+01 1.523711e+00 7.781834e-09
3.465880e+01 2.088426e+00 1.021689e-08
3.465880e+01 2.685505e+00 1.234914e-08
3.537197e+01 1.570796e-02 0.000000e+00
3.537197e+01 2.346256e-02 0.000000e+00
3.537197e+01 3.503514e-02 0.000000e+00
3.537197e+01 5.263151e-02 0.000000e+00
3.537197e+01 7.314235e-02 0.000000e+00
3.537197e+01 1.025928e-01 0.000000e+00
3.537197e+01 1.448116e-01 0.000000e+00
3.537197e+01 2.023460e-01 0.000000e+00
3.537197e+01 2.834245e-01 0.000000e+00
3.537197e+01 3.967448e-01 0.000000e+00
3.537197e+01 5.552783e-01 0.000000e+00
3.537197e+01 7.774819e-01 0.000000e+00
3.537197e+01 1.088445e+00 0.000000e+00
3.537197e+01 1.523711e+00 0.000000e+00
3.537197e+01 2.088426e+00 0.000000e+00
3.537197e+01 2.685505e+00 0.000000e+00
