5.000000e+00 1.570796e-02 -2.950209e-04
5.000000e+00 2.346256e-02 -2.842896e-04
5.000000e+00 3.503514e-02 -3.419798e-04
5.000000e+00 5.263151e-02 -6.248515e-04
5.000000e+00 7.314235e-02 -8.080628e-04
5.000000e+00 1.025928e-01 -5.843721e-04
5.000000e+00 1.448116e-01 -7.286708e-04
5.000000e+00 2.023460e-01 -6.723657e-04
5.000000e+00 2.834245e-01 -7.918674e-04
5.000000e+00 3.967448e-01 -5.576259e-04
5.000000e+00 5.552783e-01 -4.836075e-04
5.000000e+00 7.774819e-01 -4.252393e-04
5.000000e+00 1.088445e+00 -3.695376e-04
5.000000e+00 1.523711e+00 -3.529899e-04
5.000000e+00 2.088426e+00 -3.848835e-04
5.000000e+00 2.685505e+00 -4.146304e-04
5.120000e+00 1.570796e-02 -5.980256e-04
5.120000e+00 2.346256e-02 -7.026978e-04
5.120000e+00 3.503514e-02 -1.135751e-03
5.120000e+00 5.263151e-02 -1.924460e-03
5.120000e+00 7.314235e-02 -2.732012e-03
5.120000e+00 1.025928e-01 -2.071386e-03
5.120000e+00 1.448116e-01 -2.638190e-03
5.120000e+00 2.023460e-01 -2.302070e-03
5.120000e+00 2.834245e-01 -2.368599e-03
5.120000e+00 3.967448e-01 -1.774709e-03
5.120000e+00 5.552783e-01 -1.609153e-03
5.120000e+00 7.774819e-01 -1.399823e-03
5.120000e+00 1.088445e+00 -1.225024e-03
5.120000e+00 1.523711e+00 -1.150138e-03
5.120000e+00 2.088426e+00 -1.229940e-03
5.120000e+00 2.685505e+00 -1.325140e-03
5.242400e+00 1.570796e-02 -8.017661e-04
5.242400e+00 2.346256e-02 -1.407841e-03
5.242400e+00 3.503514e-02 -2.259194e-03
5.242400e+00 5.263151e-02 -3.467637e-03
5.242400e+00 7.314235e-02 -5.646926e-03
5.242400e+00 1.025928e-01 -4.149113e-03
5.242400e+00 1.448116e-01 -5.006726e-03
5.242400e+00 2.023460e-01 -5.016216e-03
5.242400e+00 2.834245e-01 -4.793353e-03
5.242400e+00 3.967448e-01 -3.931307e-03
5.242400e+00 5.552783e-01 -3.546498e-03
5.242400e+00 7.774819e-01 -3.011112e-03
5.242400e+00 1.088445e+00 -2.610017e-03
5.242400e+00 1.523711e+00 -2.417635e-03
5.242400e+00 2.088426e+00 -2.576376e-03
5.242400e+00 2.685505e+00 -2.715625e-03
5.367248e+00 1.570796e-02 -8.695940e-04
5.367248e+00 2.346256e-02 -1.990696e-03
5.367248e+00 3.503514e-02 -3.611310e-03
5.367248e+00 5.263151e-02 -5.327370e-03
5.367248e+00 7.314235e-02 -8.840503e-03
5.367248e+00 1.025928e-01 -7.475701e-03
5.367248e+00 1.448116e-01 -8.555438e-03
5.367248e+00 2.023460e-01 -8.863576e-03
5.367248e+00 2.834245e-01 -8.257945e-03
5.367248e+00 3.967448e-01 -7.067854e-03
5.367248e+00 5.552783e-01 -6.286577e-03
5.367248e+00 7.774819e-01 -5.384240e-03
5.367248e+00 1.088445e+00 -4.571712e-03
5.367248e+00 1.523711e+00 -4.181311e-03
5.367248e+00 2.088426e+00 -4.391667e-03
5.367248e+00 2.685505e+00 -4.568464e-03
5.494593e+00 1.570796e-02 -9.319929e-04
5.494593e+00 2.346256e-02 -2.383020e-03
5.494593e+00 3.503514e-02 -4.575010e-03
5.494593e+00 5.263151e-02 -7.039266e-03
5.494593e+00 7.314235e-02 -1.186306e-02
5.494593e+00 1.025928e-01 -1.125625e-02
5.494593e+00 1.448116e-01 -1.335103e-02
5.494593e+00 2.023460e-01 -1.352832e-02
5.494593e+00 2.834245e-01 -1.310755e-02
5.494593e+00 3.967448e-01 -1.104761e-02
5.494593e+00 5.552783e-01 -9.902083e-03
5.494593e+00 7.774819e-01 -8.434411e-03
5.494593e+00 1.088445e+00 -7.085428e-03
5.494593e+00 1.523711e+00 -6.380442e-03
5.494593e+00 2.088426e+00 -6.664940e-03
5.494593e+00 2.685505e+00 -6.918882e-03
5.624485e+00 1.570796e-02 -9.503095e-04
5.624485e+00 2.346256e-02 -2.444131e-03
5.624485e+00 3.503514e-02 -5.110580e-03
5.624485e+00 5.263151e-02 -8.444844e-03
5.624485e+00 7.314235e-02 -1.447227e-02
5.624485e+00 1.025928e-01 -1.529585e-02
5.624485e+00 1.448116e-01 -1.824420e-02
5.624485e+00 2.023460e-01 -1.856944e-02
5.624485e+00 2.834245e-01 -1.818274e-02
5.624485e+00 3.967448e-01 -1.570062e-02
5.624485e+00 5.552783e-01 -1.411927e-02
5.624485e+00 7.774819e-01 -1.198029e-02
5.624485e+00 1.088445e+00 -1.008045e-02
5.624485e+00 1.523711e+00 -8.929758e-03
5.624485e+00 2.088426e+00 -9.204987e-03
5.624485e+00 2.685505e+00 -9.452701e-03
5.756975e+00 1.570796e-02 -9.795094e-04
5.756975e+00 2.346256e-02 -2.372061e-03
5.756975e+00 3.503514e-02 -5.291083e-03
5.756975e+00 5.263151e-02 -9.222232e-03
5.756975e+00 7.314235e-02 -1.605914e-02
5.756975e+00 1.025928e-01 -1.835374e-02
5.756975e+00 1.448116e-01 -2.279896e-02
5.756975e+00 2.023460e-01 -2.354935e-02
5.756975e+00 2.834245e-01 -2.317011e-02
5.756975e+00 3.967448e-01 -2.056071e-02
5.756975e+00 5.552783e-01 -1.849545e-02
5.756975e+00 7.774819e-01 -1.573983e-02
5.756975e+00 1.088445e+00 -1.313733e-02
5.756975e+00 1.523711e+00 -1.150737e-02
5.756975e+00 2.088426e+00 -1.173843e-02
5.756975e+00 2.685505e+00 -1.193668e-02
5.892114e+00 1.570796e-02 -9.554786e-04
5.892114e+00 2.346256e-02 -2.232801e-03
5.892114e+00 3.503514e-02 -5.137752e-03
5.892114e+00 5.263151e-02 -9.277236e-03
5.892114e+00 7.314235e-02 -1.689127e-02
5.892114e+00 1.025928e-01 -2.068234e-02
5.892114e+00 1.448116e-01 -2.698020e-02
5.892114e+00 2.023460e-01 -2.811318e-02
5.892114e+00 2.834245e-01 -2.786473e-02
5.892114e+00 3.967448e-01 -2.539104e-02
5.892114e+00 5.552783e-01 -2.291762e-02
5.892114e+00 7.774819e-01 -1.953642e-02
5.892114e+00 1.088445e+00 -1.624873e-02
5.892114e+00 1.523711e+00 -1.418220e-02
5.892114e+00 2.088426e+00 -1.424292e-02
5.892114e+00 2.685505e+00 -1.433389e-02
6.029956e+00 1.570796e-02 -8.864795e-04
6.029956e+00 2.346256e-02 -2.121845e-03
6.029956e+00 3.503514e-02 -4.828019e-03
6.029956e+00 5.263151e-02 -9.050564e-03
6.029956e+00 7.314235e-02 -1.697491e-02
6.029956e+00 1.025928e-01 -2.196864e-02
6.029956e+00 1.448116e-01 -2.950012e-02
6.029956e+00 2.023460e-01 -3.175567e-02
6.029956e+00 2.834245e-01 -3.205283e-02
6.029956e+00 3.967448e-01 -2.975014e-02
6.029956e+00 5.552783e-01 -2.696813e-02
6.029956e+00 7.774819e-01 -2.299530e-02
6.029956e+00 1.088445e+00 -1.919509e-02
6.029956e+00 1.523711e+00 -1.658312e-02
6.029956e+00 2.088426e+00 -1.647477e-02
6.029956e+00 2.685505e+00 -1.633224e-02
6.170555e+00 1.570796e-02 -8.086370e-04
6.170555e+00 2.346256e-02 -1.951482e-03
6.170555e+00 3.503514e-02 -4.551260e-03
6.170555e+00 5.263151e-02 -8.671878e-03
6.170555e+00 7.314235e-02 -1.650162e-02
6.170555e+00 1.025928e-01 -2.236319e-02
6.170555e+00 1.448116e-01 -3.096188e-02
6.170555e+00 2.023460e-01 -3.433468e-02
6.170555e+00 2.834245e-01 -3.526491e-02
6.170555e+00 3.967448e-01 -3.326539e-02
6.170555e+00 5.552783e-01 -3.049609e-02
6.170555e+00 7.774819e-01 -2.620261e-02
6.170555e+00 1.088445e+00 -2.182011e-02
6.170555e+00 1.523711e+00 -1.873408e-02
6.170555e+00 2.088426e+00 -1.841755e-02
6.170555e+00 2.685505e+00 -1.815732e-02
6.313967e+00 1.570796e-02 -7.312565e-04
6.313967e+00 2.346256e-02 -1.798628e-03
6.313967e+00 3.503514e-02 -4.156591e-03
6.313967e+00 5.263151e-02 -8.085171e-03
6.313967e+00 7.314235e-02 -1.559275e-02
6.313967e+00 1.025928e-01 -2.198108e-02
6.313967e+00 1.448116e-01 -3.137967e-02
6.313967e+00 2.023460e-01 -3.578458e-02
6.313967e+00 2.834245e-01 -3.749713e-02
6.313967e+00 3.967448e-01 -3.621694e-02
6.313967e+00 5.552783e-01 -3.351174e-02
6.313967e+00 7.774819e-01 -2.897443e-02
6.313967e+00 1.088445e+00 -2.411554e-02
6.313967e+00 1.523711e+00 -2.059930e-02
6.313967e+00 2.088426e+00 -2.012195e-02
6.313967e+00 2.685505e+00 -1.953267e-02
6.460246e+00 1.570796e-02 -6.715469e-04
6.460246e+00 2.346256e-02 -1.674261e-03
6.460246e+00 3.503514e-02 -3.733180e-03
6.460246e+00 5.263151e-02 -7.411931e-03
6.460246e+00 7.314235e-02 -1.452602e-02
6.460246e+00 1.025928e-01 -2.098163e-02
6.460246e+00 1.448116e-01 -3.095982e-02
6.460246e+00 2.023460e-01 -3.627210e-02
6.460246e+00 2.834245e-01 -3.892599e-02
6.460246e+00 3.967448e-01 -3.837529e-02
6.460246e+00 5.552783e-01 -3.592142e-02
6.460246e+00 7.774819e-01 -3.128424e-02
6.460246e+00 1.088445e+00 -2.607464e-02
6.460246e+00 1.523711e+00 -2.218643e-02
6.460246e+00 2.088426e+00 -2.152175e-02
6.460246e+00 2.685505e+00 -2.081765e-02
6.609451e+00 1.570796e-02 -6.129297e-04
6.609451e+00 2.346256e-02 -1.528899e-03
6.609451e+00 3.503514e-02 -3.304853e-03
6.609451e+00 5.263151e-02 -6.753853e-03
6.609451e+00 7.314235e-02 -1.336594e-02
6.609451e+00 1.025928e-01 -1.971867e-02
6.609451e+00 1.448116e-01 -2.990210e-02
6.609451e+00 2.023460e-01 -3.595914e-02
6.609451e+00 2.834245e-01 -3.955897e-02
6.609451e+00 3.967448e-01 -3.971201e-02
6.609451e+00 5.552783e-01 -3.761249e-02
6.609451e+00 7.774819e-01 -3.312981e-02
6.609451e+00 1.088445e+00 -2.768509e-02
6.609451e+00 1.523711e+00 -2.355827e-02
6.609451e+00 2.088426e+00 -2.271662e-02
6.609451e+00 2.685505e+00 -2.173901e-02
6.761640e+00 1.570796e-02 -5.589163e-04
6.761640e+00 2.346256e-02 -1.392783e-03
6.761640e+00 3.503514e-02 -2.940973e-03
6.761640e+00 5.263151e-02 -6.119914e-03
6.761640e+00 7.314235e-02 -1.218603e-02
6.761640e+00 1.025928e-01 -1.831813e-02
6.761640e+00 1.448116e-01 -2.830018e-02
6.761640e+00 2.023460e-01 -3.497179e-02
6.761640e+00 2.834245e-01 -3.945994e-02
6.761640e+00 3.967448e-01 -4.035287e-02
6.761640e+00 5.552783e-01 -3.881007e-02
6.761640e+00 7.774819e-01 -3.443681e-02
6.761640e+00 1.088445e+00 -2.891832e-02
6.761640e+00 1.523711e+00 -2.464291e-02
6.761640e+00 2.088426e+00 -2.366406e-02
6.761640e+00 2.685505e+00 -2.258352e-02
6.916873e+00 1.570796e-02 -5.058424e-04
6.916873e+00 2.346256e-02 -1.276082e-03
6.916873e+00 3.503514e-02 -2.639616e-03
6.916873e+00 5.263151e-02 -5.523054e-03
6.916873e+00 7.314235e-02 -1.103959e-02
6.916873e+00 1.025928e-01 -1.674054e-02
6.916873e+00 1.448116e-01 -2.632957e-02
6.916873e+00 2.023460e-01 -3.339656e-02
6.916873e+00 2.834245e-01 -3.871609e-02
6.916873e+00 3.967448e-01 -4.037582e-02
6.916873e+00 5.552783e-01 -3.937288e-02
6.916873e+00 7.774819e-01 -3.532938e-02
6.916873e+00 1.088445e+00 -2.982871e-02
6.916873e+00 1.523711e+00 -2.543186e-02
6.916873e+00 2.088426e+00 -2.437095e-02
6.916873e+00 2.685505e+00 -2.298714e-02
7.075210e+00 1.570796e-02 -4.504048e-04
7.075210e+00 2.346256e-02 -1.155828e-03
7.075210e+00 3.503514e-02 -2.373613e-03
7.075210e+00 5.263151e-02 -4.971669e-03
7.075210e+00 7.314235e-02 -9.934399e-03
7.075210e+00 1.025928e-01 -1.514382e-02
7.075210e+00 1.448116e-01 -2.419284e-02
7.075210e+00 2.023460e-01 -3.148926e-02
7.075210e+00 2.834245e-01 -3.746701e-02
7.075210e+00 3.967448e-01 -3.987847e-02
7.075210e+00 5.552783e-01 -3.943372e-02
7.075210e+00 7.774819e-01 -3.577092e-02
7.075210e+00 1.088445e+00 -3.036187e-02
7.075210e+00 1.523711e+00 -2.598896e-02
7.075210e+00 2.088426e+00 -2.487868e-02
7.075210e+00 2.685505e+00 -2.336707e-02
7.236714e+00 1.570796e-02 -3.973062e-04
7.236714e+00 2.346256e-02 -1.049920e-03
7.236714e+00 3.503514e-02 -2.127190e-03
7.236714e+00 5.263151e-02 -4.466868e-03
7.236714e+00 7.314235e-02 -8.915587e-03
7.236714e+00 1.025928e-01 -1.360203e-02
7.236714e+00 1.448116e-01 -2.205767e-02
7.236714e+00 2.023460e-01 -2.933202e-02
7.236714e+00 2.834245e-01 -3.578853e-02
7.236714e+00 3.967448e-01 -3.888206e-02
7.236714e+00 5.552783e-01 -3.900841e-02
7.236714e+00 7.774819e-01 -3.581495e-02
7.236714e+00 1.088445e+00 -3.057142e-02
7.236714e+00 1.523711e+00 -2.625774e-02
7.236714e+00 2.088426e+00 -2.516639e-02
7.236714e+00 2.685505e+00 -2.342673e-02
7.401449e+00 1.570796e-02 -3.490032e-04
7.401449e+00 2.346256e-02 -9.544424e-04
7.401449e+00 3.503514e-02 -1.899127e-03
7.401449e+00 5.263151e-02 -3.994957e-03
7.401449e+00 7.314235e-02 -7.980383e-03
7.401449e+00 1.025928e-01 -1.218648e-02
7.401449e+00 1.448116e-01 -1.997651e-02
7.401449e+00 2.023460e-01 -2.706042e-02
7.401449e+00 2.834245e-01 -3.378406e-02
7.401449e+00 3.967448e-01 -3.747444e-02
7.401449e+00 5.552783e-01 -3.809617e-02
7.401449e+00 7.774819e-01 -3.544036e-02
7.401449e+00 1.088445e+00 -3.052006e-02
7.401449e+00 1.523711e+00 -2.634489e-02
7.401449e+00 2.088426e+00 -2.528325e-02
7.401449e+00 2.685505e+00 -2.343532e-02
7.569477e+00 1.570796e-02 -3.056661e-04
7.569477e+00 2.346256e-02 -8.620499e-04
7.569477e+00 3.503514e-02 -1.700756e-03
7.569477e+00 5.263151e-02 -3.559362e-03
7.569477e+00 7.314235e-02 -7.120494e-03
7.569477e+00 1.025928e-01 -1.085977e-02
7.569477e+00 1.448116e-01 -1.795366e-02
7.569477e+00 2.023460e-01 -2.476533e-02
7.569477e+00 2.834245e-01 -3.157081e-02
7.569477e+00 3.967448e-01 -3.570065e-02
7.569477e+00 5.552783e-01 -3.687820e-02
7.569477e+00 7.774819e-01 -3.470490e-02
7.569477e+00 1.088445e+00 -3.016615e-02
7.569477e+00 1.523711e+00 -2.626217e-02
7.569477e+00 2.088426e+00 -2.517186e-02
7.569477e+00 2.685505e+00 -2.314682e-02
7.740867e+00 1.570796e-02 -2.697455e-04
7.740867e+00 2.346256e-02 -7.746268e-04
7.740867e+00 3.503514e-02 -1.516626e-03
7.740867e+00 5.263151e-02 -3.169369e-03
7.740867e+00 7.314235e-02 -6.340386e-03
7.740867e+00 1.025928e-01 -9.675783e-03
7.740867e+00 1.448116e-01 -1.607357e-02
7.740867e+00 2.023460e-01 -2.247597e-02
7.740867e+00 2.834245e-01 -2.918192e-02
7.740867e+00 3.967448e-01 -3.364104e-02
7.740867e+00 5.552783e-01 -3.533721e-02
7.740867e+00 7.774819e-01 -3.366251e-02
7.740867e+00 1.088445e+00 -2.956049e-02
7.740867e+00 1.523711e+00 -2.592225e-02
7.740867e+00 2.088426e+00 -2.485332e-02
7.740867e+00 2.685505e+00 -2.273834e-02
7.915684e+00 1.570796e-02 -2.400846e-04
7.915684e+00 2.346256e-02 -6.932974e-04
7.915684e+00 3.503514e-02 -1.351481e-03
7.915684e+00 5.263151e-02 -2.814550e-03
7.915684e+00 7.314235e-02 -5.628448e-03
7.915684e+00 1.025928e-01 -8.615777e-03
7.915684e+00 1.448116e-01 -1.434549e-02
7.915684e+00 2.023460e-01 -2.027849e-02
7.915684e+00 2.834245e-01 -2.674494e-02
7.915684e+00 3.967448e-01 -3.141976e-02
7.915684e+00 5.552783e-01 -3.347556e-02
7.915684e+00 7.774819e-01 -3.231854e-02
7.915684e+00 1.088445e+00 -2.875393e-02
7.915684e+00 1.523711e+00 -2.543297e-02
7.915684e+00 2.088426e+00 -2.440753e-02
7.915684e+00 2.685505e+00 -2.222923e-02
8.093998e+00 1.570796e-02 -2.122382e-04
8.093998e+00 2.346256e-02 -6.148132e-04
8.093998e+00 3.503514e-02 -1.204679e-03
8.093998e+00 5.263151e-02 -2.497815e-03
8.093998e+00 7.314235e-02 -4.990595e-03
8.093998e+00 1.025928e-01 -7.664088e-03
8.093998e+00 1.448116e-01 -1.277608e-02
8.093998e+00 2.023460e-01 -1.817684e-02
8.093998e+00 2.834245e-01 -2.429527e-02
8.093998e+00 3.967448e-01 -2.905516e-02
8.093998e+00 5.552783e-01 -3.146045e-02
8.093998e+00 7.774819e-01 -3.080947e-02
8.093998e+00 1.088445e+00 -2.770735e-02
8.093998e+00 1.523711e+00 -2.476544e-02
8.093998e+00 2.088426e+00 -2.384684e-02
8.093998e+00 2.685505e+00 -2.162904e-02
8.275878e+00 1.570796e-02 -1.880653e-04
8.275878e+00 2.346256e-02 -5.472037e-04
8.275878e+00 3.503514e-02 -1.072597e-03
8.275878e+00 5.263151e-02 -2.209400e-03
8.275878e+00 7.314235e-02 -4.422751e-03
8.275878e+00 1.025928e-01 -6.795518e-03
8.275878e+00 1.448116e-01 -1.133422e-02
8.275878e+00 2.023460e-01 -1.619738e-02
8.275878e+00 2.834245e-01 -2.191889e-02
8.275878e+00 3.967448e-01 -2.661935e-02
8.275878e+00 5.552783e-01 -2.932326e-02
8.275878e+00 7.774819e-01 -2.912216e-02
8.275878e+00 1.088445e+00 -2.651241e-02
8.275878e+00 1.523711e+00 -2.396762e-02
8.275878e+00 2.088426e+00 -2.319904e-02
8.275878e+00 2.685505e+00 -2.091139e-02
8.461396e+00 1.570796e-02 -1.668064e-04
8.461396e+00 2.346256e-02 -4.857863e-04
8.461396e+00 3.503514e-02 -9.550495e-04
8.461396e+00 5.263151e-02 -1.949133e-03
8.461396e+00 7.314235e-02 -3.898208e-03
8.461396e+00 1.025928e-01 -6.012187e-03
8.461396e+00 1.448116e-01 -1.001388e-02
8.461396e+00 2.023460e-01 -1.437770e-02
8.461396e+00 2.834245e-01 -1.965889e-02
8.461396e+00 3.967448e-01 -2.421232e-02
8.461396e+00 5.552783e-01 -2.712278e-02
8.461396e+00 7.774819e-01 -2.731853e-02
8.461396e+00 1.088445e+00 -2.519787e-02
8.461396e+00 1.523711e+00 -2.306738e-02
8.461396e+00 2.088426e+00 -2.244872e-02
8.461396e+00 2.685505e+00 -2.009585e-02
8.650623e+00 1.570796e-02 -1.483246e-04
8.650623e+00 2.346256e-02 -4.241629e-04
8.650623e+00 3.503514e-02 -8.441090e-04
8.650623e+00 5.263151e-02 -1.710635e-03
8.650623e+00 7.314235e-02 -3.428100e-03
8.650623e+00 1.025928e-01 -5.285836e-03
8.650623e+00 1.448116e-01 -8.803501e-03
8.650623e+00 2.023460e-01 -1.267817e-02
8.650623e+00 2.834245e-01 -1.750678e-02
8.650623e+00 3.967448e-01 -2.187299e-02
8.650623e+00 5.552783e-01 -2.486316e-02
8.650623e+00 7.774819e-01 -2.542136e-02
8.650623e+00 1.088445e+00 -2.380058e-02
8.650623e+00 1.523711e+00 -2.203332e-02
8.650623e+00 2.088426e+00 -2.150057e-02
8.650623e+00 2.685505e+00 -1.915706e-02
8.843636e+00 1.570796e-02 -1.311482e-04
8.843636e+00 2.346256e-02 -3.682628e-04
8.843636e+00 3.503514e-02 -7.411634e-04
8.843636e+00 5.263151e-02 -1.499985e-03
8.843636e+00 7.314235e-02 -3.012521e-03
8.843636e+00 1.025928e-01 -4.631630e-03
8.843636e+00 1.448116e-01 -7.710754e-03
8.843636e+00 2.023460e-01 -1.114610e-02
8.843636e+00 2.834245e-01 -1.551070e-02
8.843636e+00 3.967448e-01 -1.962385e-02
8.843636e+00 5.552783e-01 -2.265505e-02
8.843636e+00 7.774819e-01 -2.345396e-02
8.843636e+00 1.088445e+00 -2.227525e-02
8.843636e+00 1.523711e+00 -2.088898e-02
8.843636e+00 2.088426e+00 -2.048962e-02
8.843636e+00 2.685505e+00 -1.817427e-02
9.040509e+00 1.570796e-02 -1.153683e-04
9.040509e+00 2.346256e-02 -3.187200e-04
9.040509e+00 3.503514e-02 -6.464399e-04
9.040509e+00 5.263151e-02 -1.315240e-03
9.040509e+00 7.314235e-02 -2.635304e-03
9.040509e+00 1.025928e-01 -4.039322e-03
9.040509e+00 1.448116e-01 -6.738660e-03
9.040509e+00 2.023460e-01 -9.763774e-03
9.040509e+00 2.834245e-01 -1.367697e-02
9.040509e+00 3.967448e-01 -1.751167e-02
9.040509e+00 5.552783e-01 -2.049986e-02
9.040509e+00 7.774819e-01 -2.152366e-02
9.040509e+00 1.088445e+00 -2.071971e-02
9.040509e+00 1.523711e+00 -1.968389e-02
9.040509e+00 2.088426e+00 -1.942514e-02
9.040509e+00 2.685505e+00 -1.715401e-02
9.241319e+00 1.570796e-02 -1.007272e-04
9.241319e+00 2.346256e-02 -2.742686e-04
9.241319e+00 3.503514e-02 -5.640524e-04
9.241319e+00 5.263151e-02 -1.145126e-03
9.241319e+00 7.314235e-02 -2.290627e-03
9.241319e+00 1.025928e-01 -3.518136e-03
9.241319e+00 1.448116e-01 -5.860940e-03
9.241319e+00 2.023460e-01 -8.524845e-03
9.241319e+00 2.834245e-01 -1.198938e-02
9.241319e+00 3.967448e-01 -1.551362e-02
9.241319e+00 5.552783e-01 -1.838829e-02
9.241319e+00 7.774819e-01 -1.959852e-02
9.241319e+00 1.088445e+00 -1.914789e-02
9.241319e+00 1.523711e+00 -1.844538e-02
9.241319e+00 2.088426e+00 -1.835549e-02
9.241319e+00 2.685505e+00 -1.612824e-02
9.446145e+00 1.570796e-02 -8.739927e-05
9.446145e+00 2.346256e-02 -2.361924e-04
9.446145e+00 3.503514e-02 -4.892023e-04
9.446145e+00 5.263151e-02 -9.926060e-04
9.446145e+00 7.314235e-02 -1.984968e-03
9.446145e+00 1.025928e-01 -3.053111e-03
9.446145e+00 1.448116e-01 -5.074563e-03
9.446145e+00 2.023460e-01 -7.417124e-03
9.446145e+00 2.834245e-01 -1.047411e-02
9.446145e+00 3.967448e-01 -1.367044e-02
9.446145e+00 5.552783e-01 -1.639724e-02
9.446145e+00 7.774819e-01 -1.772546e-02
9.446145e+00 1.088445e+00 -1.758366e-02
9.446145e+00 1.523711e+00 -1.720081e-02
9.446145e+00 2.088426e+00 -1.721908e-02
9.446145e+00 2.685505e+00 -1.508755e-02
9.655068e+00 1.570796e-02 -7.509367e-05
9.655068e+00 2.346256e-02 -2.034427e-04
9.655068e+00 3.503514e-02 -4.217167e-04
9.655068e+00 5.263151e-02 -8.561534e-04
9.655068e+00 7.314235e-02 -1.712714e-03
9.655068e+00 1.025928e-01 -2.643440e-03
9.655068e+00 1.448116e-01 -4.384635e-03
9.655068e+00 2.023460e-01 -6.418029e-03
9.655068e+00 2.834245e-01 -9.095056e-03
9.655068e+00 3.967448e-01 -1.197000e-02
9.655068e+00 5.552783e-01 -1.451356e-02
9.655068e+00 7.774819e-01 -1.592101e-02
9.655068e+00 1.088445e+00 -1.602216e-02
9.655068e+00 1.523711e+00 -1.592994e-02
9.655068e+00 2.088426e+00 -1.605835e-02
9.655068e+00 2.685505e+00 -1.408425e-02
9.868170e+00 1.570796e-02 -6.539506e-05
9.868170e+00 2.346256e-02 -1.766034e-04
9.868170e+00 3.503514e-02 -3.629247e-04
9.868170e+00 5.263151e-02 -7.397370e-04
9.868170e+00 7.314235e-02 -1.475932e-03
9.868170e+00 1.025928e-01 -2.275415e-03
9.868170e+00 1.448116e-01 -3.771733e-03
9.868170e+00 2.023460e-01 -5.538600e-03
9.868170e+00 2.834245e-01 -7.873983e-03
9.868170e+00 3.967448e-01 -1.042173e-02
9.868170e+00 5.552783e-01 -1.276901e-02
9.868170e+00 7.774819e-01 -1.420616e-02
9.868170e+00 1.088445e+00 -1.451635e-02
9.868170e+00 1.523711e+00 -1.464018e-02
9.868170e+00 2.088426e+00 -1.489517e-02
9.868170e+00 2.685505e+00 -1.306954e-02
1.008553e+01 1.570796e-02 -5.563832e-05
1.008553e+01 2.346256e-02 -1.505836e-04
1.008553e+01 3.503514e-02 -3.107899e-04
1.008553e+01 5.263151e-02 -6.343033e-04
1.008553e+01 7.314235e-02 -1.261535e-03
1.008553e+01 1.025928e-01 -1.951494e-03
1.008553e+01 1.448116e-01 -3.227430e-03
1.008553e+01 2.023460e-01 -4.756659e-03
1.008553e+01 2.834245e-01 -6.780551e-03
1.008553e+01 3.967448e-01 -9.022327e-03
1.008553e+01 5.552783e-01 -1.115759e-02
1.008553e+01 7.774819e-01 -1.256599e-02
1.008553e+01 1.088445e+00 -1.305117e-02
1.008553e+01 1.523711e+00 -1.337338e-02
1.008553e+01 2.088426e+00 -1.372814e-02
1.008553e+01 2.685505e+00 -1.205339e-02
1.030724e+01 1.570796e-02 -4.779163e-05
1.030724e+01 2.346256e-02 -1.273406e-04
1.030724e+01 3.503514e-02 -2.648953e-04
1.030724e+01 5.263151e-02 -5.408294e-04
1.030724e+01 7.314235e-02 -1.077274e-03
1.030724e+01 1.025928e-01 -1.669272e-03
1.030724e+01 1.448116e-01 -2.754505e-03
1.030724e+01 2.023460e-01 -4.066932e-03
1.030724e+01 2.834245e-01 -5.805528e-03
1.030724e+01 3.967448e-01 -7.769469e-03
1.030724e+01 5.552783e-01 -9.682458e-03
1.030724e+01 7.774819e-01 -1.105916e-02
1.030724e+01 1.088445e+00 -1.166231e-02
1.030724e+01 1.523711e+00 -1.211851e-02
1.030724e+01 2.088426e+00 -1.260129e-02
1.030724e+01 2.685505e+00 -1.106244e-02
1.053339e+01 1.570796e-02 -4.086954e-05
1.053339e+01 2.346256e-02 -1.055361e-04
1.053339e+01 3.503514e-02 -2.251265e-04
1.053339e+01 5.263151e-02 -4.583605e-04
1.053339e+01 7.314235e-02 -9.156518e-04
1.053339e+01 1.025928e-01 -1.419657e-03
1.053339e+01 1.448116e-01 -2.342176e-03
1.053339e+01 2.023460e-01 -3.461217e-03
1.053339e+01 2.834245e-01 -4.949127e-03
1.053339e+01 3.967448e-01 -6.651361e-03
1.053339e+01 5.552783e-01 -8.350804e-03
1.053339e+01 7.774819e-01 -9.656576e-03
1.053339e+01 1.088445e+00 -1.036473e-02
1.053339e+01 1.523711e+00 -1.096646e-02
1.053339e+01 2.088426e+00 -1.150685e-02
1.053339e+01 2.685505e+00 -1.009417e-02
1.076406e+01 1.570796e-02 -3.476015e-05
1.076406e+01 2.346256e-02 -8.790006e-05
1.076406e+01 3.503514e-02 -1.903985e-04
1.076406e+01 5.263151e-02 -3.871145e-04
1.076406e+01 7.314235e-02 -7.706068e-04
1.076406e+01 1.025928e-01 -1.201262e-03
1.076406e+01 1.448116e-01 -1.976846e-03
1.076406e+01 2.023460e-01 -2.932645e-03
1.076406e+01 2.834245e-01 -4.194154e-03
1.076406e+01 3.967448e-01 -5.657003e-03
1.076406e+01 5.552783e-01 -7.153407e-03
1.076406e+01 7.774819e-01 -8.378056e-03
1.076406e+01 1.088445e+00 -9.140191e-03
1.076406e+01 1.523711e+00 -9.844370e-03
1.076406e+01 2.088426e+00 -1.044500e-02
1.076406e+01 2.685505e+00 -9.182568e-03
1.099934e+01 1.570796e-02 -2.960141e-05
1.099934e+01 2.346256e-02 -7.367413e-05
1.099934e+01 3.503514e-02 -1.607404e-04
1.099934e+01 5.263151e-02 -3.247833e-04
1.099934e+01 7.314235e-02 -6.494339e-04
1.099934e+01 1.025928e-01 -1.014088e-03
1.099934e+01 1.448116e-01 -1.662262e-03
1.099934e+01 2.023460e-01 -2.470238e-03
1.099934e+01 2.834245e-01 -3.537680e-03
1.099934e+01 3.967448e-01 -4.792149e-03
1.099934e+01 5.552783e-01 -6.087649e-03
1.099934e+01 7.774819e-01 -7.233947e-03
1.099934e+01 1.088445e+00 -8.016184e-03
1.099934e+01 1.523711e+00 -8.778085e-03
1.099934e+01 2.088426e+00 -9.419790e-03
1.099934e+01 2.685505e+00 -8.308134e-03
1.123932e+01 1.570796e-02 -2.487787e-05
1.123932e+01 2.346256e-02 -6.033485e-05
1.123932e+01 3.503514e-02 -1.343534e-04
1.123932e+01 5.263151e-02 -2.726251e-04
1.123932e+01 7.314235e-02 -5.421944e-04
1.123932e+01 1.025928e-01 -8.497986e-04
1.123932e+01 1.448116e-01 -1.390327e-03
1.123932e+01 2.023460e-01 -2.072579e-03
1.123932e+01 2.834245e-01 -2.973907e-03
1.123932e+01 3.967448e-01 -4.031124e-03
1.123932e+01 5.552783e-01 -5.160015e-03
1.123932e+01 7.774819e-01 -6.205811e-03
1.123932e+01 1.088445e+00 -6.983966e-03
1.123932e+01 1.523711e+00 -7.780634e-03
1.123932e+01 2.088426e+00 -8.433533e-03
1.123932e+01 2.685505e+00 -7.488464e-03
1.148411e+01 1.570796e-02 -2.084926e-05
1.148411e+01 2.346256e-02 -4.975711e-05
1.148411e+01 3.503514e-02 -1.113048e-04
1.148411e+01 5.263151e-02 -2.268430e-04
1.148411e+01 7.314235e-02 -4.512214e-04
1.148411e+01 1.025928e-01 -7.065127e-04
1.148411e+01 1.448116e-01 -1.154532e-03
1.148411e+01 2.023460e-01 -1.731843e-03
1.148411e+01 2.834245e-01 -2.480463e-03
1.148411e+01 3.967448e-01 -3.367196e-03
1.148411e+01 5.552783e-01 -4.347946e-03
1.148411e+01 7.774819e-01 -5.289617e-03
1.148411e+01 1.088445e+00 -6.058737e-03
1.148411e+01 1.523711e+00 -6.854730e-03
1.148411e+01 2.088426e+00 -7.521584e-03
1.148411e+01 2.685505e+00 -6.693223e-03
1.173379e+01 1.570796e-02 -1.737612e-05
1.173379e+01 2.346256e-02 -4.088886e-05
1.173379e+01 3.503514e-02 -9.210989e-05
1.173379e+01 5.263151e-02 -1.872454e-04
1.173379e+01 7.314235e-02 -3.724341e-04
1.173379e+01 1.025928e-01 -5.842747e-04
1.173379e+01 1.448116e-01 -9.566186e-04
1.173379e+01 2.023460e-01 -1.431286e-03
1.173379e+01 2.834245e-01 -2.058056e-03
1.173379e+01 3.967448e-01 -2.797406e-03
1.173379e+01 5.552783e-01 -3.632113e-03
1.173379e+01 7.774819e-01 -4.484237e-03
1.173379e+01 1.088445e+00 -5.211669e-03
1.173379e+01 1.523711e+00 -5.992612e-03
1.173379e+01 2.088426e+00 -6.660176e-03
1.173379e+01 2.685505e+00 -5.968465e-03
1.198847e+01 1.570796e-02 -1.434850e-05
1.198847e+01 2.346256e-02 -3.358077e-05
1.198847e+01 3.503514e-02 -7.605060e-05
1.198847e+01 5.263151e-02 -1.551266e-04
1.198847e+01 7.314235e-02 -3.066213e-04
1.198847e+01 1.025928e-01 -4.815619e-04
1.198847e+01 1.448116e-01 -7.893213e-04
1.198847e+01 2.023460e-01 -1.182284e-03
1.198847e+01 2.834245e-01 -1.697859e-03
1.198847e+01 3.967448e-01 -2.315777e-03
1.198847e+01 5.552783e-01 -3.031148e-03
1.198847e+01 7.774819e-01 -3.782981e-03
1.198847e+01 1.088445e+00 -4.457925e-03
1.198847e+01 1.523711e+00 -5.217888e-03
1.198847e+01 2.088426e+00 -5.860510e-03
1.198847e+01 2.685505e+00 -5.281096e-03
1.224824e+01 1.570796e-02 -1.195349e-05
1.224824e+01 2.346256e-02 -2.724042e-05
1.224824e+01 3.503514e-02 -6.156508e-05
1.224824e+01 5.263151e-02 -1.269700e-04
1.224824e+01 7.314235e-02 -2.515873e-04
1.224824e+01 1.025928e-01 -3.930953e-04
1.224824e+01 1.448116e-01 -6.471422e-04
1.224824e+01 2.023460e-01 -9.695952e-04
1.224824e+01 2.834245e-01 -1.394218e-03
1.224824e+01 3.967448e-01 -1.905408e-03
1.224824e+01 5.552783e-01 -2.508662e-03
1.224824e+01 7.774819e-01 -3.158316e-03
1.224824e+01 1.088445e+00 -3.788870e-03
1.224824e+01 1.523711e+00 -4.507277e-03
1.224824e+01 2.088426e+00 -5.117572e-03
1.224824e+01 2.685505e+00 -4.622681e-03
1.251320e+01 1.570796e-02 -9.783644e-06
1.251320e+01 2.346256e-02 -2.216472e-05
1.251320e+01 3.503514e-02 -4.986907e-05
1.251320e+01 5.263151e-02 -1.033594e-04
1.251320e+01 7.314235e-02 -2.040931e-04
1.251320e+01 1.025928e-01 -3.184688e-04
1.251320e+01 1.448116e-01 -5.249842e-04
1.251320e+01 2.023460e-01 -7.916015e-04
1.251320e+01 2.834245e-01 -1.134481e-03
1.251320e+01 3.967448e-01 -1.554553e-03
1.251320e+01 5.552783e-01 -2.058381e-03
1.251320e+01 7.774819e-01 -2.626901e-03
1.251320e+01 1.088445e+00 -3.196468e-03
1.251320e+01 1.523711e+00 -3.877560e-03
1.251320e+01 2.088426e+00 -4.437125e-03
1.251320e+01 2.685505e+00 -4.021047e-03
1.278347e+01 1.570796e-02 -7.890559e-06
1.278347e+01 2.346256e-02 -1.820778e-05
1.278347e+01 3.503514e-02 -4.049778e-05
1.278347e+01 5.263151e-02 -8.360311e-05
1.278347e+01 7.314235e-02 -1.643630e-04
1.278347e+01 1.025928e-01 -2.577393e-04
1.278347e+01 1.448116e-01 -4.244430e-04
1.278347e+01 2.023460e-01 -6.421298e-04
1.278347e+01 2.834245e-01 -9.207854e-04
1.278347e+01 3.967448e-01 -1.264630e-03
1.278347e+01 5.552783e-01 -1.681867e-03
1.278347e+01 7.774819e-01 -2.170282e-03
1.278347e+01 1.088445e+00 -2.685149e-03
1.278347e+01 1.523711e+00 -3.310909e-03
1.278347e+01 2.088426e+00 -3.829206e-03
1.278347e+01 2.685505e+00 -3.491681e-03
1.305914e+01 1.570796e-02 -6.432208e-06
1.305914e+01 2.346256e-02 -1.432130e-05
1.305914e+01 3.503514e-02 -3.300123e-05
1.305914e+01 5.263151e-02 -6.817180e-05
1.305914e+01 7.314235e-02 -1.327894e-04
1.305914e+01 1.025928e-01 -2.073903e-04
1.305914e+01 1.448116e-01 -3.419022e-04
1.305914e+01 2.023460e-01 -5.192771e-04
1.305914e+01 2.834245e-01 -7.424931e-04
1.305914e+01 3.967448e-01 -1.023867e-03
1.305914e+01 5.552783e-01 -1.371609e-03
1.305914e+01 7.774819e-01 -1.784490e-03
1.305914e+01 1.088445e+00 -2.239749e-03
1.305914e+01 1.523711e+00 -2.809032e-03
1.305914e+01 2.088426e+00 -3.281506e-03
1.305914e+01 2.685505e+00 -3.000391e-03
1.334032e+01 1.570796e-02 -5.237032e-06
1.334032e+01 2.346256e-02 -1.126808e-05
1.334032e+01 3.503514e-02 -2.641178e-05
1.334032e+01 5.263151e-02 -5.430390e-05
1.334032e+01 7.314235e-02 -1.065954e-04
1.334032e+01 1.025928e-01 -1.660715e-04
1.334032e+01 1.448116e-01 -2.743138e-04
1.334032e+01 2.023460e-01 -4.176765e-04
1.334032e+01 2.834245e-01 -5.950844e-04
1.334032e+01 3.967448e-01 -8.256487e-04
1.334032e+01 5.552783e-01 -1.109236e-03
1.334032e+01 7.774819e-01 -1.454548e-03
1.334032e+01 1.088445e+00 -1.859428e-03
1.334032e+01 1.523711e+00 -2.364271e-03
1.334032e+01 2.088426e+00 -2.791847e-03
1.334032e+01 2.685505e+00 -2.575438e-03
1.362713e+01 1.570796e-02 -4.254457e-06
1.362713e+01 2.346256e-02 -8.794339e-06
1.362713e+01 3.503514e-02 -2.091142e-05
1.362713e+01 5.263151e-02 -4.292877e-05
1.362713e+01 7.314235e-02 -8.410209e-05
1.362713e+01 1.025928e-01 -1.315774e-04
1.362713e+01 1.448116e-01 -2.182729e-04
1.362713e+01 2.023460e-01 -3.319451e-04
1.362713e+01 2.834245e-01 -4.734162e-04
1.362713e+01 3.967448e-01 -6.582524e-04
1.362713e+01 5.552783e-01 -8.896372e-04
1.362713e+01 7.774819e-01 -1.172491e-03
1.362713e+01 1.088445e+00 -1.528996e-03
1.362713e+01 1.523711e+00 -1.968313e-03
1.362713e+01 2.088426e+00 -2.344602e-03
1.362713e+01 2.685505e+00 -2.167383e-03
1.391967e+01 1.570796e-02 -3.428054e-06
1.391967e+01 2.346256e-02 -6.589713e-06
1.391967e+01 3.503514e-02 -1.635964e-05
1.391967e+01 5.263151e-02 -3.318832e-05
1.391967e+01 7.314235e-02 -6.653496e-05
1.391967e+01 1.025928e-01 -1.039837e-04
1.391967e+01 1.448116e-01 -1.724340e-04
1.391967e+01 2.023460e-01 -2.616593e-04
1.391967e+01 2.834245e-01 -3.731316e-04
1.391967e+01 3.967448e-01 -5.224784e-04
1.391967e+01 5.552783e-01 -7.072552e-04
1.391967e+01 7.774819e-01 -9.410722e-04
1.391967e+01 1.088445e+00 -1.241274e-03
1.391967e+01 1.523711e+00 -1.622991e-03
1.391967e+01 2.088426e+00 -1.945847e-03
1.391967e+01 2.685505e+00 -1.816904e-03
1.421806e+01 1.570796e-02 -2.751576e-06
1.421806e+01 2.346256e-02 -5.254145e-06
1.421806e+01 3.503514e-02 -1.302268e-05
1.421806e+01 5.263151e-02 -2.604952e-05
1.421806e+01 7.314235e-02 -5.203305e-05
1.421806e+01 1.025928e-01 -8.111214e-05
1.421806e+01 1.448116e-01 -1.350997e-04
1.421806e+01 2.023460e-01 -2.051929e-04
1.421806e+01 2.834245e-01 -2.933711e-04
1.421806e+01 3.967448e-01 -4.097877e-04
1.421806e+01 5.552783e-01 -5.596529e-04
1.421806e+01 7.774819e-01 -7.512699e-04
1.421806e+01 1.088445e+00 -1.000467e-03
1.421806e+01 1.523711e+00 -1.328546e-03
1.421806e+01 2.088426e+00 -1.610625e-03
1.421806e+01 2.685505e+00 -1.499315e-03
1.452242e+01 1.570796e-02 -2.240665e-06
1.452242e+01 2.346256e-02 -4.148736e-06
1.452242e+01 3.503514e-02 -1.023003e-05
1.452242e+01 5.263151e-02 -2.037756e-05
1.452242e+01 7.314235e-02 -4.035340e-05
1.452242e+01 1.025928e-01 -6.293864e-05
1.452242e+01 1.448116e-01 -1.053537e-04
1.452242e+01 2.023460e-01 -1.610630e-04
1.452242e+01 2.834245e-01 -2.291772e-04
1.452242e+01 3.967448e-01 -3.204319e-04
1.452242e+01 5.552783e-01 -4.408577e-04
1.452242e+01 7.774819e-01 -5.932820e-04
1.452242e+01 1.088445e+00 -8.022351e-04
1.452242e+01 1.523711e+00 -1.080003e-03
1.452242e+01 2.088426e+00 -1.317874e-03
1.452242e+01 2.685505e+00 -1.207461e-03
1.483287e+01 1.570796e-02 -1.709838e-06
1.483287e+01 2.346256e-02 -3.116059e-06
1.483287e+01 3.503514e-02 -8.020570e-06
1.483287e+01 5.263151e-02 -1.555291e-05
1.483287e+01 7.314235e-02 -3.130960e-05
1.483287e+01 1.025928e-01 -4.857777e-05
1.483287e+01 1.448116e-01 -8.183815e-05
1.483287e+01 2.023460e-01 -1.254355e-04
1.483287e+01 2.834245e-01 -1.780684e-04
1.483287e+01 3.967448e-01 -2.496181e-04
1.483287e+01 5.552783e-01 -3.454571e-04
1.483287e+01 7.774819e-01 -4.676378e-04
1.483287e+01 1.088445e+00 -6.391831e-04
1.483287e+01 1.523711e+00 -8.693419e-04
1.483287e+01 2.088426e+00 -1.069338e-03
1.483287e+01 2.685505e+00 -9.860006e-04
1.514953e+01 1.570796e-02 -1.348911e-06
1.514953e+01 2.346256e-02 -2.414471e-06
1.514953e+01 3.503514e-02 -6.299308e-06
1.514953e+01 5.263151e-02 -1.188668e-05
1.514953e+01 7.314235e-02 -2.339865e-05
1.514953e+01 1.025928e-01 -3.623814e-05
1.514953e+01 1.448116e-01 -6.254020e-05
1.514953e+01 2.023460e-01 -9.559065e-05
1.514953e+01 2.834245e-01 -1.355059e-04
1.514953e+01 3.967448e-01 -1.915987e-04
1.514953e+01 5.552783e-01 -2.645641e-04
1.514953e+01 7.774819e-01 -3.624153e-04
1.514953e+01 1.088445e+00 -4.984067e-04
1.514953e+01 1.523711e+00 -6.853962e-04
1.514953e+01 2.088426e+00 -8.523471e-04
1.514953e+01 2.685505e+00 -7.889190e-04
1.547252e+01 1.570796e-02 -1.014785e-06
1.547252e+01 2.346256e-02 -1.722202e-06
1.547252e+01 3.503514e-02 -4.735332e-06
1.547252e+01 5.263151e-02 -9.080851e-06
1.547252e+01 7.314235e-02 -1.765152e-05
1.547252e+01 1.025928e-01 -2.711752e-05
1.547252e+01 1.448116e-01 -4.724887e-05
1.547252e+01 2.023460e-01 -7.217906e-05
1.547252e+01 2.834245e-01 -1.030048e-04
1.547252e+01 3.967448e-01 -1.451135e-04
1.547252e+01 5.552783e-01 -2.009014e-04
1.547252e+01 7.774819e-01 -2.775506e-04
1.547252e+01 1.088445e+00 -3.847579e-04
1.547252e+01 1.523711e+00 -5.342087e-04
1.547252e+01 2.088426e+00 -6.675700e-04
1.547252e+01 2.685505e+00 -6.198709e-04
1.580197e+01 1.570796e-02 -7.876354e-07
1.580197e+01 2.346256e-02 -1.273183e-06
1.580197e+01 3.503514e-02 -3.646670e-06
1.580197e+01 5.263151e-02 -6.637488e-06
1.580197e+01 7.314235e-02 -1.322263e-05
1.580197e+01 1.025928e-01 -2.020155e-05
1.580197e+01 1.448116e-01 -3.501613e-05
1.580197e+01 2.023460e-01 -5.396094e-05
1.580197e+01 2.834245e-01 -7.640953e-05
1.580197e+01 3.967448e-01 -1.085487e-04
1.580197e+01 5.552783e-01 -1.511854e-04
1.580197e+01 7.774819e-01 -2.108030e-04
1.580197e+01 1.088445e+00 -2.935890e-04
1.580197e+01 1.523711e+00 -4.104482e-04
1.580197e+01 2.088426e+00 -5.159078e-04
1.580197e+01 2.685505e+00 -4.850484e-04
1.613801e+01 1.570796e-02 -6.088133e-07
1.613801e+01 2.346256e-02 -8.307166e-07
1.613801e+01 3.503514e-02 -2.732243e-06
1.613801e+01 5.263151e-02 -4.855611e-06
1.613801e+01 7.314235e-02 -9.501090e-06
1.613801e+01 1.025928e-01 -1.494835e-05
1.613801e+01 1.448116e-01 -2.585001e-05
1.613801e+01 2.023460e-01 -3.924880e-05
1.613801e+01 2.834245e-01 -5.627642e-05
1.613801e+01 3.967448e-01 -8.020162e-05
1.613801e+01 5.552783e-01 -1.121996e-04
1.613801e+01 7.774819e-01 -1.581153e-04
1.613801e+01 1.088445e+00 -2.206233e-04
1.613801e+01 1.523711e+00 -3.098409e-04
1.613801e+01 2.088426e+00 -3.937459e-04
1.613801e+01 2.685505e+00 -3.750194e-04
1.648077e+01 1.570796e-02 -4.489483e-07
1.648077e+01 2.346256e-02 -5.526016e-07
1.648077e+01 3.503514e-02 -1.932999e-06
1.648077e+01 5.263151e-02 -3.687533e-06
1.648077e+01 7.314235e-02 -6.976422e-06
1.648077e+01 1.025928e-01 -1.083873e-05
1.648077e+01 1.448116e-01 -1.866614e-05
1.648077e+01 2.023460e-01 -2.849526e-05
1.648077e+01 2.834245e-01 -4.084234e-05
1.648077e+01 3.967448e-01 -5.861897e-05
1.648077e+01 5.552783e-01 -8.223180e-05
1.648077e+01 7.774819e-01 -1.172877e-04
1.648077e+01 1.088445e+00 -1.637628e-04
1.648077e+01 1.523711e+00 -2.321218e-04
1.648077e+01 2.088426e+00 -2.959187e-04
1.648077e+01 2.685505e+00 -2.834941e-04
1.683038e+01 1.570796e-02 -3.310383e-07
1.683038e+01 2.346256e-02 -3.840576e-07
1.683038e+01 3.503514e-02 -1.379150e-06
1.683038e+01 5.263151e-02 -2.704847e-06
1.683038e+01 7.314235e-02 -5.018441e-06
1.683038e+01 1.025928e-01 -7.608018e-06
1.683038e+01 1.448116e-01 -1.341919e-05
1.683038e+01 2.023460e-01 -2.072807e-05
1.683038e+01 2.834245e-01 -2.940534e-05
1.683038e+01 3.967448e-01 -4.216728e-05
1.683038e+01 5.552783e-01 -5.960263e-05
1.683038e+01 7.774819e-01 -8.637353e-05
1.683038e+01 1.088445e+00 -1.207984e-04
1.683038e+01 1.523711e+00 -1.711537e-04
1.683038e+01 2.088426e+00 -2.203586e-04
1.683038e+01 2.685505e+00 -2.116327e-04
1.718699e+01 1.570796e-02 -2.450488e-07
1.718699e+01 2.346256e-02 -2.638667e-07
1.718699e+01 3.503514e-02 -9.677493e-07
1.718699e+01 5.263151e-02 -1.937558e-06
1.718699e+01 7.314235e-02 -3.539940e-06
1.718699e+01 1.025928e-01 -5.263993e-06
1.718699e+01 1.448116e-01 -9.545380e-06
1.718699e+01 2.023460e-01 -1.487153e-05
1.718699e+01 2.834245e-01 -2.095017e-05
1.718699e+01 3.967448e-01 -3.041331e-05
1.718699e+01 5.552783e-01 -4.297885e-05
1.718699e+01 7.774819e-01 -6.304016e-05
1.718699e+01 1.088445e+00 -8.811374e-05
1.718699e+01 1.523711e+00 -1.249346e-04
1.718699e+01 2.088426e+00 -1.601789e-04
1.718699e+01 2.685505e+00 -1.544575e-04
1.755073e+01 1.570796e-02 -1.824170e-07
1.755073e+01 2.346256e-02 -1.800610e-07
1.755073e+01 3.503514e-02 -6.683379e-07
1.755073e+01 5.263151e-02 -1.348971e-06
1.755073e+01 7.314235e-02 -2.490911e-06
1.755073e+01 1.025928e-01 -3.586774e-06
1.755073e+01 1.448116e-01 -6.662841e-06
1.755073e+01 2.023460e-01 -1.058410e-05
1.755073e+01 2.834245e-01 -1.444997e-05
1.755073e+01 3.967448e-01 -2.131361e-05
1.755073e+01 5.552783e-01 -3.042462e-05
1.755073e+01 7.774819e-01 -4.450761e-05
1.755073e+01 1.088445e+00 -6.221758e-05
1.755073e+01 1.523711e+00 -8.886793e-05
1.755073e+01 2.088426e+00 -1.157948e-04
1.755073e+01 2.685505e+00 -1.131494e-04
1.792175e+01 1.570796e-02 -1.333801e-07
1.792175e+01 2.346256e-02 -1.134574e-07
1.792175e+01 3.503514e-02 -4.795088e-07
1.792175e+01 5.263151e-02 -8.912625e-07
1.792175e+01 7.314235e-02 -1.646749e-06
1.792175e+01 1.025928e-01 -2.385773e-06
1.792175e+01 1.448116e-01 -4.591027e-06
1.792175e+01 2.023460e-01 -7.285966e-06
1.792175e+01 2.834245e-01 -9.947060e-06
1.792175e+01 3.967448e-01 -1.451481e-05
1.792175e+01 5.552783e-01 -2.105817e-05
1.792175e+01 7.774819e-01 -3.106803e-05
1.792175e+01 1.088445e+00 -4.313338e-05
1.792175e+01 1.523711e+00 -6.174088e-05
1.792175e+01 2.088426e+00 -8.124544e-05
1.792175e+01 2.685505e+00 -7.927439e-05
1.830018e+01 1.570796e-02 -8.387582e-08
1.830018e+01 2.346256e-02 -8.196357e-08
1.830018e+01 3.503514e-02 -3.072497e-07
1.830018e+01 5.263151e-02 -5.931453e-07
1.830018e+01 7.314235e-02 -1.072296e-06
1.830018e+01 1.025928e-01 -1.604858e-06
1.830018e+01 1.448116e-01 -3.045001e-06
1.830018e+01 2.023460e-01 -4.883418e-06
1.830018e+01 2.834245e-01 -6.564956e-06
1.830018e+01 3.967448e-01 -9.756816e-06
1.830018e+01 5.552783e-01 -1.428749e-05
1.830018e+01 7.774819e-01 -2.118475e-05
1.830018e+01 1.088445e+00 -2.939466e-05
1.830018e+01 1.523711e+00 -4.185677e-05
1.830018e+01 2.088426e+00 -5.502758e-05
1.830018e+01 2.685505e+00 -5.420573e-05
1.868618e+01 1.570796e-02 -5.635389e-08
1.868618e+01 2.346256e-02 -4.883987e-08
1.868618e+01 3.503514e-02 -2.060562e-07
1.868618e+01 5.263151e-02 -3.766089e-07
1.868618e+01 7.314235e-02 -6.705424e-07
1.868618e+01 1.025928e-01 -1.055928e-06
1.868618e+01 1.448116e-01 -2.016092e-06
1.868618e+01 2.023460e-01 -3.203133e-06
1.868618e+01 2.834245e-01 -4.345831e-06
1.868618e+01 3.967448e-01 -6.442084e-06
1.868618e+01 5.552783e-01 -9.535895e-06
1.868618e+01 7.774819e-01 -1.427182e-05
1.868618e+01 1.088445e+00 -1.979612e-05
1.868618e+01 1.523711e+00 -2.838720e-05
1.868618e+01 2.088426e+00 -3.723184e-05
1.868618e+01 2.685505e+00 -3.622226e-05
1.907991e+01 1.570796e-02 -3.672949e-08
1.907991e+01 2.346256e-02 -4.035729e-08
1.907991e+01 3.503514e-02 -1.297260e-07
1.907991e+01 5.263151e-02 -2.356771e-07
1.907991e+01 7.314235e-02 -4.297688e-07
1.907991e+01 1.025928e-01 -6.746964e-07
1.907991e+01 1.448116e-01 -1.281568e-06
1.907991e+01 2.023460e-01 -2.055574e-06
1.907991e+01 2.834245e-01 -2.760953e-06
1.907991e+01 3.967448e-01 -4.192988e-06
1.907991e+01 5.552783e-01 -6.234811e-06
1.907991e+01 7.774819e-01 -9.451058e-06
1.907991e+01 1.088445e+00 -1.308559e-05
1.907991e+01 1.523711e+00 -1.861114e-05
1.907991e+01 2.088426e+00 -2.479611e-05
1.907991e+01 2.685505e+00 -2.471487e-05
1.948151e+01 1.570796e-02 -2.062278e-08
1.948151e+01 2.346256e-02 -1.583250e-08
1.948151e+01 3.503514e-02 -8.492120e-08
1.948151e+01 5.263151e-02 -1.443919e-07
1.948151e+01 7.314235e-02 -2.530703e-07
1.948151e+01 1.025928e-01 -4.186979e-07
1.948151e+01 1.448116e-01 -7.774308e-07
1.948151e+01 2.023460e-01 -1.222698e-06
1.948151e+01 2.834245e-01 -1.709279e-06
1.948151e+01 3.967448e-01 -2.601594e-06
1.948151e+01 5.552783e-01 -3.895949e-06
1.948151e+01 7.774819e-01 -5.885734e-06
1.948151e+01 1.088445e+00 -8.231125e-06
1.948151e+01 1.523711e+00 -1.186140e-05
1.948151e+01 2.088426e+00 -1.602867e-05
1.948151e+01 2.685505e+00 -1.591998e-05
1.989114e+01 1.570796e-02 5.802909e-10
1.989114e+01 2.346256e-02 1.479738e-09
1.989114e+01 3.503514e-02 2.982804e-09
1.989114e+01 5.263151e-02 6.138777e-09
1.989114e+01 7.314235e-02 1.280835e-08
1.989114e+01 1.025928e-01 1.909342e-08
1.989114e+01 1.448116e-01 3.227280e-08
1.989114e+01 2.023460e-01 4.674918e-08
1.989114e+01 2.834245e-01 6.680991e-08
1.989114e+01 3.967448e-01 9.149087e-08
1.989114e+01 5.552783e-01 1.220936e-07
1.989114e+01 7.774819e-01 1.511315e-07
1.989114e+01 1.088445e+00 1.587480e-07
1.989114e+01 1.523711e+00 1.286220e-07
1.989114e+01 2.088426e+00 7.950611e-08
1.989114e+01 2.685505e+00 3.785712e-08
2.030896e+01 1.570796e-02 5.524085e-10
2.030896e+01 2.346256e-02 1.406145e-09
2.030896e+01 3.503514e-02 2.837292e-09
2.030896e+01 5.263151e-02 5.831936e-09
2.030896e+01 7.314235e-02 1.217414e-08
2.030896e+01 1.025928e-01 1.814536e-08
2.030896e+01 1.448116e-01 3.068025e-08
2.030896e+01 2.023460e-01 4.451914e-08
2.030896e+01 2.834245e-01 6.384848e-08
2.030896e+01 3.967448e-01 8.796133e-08
2.030896e+01 5.552783e-01 1.182516e-07
2.030896e+01 7.774819e-01 1.473047e-07
2.030896e+01 1.088445e+00 1.556781e-07
2.030896e+01 1.523711e+00 1.267728e-07
2.030896e+01 2.088426e+00 7.864664e-08
2.030896e+01 2.685505e+00 3.765145e-08
2.073514e+01 1.570796e-02 5.243200e-10
2.073514e+01 2.346256e-02 1.333591e-09
2.073514e+01 3.503514e-02 2.692877e-09
2.073514e+01 5.263151e-02 5.529606e-09
2.073514e+01 7.314235e-02 1.154899e-08
2.073514e+01 1.025928e-01 1.720736e-08
2.073514e+01 1.448116e-01 2.911283e-08
2.073514e+01 2.023460e-01 4.232106e-08
2.073514e+01 2.834245e-01 6.095773e-08
2.073514e+01 3.967448e-01 8.449580e-08
2.073514e+01 5.552783e-01 1.144273e-07
2.073514e+01 7.774819e-01 1.434462e-07
2.073514e+01 1.088445e+00 1.524356e-07
2.073514e+01 1.523711e+00 1.248123e-07
2.073514e+01 2.088426e+00 7.784627e-08
2.073514e+01 2.685505e+00 3.741001e-08
2.116984e+01 1.570796e-02 4.965293e-10
2.116984e+01 2.346256e-02 1.262462e-09
2.116984e+01 3.503514e-02 2.550432e-09
2.116984e+01 5.263151e-02 5.231527e-09
2.116984e+01 7.314235e-02 1.093509e-08
2.116984e+01 1.025928e-01 1.628910e-08
2.116984e+01 1.448116e-01 2.757950e-08
2.116984e+01 2.023460e-01 4.018139e-08
2.116984e+01 2.834245e-01 5.813934e-08
2.116984e+01 3.967448e-01 8.108329e-08
2.116984e+01 5.552783e-01 1.106128e-07
2.116984e+01 7.774819e-01 1.394884e-07
2.116984e+01 1.088445e+00 1.490947e-07
2.116984e+01 1.523711e+00 1.227462e-07
2.116984e+01 2.088426e+00 7.692957e-08
2.116984e+01 2.685505e+00 3.708299e-08
2.161324e+01 1.570796e-02 4.692582e-10
2.161324e+01 2.346256e-02 1.192314e-09
2.161324e+01 3.503514e-02 2.410696e-09
2.161324e+01 5.263151e-02 4.939619e-09
2.161324e+01 7.314235e-02 1.033430e-08
2.161324e+01 1.025928e-01 1.538981e-08
2.161324e+01 1.448116e-01 2.608614e-08
2.161324e+01 2.023460e-01 3.810104e-08
2.161324e+01 2.834245e-01 5.540106e-08
2.161324e+01 3.967448e-01 7.775463e-08
2.161324e+01 5.552783e-01 1.068290e-07
2.161324e+01 7.774819e-01 1.355051e-07
2.161324e+01 1.088445e+00 1.455940e-07
2.161324e+01 1.523711e+00 1.206504e-07
2.161324e+01 2.088426e+00 7.604940e-08
2.161324e+01 2.685505e+00 3.673519e-08
2.206550e+01 1.570796e-02 4.425377e-10
2.206550e+01 2.346256e-02 1.124179e-09
2.206550e+01 3.503514e-02 2.274159e-09
2.206550e+01 5.263151e-02 4.656596e-09
2.206550e+01 7.314235e-02 9.750493e-09
2.206550e+01 1.025928e-01 1.451703e-08
2.206550e+01 1.448116e-01 2.463140e-08
2.206550e+01 2.023460e-01 3.608427e-08
2.206550e+01 2.834245e-01 5.273901e-08
2.206550e+01 3.967448e-01 7.450240e-08
2.206550e+01 5.552783e-01 1.030526e-07
2.206550e+01 7.774819e-01 1.314246e-07
2.206550e+01 1.088445e+00 1.420299e-07
2.206550e+01 1.523711e+00 1.185514e-07
2.206550e+01 2.088426e+00 7.535537e-08
2.206550e+01 2.685505e+00 3.643540e-08
2.252681e+01 1.570796e-02 4.164596e-10
2.252681e+01 2.346256e-02 1.057893e-09
2.252681e+01 3.503514e-02 2.141766e-09
2.252681e+01 5.263151e-02 4.380533e-09
2.252681e+01 7.314235e-02 9.181066e-09
2.252681e+01 1.025928e-01 1.366723e-08
2.252681e+01 1.448116e-01 2.322172e-08
2.252681e+01 2.023460e-01 3.411672e-08
2.252681e+01 2.834245e-01 5.013218e-08
2.252681e+01 3.967448e-01 7.131101e-08
2.252681e+01 5.552783e-01 9.928388e-08
2.252681e+01 7.774819e-01 1.272702e-07
2.252681e+01 1.088445e+00 1.383480e-07
2.252681e+01 1.523711e+00 1.166109e-07
2.252681e+01 2.088426e+00 7.486557e-08
2.252681e+01 2.685505e+00 3.619488e-08
2.299735e+01 1.570796e-02 3.911029e-10
2.299735e+01 2.346256e-02 9.935085e-10
2.299735e+01 3.503514e-02 2.012250e-09
2.299735e+01 5.263151e-02 4.111802e-09
2.299735e+01 7.314235e-02 8.628005e-09
2.299735e+01 1.025928e-01 1.284028e-08
2.299735e+01 1.448116e-01 2.185093e-08
2.299735e+01 2.023460e-01 3.220302e-08
2.299735e+01 2.834245e-01 4.759509e-08
2.299735e+01 3.967448e-01 6.815778e-08
2.299735e+01 5.552783e-01 9.546244e-08
2.299735e+01 7.774819e-01 1.230017e-07
2.299735e+01 1.088445e+00 1.345089e-07
2.299735e+01 1.523711e+00 1.146465e-07
2.299735e+01 2.088426e+00 7.450730e-08
2.299735e+01 2.685505e+00 3.590848e-08
2.347730e+01 1.570796e-02 3.664043e-10
2.347730e+01 2.346256e-02 9.315811e-10
2.347730e+01 3.503514e-02 1.886244e-09
2.347730e+01 5.263151e-02 3.851708e-09
2.347730e+01 7.314235e-02 8.089576e-09
2.347730e+01 1.025928e-01 1.203460e-08
2.347730e+01 1.448116e-01 2.051661e-08
2.347730e+01 2.023460e-01 3.034696e-08
2.347730e+01 2.834245e-01 4.511222e-08
2.347730e+01 3.967448e-01 6.502857e-08
2.347730e+01 5.552783e-01 9.160754e-08
2.347730e+01 7.774819e-01 1.186164e-07
2.347730e+01 1.088445e+00 1.306258e-07
2.347730e+01 1.523711e+00 1.126706e-07
2.347730e+01 2.088426e+00 7.426410e-08
2.347730e+01 2.685505e+00 3.569208e-08
2.396684e+01 1.570796e-02 3.425034e-10
2.396684e+01 2.346256e-02 8.718308e-10
2.396684e+01 3.503514e-02 1.763508e-09
2.396684e+01 5.263151e-02 3.599582e-09
2.396684e+01 7.314235e-02 7.565628e-09
2.396684e+01 1.025928e-01 1.125504e-08
2.396684e+01 1.448116e-01 1.921748e-08
2.396684e+01 2.023460e-01 2.854480e-08
2.396684e+01 2.834245e-01 4.267710e-08
2.396684e+01 3.967448e-01 6.190992e-08
2.396684e+01 5.552783e-01 8.771204e-08
2.396684e+01 7.774819e-01 1.141434e-07
2.396684e+01 1.088445e+00 1.266063e-07
2.396684e+01 1.523711e+00 1.107663e-07
2.396684e+01 2.088426e+00 7.404231e-08
2.396684e+01 2.685505e+00 3.558844e-08
2.446618e+01 1.570796e-02 3.192806e-10
2.446618e+01 2.346256e-02 8.129773e-10
2.446618e+01 3.503514e-02 1.644087e-09
2.446618e+01 5.263151e-02 3.354564e-09
2.446618e+01 7.314235e-02 7.057129e-09
2.446618e+01 1.025928e-01 1.049911e-08
2.446618e+01 1.448116e-01 1.795794e-08
2.446618e+01 2.023460e-01 2.678578e-08
2.446618e+01 2.834245e-01 4.028938e-08
2.446618e+01 3.967448e-01 5.880284e-08
2.446618e+01 5.552783e-01 8.374286e-08
2.446618e+01 7.774819e-01 1.095156e-07
2.446618e+01 1.088445e+00 1.224835e-07
2.446618e+01 1.523711e+00 1.088064e-07
2.446618e+01 2.088426e+00 7.402166e-08
2.446618e+01 2.685505e+00 3.551383e-08
2.497550e+01 1.570796e-02 2.966882e-10
2.497550e+01 2.346256e-02 7.561465e-10
2.497550e+01 3.503514e-02 1.528104e-09
2.497550e+01 5.263151e-02 3.116387e-09
2.497550e+01 7.314235e-02 6.563456e-09
2.497550e+01 1.025928e-01 9.763513e-09
2.497550e+01 1.448116e-01 1.673059e-08
2.497550e+01 2.023460e-01 2.507696e-08
2.497550e+01 2.834245e-01 3.793719e-08
2.497550e+01 3.967448e-01 5.568454e-08
2.497550e+01 5.552783e-01 7.970494e-08
2.497550e+01 7.774819e-01 1.047712e-07
2.497550e+01 1.088445e+00 1.181975e-07
2.497550e+01 1.523711e+00 1.067865e-07
2.497550e+01 2.088426e+00 7.400497e-08
2.497550e+01 2.685505e+00 3.579890e-08
2.549501e+01 1.570796e-02 2.747444e-10
2.549501e+01 2.346256e-02 7.012526e-10
2.549501e+01 3.503514e-02 1.415199e-09
2.549501e+01 5.263151e-02 2.885542e-09
2.549501e+01 7.314235e-02 6.081659e-09
2.549501e+01 1.025928e-01 9.053946e-09
2.549501e+01 1.448116e-01 1.553530e-08
2.549501e+01 2.023460e-01 2.340271e-08
2.549501e+01 2.834245e-01 3.560496e-08
2.549501e+01 3.967448e-01 5.254331e-08
2.549501e+01 5.552783e-01 7.558228e-08
2.549501e+01 7.774819e-01 9.990336e-08
2.549501e+01 1.088445e+00 1.137780e-07
2.549501e+01 1.523711e+00 1.046300e-07
2.549501e+01 2.088426e+00 7.405518e-08
2.549501e+01 2.685505e+00 3.622545e-08
2.602491e+01 1.570796e-02 2.533457e-10
2.602491e+01 2.346256e-02 6.475751e-10
2.602491e+01 3.503514e-02 1.304748e-09
2.602491e+01 5.263151e-02 2.661094e-09
2.602491e+01 7.314235e-02 5.613272e-09
2.602491e+01 1.025928e-01 8.361701e-09
2.602491e+01 1.448116e-01 1.436962e-08
2.602491e+01 2.023460e-01 2.175765e-08
2.602491e+01 2.834245e-01 3.328571e-08
2.602491e+01 3.967448e-01 4.937491e-08
2.602491e+01 5.552783e-01 7.138660e-08
2.602491e+01 7.774819e-01 9.489843e-08
2.602491e+01 1.088445e+00 1.091509e-07
2.602491e+01 1.523711e+00 1.023601e-07
2.602491e+01 2.088426e+00 7.421193e-08
2.602491e+01 2.685505e+00 3.691182e-08
2.656541e+01 1.570796e-02 2.324915e-10
2.656541e+01 2.346256e-02 5.954084e-10
2.656541e+01 3.503514e-02 1.197233e-09
2.656541e+01 5.263151e-02 2.442806e-09
2.656541e+01 7.314235e-02 5.157536e-09
2.656541e+01 1.025928e-01 7.687279e-09
2.656541e+01 1.448116e-01 1.323105e-08
2.656541e+01 2.023460e-01 2.014239e-08
2.656541e+01 2.834245e-01 3.097608e-08
2.656541e+01 3.967448e-01 4.617903e-08
2.656541e+01 5.552783e-01 6.708377e-08
2.656541e+01 7.774819e-01 8.969095e-08
2.656541e+01 1.088445e+00 1.043356e-07
2.656541e+01 1.523711e+00 9.984247e-08
2.656541e+01 2.088426e+00 7.441099e-08
2.656541e+01 2.685505e+00 3.789889e-08
2.711672e+01 1.570796e-02 2.122108e-10
2.711672e+01 2.346256e-02 5.441974e-10
2.711672e+01 3.503514e-02 1.092653e-09
2.711672e+01 5.263151e-02 2.230215e-09
2.711672e+01 7.314235e-02 4.713601e-09
2.711672e+01 1.025928e-01 7.030460e-09
2.711672e+01 1.448116e-01 1.212158e-08
2.711672e+01 2.023460e-01 1.855316e-08
2.711672e+01 2.834245e-01 2.868632e-08
2.711672e+01 3.967448e-01 4.295055e-08
2.711672e+01 5.552783e-01 6.269324e-08
2.711672e+01 7.774819e-01 8.431749e-08
2.711672e+01 1.088445e+00 9.921501e-08
2.711672e+01 1.523711e+00 9.704334e-08
2.711672e+01 2.088426e+00 7.444516e-08
2.711672e+01 2.685505e+00 3.915181e-08
2.767905e+01 1.570796e-02 1.924145e-10
2.767905e+01 2.346256e-02 4.948229e-10
2.767905e+01 3.503514e-02 9.907836e-10
2.767905e+01 5.263151e-02 2.023717e-09
2.767905e+01 7.314235e-02 4.281602e-09
2.767905e+01 1.025928e-01 6.392990e-09
2.767905e+01 1.448116e-01 1.103417e-08
2.767905e+01 2.023460e-01 1.698299e-08
2.767905e+01 2.834245e-01 2.638874e-08
2.767905e+01 3.967448e-01 3.967809e-08
2.767905e+01 5.552783e-01 5.819615e-08
2.767905e+01 7.774819e-01 7.871937e-08
2.767905e+01 1.088445e+00 9.380897e-08
2.767905e+01 1.523711e+00 9.380777e-08
2.767905e+01 2.088426e+00 7.439173e-08
2.767905e+01 2.685505e+00 4.071737e-08
2.825263e+01 1.570796e-02 1.731903e-10
2.825263e+01 2.346256e-02 4.462869e-10
2.825263e+01 3.503514e-02 8.912995e-10
2.825263e+01 5.263151e-02 1.822265e-09
2.825263e+01 7.314235e-02 3.859912e-09
2.825263e+01 1.025928e-01 5.769157e-09
2.825263e+01 1.448116e-01 9.975929e-09
2.825263e+01 2.023460e-01 1.542986e-08
2.825263e+01 2.834245e-01 2.409468e-08
2.825263e+01 3.967448e-01 3.637671e-08
2.825263e+01 5.552783e-01 5.358151e-08
2.825263e+01 7.774819e-01 7.296996e-08
2.825263e+01 1.088445e+00 8.802114e-08
2.825263e+01 1.523711e+00 9.019486e-08
2.825263e+01 2.088426e+00 7.412825e-08
2.825263e+01 2.685505e+00 4.272537e-08
2.883769e+01 1.570796e-02 1.544242e-10
2.883769e+01 2.346256e-02 3.989169e-10
2.883769e+01 3.503514e-02 7.946083e-10
2.883769e+01 5.263151e-02 1.626504e-09
2.883769e+01 7.314235e-02 3.448571e-09
2.883769e+01 1.025928e-01 5.161991e-09
2.883769e+01 1.448116e-01 8.937734e-09
2.883769e+01 2.023460e-01 1.389445e-08
2.883769e+01 2.834245e-01 2.179549e-08
2.883769e+01 3.967448e-01 3.301588e-08
2.883769e+01 5.552783e-01 4.886410e-08
2.883769e+01 7.774819e-01 6.696809e-08
2.883769e+01 1.088445e+00 8.187983e-08
2.883769e+01 1.523711e+00 8.594191e-08
2.883769e+01 2.088426e+00 7.344272e-08
2.883769e+01 2.685505e+00 4.498569e-08
2.943444e+01 1.570796e-02 1.361200e-10
2.943444e+01 2.346256e-02 3.524828e-10
2.943444e+01 3.503514e-02 7.001462e-10
2.943444e+01 5.263151e-02 1.434952e-09
2.943444e+01 7.314235e-02 3.047492e-09
2.943444e+01 1.025928e-01 4.568457e-09
2.943444e+01 1.448116e-01 7.920031e-09
2.943444e+01 2.023460e-01 1.237393e-08
2.943444e+01 2.834245e-01 1.949027e-08
2.943444e+01 3.967448e-01 2.961951e-08
2.943444e+01 5.552783e-01 4.403643e-08
2.943444e+01 7.774819e-01 6.075603e-08
2.943444e+01 1.088445e+00 7.531062e-08
2.943444e+01 1.523711e+00 8.111924e-08
2.943444e+01 2.088426e+00 7.228260e-08
2.943444e+01 2.685505e+00 4.752902e-08
3.004313e+01 1.570796e-02 1.182275e-10
3.004313e+01 2.346256e-02 3.071667e-10
3.004313e+01 3.503514e-02 6.084142e-10
3.004313e+01 5.263151e-02 1.248446e-09
3.004313e+01 7.314235e-02 2.655650e-09
3.004313e+01 1.025928e-01 3.986797e-09
3.004313e+01 1.448116e-01 6.920620e-09
3.004313e+01 2.023460e-01 1.086493e-08
3.004313e+01 2.834245e-01 1.718574e-08
3.004313e+01 3.967448e-01 2.618343e-08
3.004313e+01 5.552783e-01 3.910478e-08
3.004313e+01 7.774819e-01 5.428281e-08
3.004313e+01 1.088445e+00 6.824444e-08
3.004313e+01 1.523711e+00 7.544483e-08
3.004313e+01 2.088426e+00 7.038563e-08
3.004313e+01 2.685505e+00 4.993134e-08
3.066399e+01 1.570796e-02 1.009761e-10
3.066399e+01 2.346256e-02 2.630300e-10
3.066399e+01 3.503514e-02 5.188804e-10
3.066399e+01 5.263151e-02 1.066558e-09
3.066399e+01 7.314235e-02 2.272535e-09
3.066399e+01 1.025928e-01 3.416551e-09
3.066399e+01 1.448116e-01 5.940176e-09
3.066399e+01 2.023460e-01 9.371076e-09
3.066399e+01 2.834245e-01 1.487657e-08
3.066399e+01 3.967448e-01 2.271494e-08
3.066399e+01 5.552783e-01 3.407179e-08
3.066399e+01 7.774819e-01 4.760161e-08
3.066399e+01 1.088445e+00 6.070978e-08
3.066399e+01 1.523711e+00 6.900599e-08
3.066399e+01 2.088426e+00 6.754696e-08
3.066399e+01 2.685505e+00 5.199096e-08
3.129727e+01 1.570796e-02 8.406083e-11
3.129727e+01 2.346256e-02 2.199591e-10
3.129727e+01 3.503514e-02 4.318949e-10
3.129727e+01 5.263151e-02 8.895148e-10
3.129727e+01 7.314235e-02 1.898403e-09
3.129727e+01 1.025928e-01 2.858892e-09
3.129727e+01 1.448116e-01 4.977810e-09
3.129727e+01 2.023460e-01 7.886102e-09
3.129727e+01 2.834245e-01 1.256339e-08
3.129727e+01 3.967448e-01 1.922366e-08
3.129727e+01 5.552783e-01 2.895021e-08
3.129727e+01 7.774819e-01 4.068332e-08
3.129727e+01 1.088445e+00 5.265284e-08
3.129727e+01 1.523711e+00 6.160267e-08
3.129727e+01 2.088426e+00 6.346591e-08
3.129727e+01 2.685505e+00 5.315782e-08
3.194322e+01 1.570796e-02 6.767588e-11
3.194322e+01 2.346256e-02 1.774275e-10
3.194322e+01 3.503514e-02 3.471055e-10
3.194322e+01 5.263151e-02 7.166181e-10
3.194322e+01 7.314235e-02 1.532551e-09
3.194322e+01 1.025928e-01 2.311218e-09
3.194322e+01 1.448116e-01 4.030320e-09
3.194322e+01 2.023460e-01 6.412545e-09
3.194322e+01 2.834245e-01 1.024626e-08
3.194322e+01 3.967448e-01 1.570601e-08
3.194322e+01 5.552783e-01 2.374453e-08
3.194322e+01 7.774819e-01 3.358677e-08
3.194322e+01 1.088445e+00 4.407851e-08
3.194322e+01 1.523711e+00 5.314500e-08
3.194322e+01 2.088426e+00 5.775386e-08
3.194322e+01 2.685505e+00 5.296319e-08
3.260208e+01 1.570796e-02 5.175191e-11
3.260208e+01 2.346256e-02 1.361916e-10
3.260208e+01 3.503514e-02 2.649764e-10
3.260208e+01 5.263151e-02 5.484828e-10
3.260208e+01 7.314235e-02 1.175633e-09
3.260208e+01 1.025928e-01 1.775688e-09
3.260208e+01 1.448116e-01 3.100578e-09
3.260208e+01 2.023460e-01 4.952219e-09
3.260208e+01 2.834245e-01 7.935104e-09
3.260208e+01 3.967448e-01 1.218240e-08
3.260208e+01 5.552783e-01 1.846886e-08
3.260208e+01 7.774819e-01 2.629793e-08
3.260208e+01 1.088445e+00 3.496870e-08
3.260208e+01 1.523711e+00 4.345682e-08
3.260208e+01 2.088426e+00 4.999858e-08
3.260208e+01 2.685505e+00 5.022089e-08
3.327412e+01 1.570796e-02 3.618588e-11
3.327412e+01 2.346256e-02 9.566296e-11
3.327412e+01 3.503514e-02 1.853063e-10
3.327412e+01 5.263151e-02 3.842728e-10
3.327412e+01 7.314235e-02 8.253226e-10
3.327412e+01 1.025928e-01 1.248841e-09
3.327412e+01 1.448116e-01 2.184338e-09
3.327412e+01 2.023460e-01 3.502898e-09
3.327412e+01 2.834245e-01 5.628548e-09
3.327412e+01 3.967448e-01 8.650505e-09
3.327412e+01 5.552783e-01 1.316408e-08
3.327412e+01 7.774819e-01 1.885714e-08
3.327412e+01 1.088445e+00 2.539469e-08
3.327412e+01 1.523711e+00 3.253876e-08
3.327412e+01 2.088426e+00 3.974233e-08
3.327412e+01 2.685505e+00 4.368993e-08
3.395961e+01 1.570796e-02 2.206495e-11
3.395961e+01 2.346256e-02 5.848461e-11
3.395961e+01 3.503514e-02 1.127273e-10
3.395961e+01 5.263151e-02 2.345064e-10
3.395961e+01 7.314235e-02 5.047464e-10
3.395961e+01 1.025928e-01 7.637035e-10
3.395961e+01 1.448116e-01 1.333609e-09
3.395961e+01 2.023460e-01 2.134478e-09
3.395961e+01 2.834245e-01 3.418107e-09
3.395961e+01 3.967448e-01 5.223447e-09
3.395961e+01 5.552783e-01 7.914157e-09
3.395961e+01 7.774819e-01 1.134429e-08
3.395961e+01 1.088445e+00 1.540213e-08
3.395961e+01 1.523711e+00 2.027831e-08
3.395961e+01 2.088426e+00 2.616415e-08
3.395961e+01 2.685505e+00 3.098469e-08
3.465880e+01 1.570796e-02 7.087460e-12
3.465880e+01 2.346256e-02 1.631733e-11
3.465880e+01 3.503514e-02 3.720051e-11
3.465880e+01 5.263151e-02 7.113165e-11
3.465880e+01 7.314235e-02 1.565362e-10
3.465880e+01 1.025928e-01 2.358655e-10
3.465880e+01 1.448116e-01 4.134332e-10
3.465880e+01 2.023460e-01 6.729414e-10
3.465880e+01 2.834245e-01 1.090463e-09
3.465880e+01 3.967448e-01 1.684443e-09
3.465880e+01 5.552783e-01 2.569175e-09
3.465880e+01 7.774819e-01 3.719182e-09
3.465880e+01 1.088445e+00 5.124300e-09
3.465880e+01 1.523711e+00 6.932460e-09
3.465880e+01 2.088426e+00 9.444644e-09
3.465880e+01 2.685505e+00 1.211935e-08
3.537197e+01 1.570796e-02 0.000000e+00
3.537197e+01 2.346256e-02 0.000000e+00
3.537197e+01 3.503514e-02 0.000000e+00
3.537197e+01 5.263151e-02 0.000000e+00
3.537197e+01 7.314235e-02 0.000000e+00
3.537197e+01 1.025928e-01 0.000000e+00
3.537197e+01 1.448116e-01 0.000000e+00
3.537197e+01 2.023460e-01 0.000000e+00
3.537197e+01 2.834245e-01 0.000000e+00
3.537197e+01 3.967448e-01 0.000000e+00
3.537197e+01 5.552783e-01 0.000000e+00
3.537197e+01 7.774819e-01 0.000000e+00
3.537197e+01 1.088445e+00 0.000000e+00
3.537197e+01 1.523711e+00 0.000000e+00
3.537197e+01 2.088426e+00 0.000000e+00
3.537197e+01 2.685505e+00 0.000000e+00
