5.000000e+00 1.570796e-02 0.000000e+00
5.000000e+00 2.346256e-02 0.000000e+00
5.000000e+00 3.503514e-02 0.000000e+00
5.000000e+00 5.263151e-02 0.000000e+00
5.000000e+00 7.314235e-02 0.000000e+00
5.000000e+00 1.025928e-01 0.000000e+00
5.000000e+00 1.448116e-01 0.000000e+00
5.000000e+00 2.023460e-01 0.000000e+00
5.000000e+00 2.834245e-01 0.000000e+00
5.000000e+00 3.967448e-01 0.000000e+00
5.000000e+00 5.552783e-01 0.000000e+00
5.000000e+00 7.774819e-01 0.000000e+00
5.000000e+00 1.088445e+00 0.000000e+00
5.000000e+00 1.523711e+00 0.000000e+00
5.000000e+00 2.088426e+00 0.000000e+00
5.000000e+00 2.685505e+00 0.000000e+00
5.120000e+00 1.570796e-02 0.000000e+00
5.120000e+00 2.346256e-02 0.000000e+00
5.120000e+00 3.503514e-02 0.000000e+00
5.120000e+00 5.263151e-02 0.000000e+00
5.120000e+00 7.314235e-02 0.000000e+00
5.120000e+00 1.025928e-01 0.000000e+00
5.120000e+00 1.448116e-01 0.000000e+00
5.120000e+00 2.023460e-01 0.000000e+00
5.120000e+00 2.834245e-01 0.000000e+00
5.120000e+00 3.967448e-01 0.000000e+00
5.120000e+00 5.552783e-01 0.000000e+00
5.120000e+00 7.774819e-01 0.000000e+00
5.120000e+00 1.088445e+00 0.000000e+00
5.120000e+00 1.523711e+00 0.000000e+00
5.120000e+00 2.088426e+00 0.000000e+00
5.120000e+00 2.685505e+00 0.000000e+00
5.242400e+00 1.570796e-02 0.000000e+00
5.242400e+00 2.346256e-02 0.000000e+00
5.242400e+00 3.503514e-02 0.000000e+00
5.242400e+00 5.263151e-02 0.000000e+00
5.242400e+00 7.314235e-02 0.000000e+00
5.242400e+00 1.025928e-01 0.000000e+00
5.242400e+00 1.448116e-01 0.000000e+00
5.242400e+00 2.023460e-01 0.000000e+00
5.242400e+00 2.834245e-01 0.000000e+00
5.242400e+00 3.967448e-01 0.000000e+00
5.242400e+00 5.552783e-01 0.000000e+00
5.242400e+00 7.774819e-01 0.000000e+00
5.242400e+00 1.088445e+00 0.000000e+00
5.242400e+00 1.523711e+00 0.000000e+00
5.242400e+00 2.088426e+00 0.000000e+00
5.242400e+00 2.685505e+00 0.000000e+00
5.367248e+00 1.570796e-02 0.000000e+00
5.367248e+00 2.346256e-02 0.000000e+00
5.367248e+00 3.503514e-02 0.000000e+00
5.367248e+00 5.263151e-02 0.000000e+00
5.367248e+00 7.314235e-02 0.000000e+00
5.367248e+00 1.025928e-01 0.000000e+00
5.367248e+00 1.448116e-01 0.000000e+00
5.367248e+00 2.023460e-01 0.000000e+00
5.367248e+00 2.834245e-01 0.000000e+00
5.367248e+00 3.967448e-01 0.000000e+00
5.367248e+00 5.552783e-01 0.000000e+00
5.367248e+00 7.774819e-01 0.000000e+00
5.367248e+00 1.088445e+00 0.000000e+00
5.367248e+00 1.523711e+00 0.000000e+00
5.367248e+00 2.088426e+00 0.000000e+00
5.367248e+00 2.685505e+00 0.000000e+00
5.494593e+00 1.570796e-02 0.000000e+00
5.494593e+00 2.346256e-02 0.000000e+00
5.494593e+00 3.503514e-02 0.000000e+00
5.494593e+00 5.263151e-02 0.000000e+00
5.494593e+00 7.314235e-02 0.000000e+00
5.494593e+00 1.025928e-01 0.000000e+00
5.494593e+00 1.448116e-01 0.000000e+00
5.494593e+00 2.023460e-01 0.000000e+00
5.494593e+00 2.834245e-01 0.000000e+00
5.494593e+00 3.967448e-01 0.000000e+00
5.494593e+00 5.552783e-01 0.000000e+00
5.494593e+00 7.774819e-01 0.000000e+00
5.494593e+00 1.088445e+00 0.000000e+00
5.494593e+00 1.523711e+00 0.000000e+00
5.494593e+00 2.088426e+00 0.000000e+00
5.494593e+00 2.685505e+00 0.000000e+00
5.624485e+00 1.570796e-02 0.000000e+00
5.624485e+00 2.346256e-02 0.000000e+00
5.624485e+00 3.503514e-02 0.000000e+00
5.624485e+00 5.263151e-02 0.000000e+00
5.624485e+00 7.314235e-02 0.000000e+00
5.624485e+00 1.025928e-01 0.000000e+00
5.624485e+00 1.448116e-01 0.000000e+00
5.624485e+00 2.023460e-01 0.000000e+00
5.624485e+00 2.834245e-01 0.000000e+00
5.624485e+00 3.967448e-01 0.000000e+00
5.624485e+00 5.552783e-01 0.000000e+00
5.624485e+00 7.774819e-01 0.000000e+00
5.624485e+00 1.088445e+00 0.000000e+00
5.624485e+00 1.523711e+00 0.000000e+00
5.624485e+00 2.088426e+00 0.000000e+00
5.624485e+00 2.685505e+00 0.000000e+00
5.756975e+00 1.570796e-02 0.000000e+00
5.756975e+00 2.346256e-02 0.000000e+00
5.756975e+00 3.503514e-02 0.000000e+00
5.756975e+00 5.263151e-02 0.000000e+00
5.756975e+00 7.314235e-02 0.000000e+00
5.756975e+00 1.025928e-01 0.000000e+00
5.756975e+00 1.448116e-01 0.000000e+00
5.756975e+00 2.023460e-01 0.000000e+00
5.756975e+00 2.834245e-01 0.000000e+00
5.756975e+00 3.967448e-01 0.000000e+00
5.756975e+00 5.552783e-01 0.000000e+00
5.756975e+00 7.774819e-01 0.000000e+00
5.756975e+00 1.088445e+00 0.000000e+00
5.756975e+00 1.523711e+00 0.000000e+00
5.756975e+00 2.088426e+00 0.000000e+00
5.756975e+00 2.685505e+00 0.000000e+00
5.892114e+00 1.570796e-02 0.000000e+00
5.892114e+00 2.346256e-02 0.000000e+00
5.892114e+00 3.503514e-02 0.000000e+00
5.892114e+00 5.263151e-02 0.000000e+00
5.892114e+00 7.314235e-02 0.000000e+00
5.892114e+00 1.025928e-01 0.000000e+00
5.892114e+00 1.448116e-01 0.000000e+00
5.892114e+00 2.023460e-01 0.000000e+00
5.892114e+00 2.834245e-01 0.000000e+00
5.892114e+00 3.967448e-01 0.000000e+00
5.892114e+00 5.552783e-01 0.000000e+00
5.892114e+00 7.774819e-01 0.000000e+00
5.892114e+00 1.088445e+00 0.000000e+00
5.892114e+00 1.523711e+00 0.000000e+00
5.892114e+00 2.088426e+00 0.000000e+00
5.892114e+00 2.685505e+00 0.000000e+00
6.029956e+00 1.570796e-02 0.000000e+00
6.029956e+00 2.346256e-02 0.000000e+00
6.029956e+00 3.503514e-02 0.000000e+00
6.029956e+00 5.263151e-02 0.000000e+00
6.029956e+00 7.314235e-02 0.000000e+00
6.029956e+00 1.025928e-01 0.000000e+00
6.029956e+00 1.448116e-01 0.000000e+00
6.029956e+00 2.023460e-01 0.000000e+00
6.029956e+00 2.834245e-01 0.000000e+00
6.029956e+00 3.967448e-01 0.000000e+00
6.029956e+00 5.552783e-01 0.000000e+00
6.029956e+00 7.774819e-01 0.000000e+00
6.029956e+00 1.088445e+00 0.000000e+00
6.029956e+00 1.523711e+00 0.000000e+00
6.029956e+00 2.088426e+00 0.000000e+00
6.029956e+00 2.685505e+00 0.000000e+00
6.170555e+00 1.570796e-02 0.000000e+00
6.170555e+00 2.346256e-02 0.000000e+00
6.170555e+00 3.503514e-02 0.000000e+00
6.170555e+00 5.263151e-02 0.000000e+00
6.170555e+00 7.314235e-02 0.000000e+00
6.170555e+00 1.025928e-01 0.000000e+00
6.170555e+00 1.448116e-01 0.000000e+00
6.170555e+00 2.023460e-01 0.000000e+00
6.170555e+00 2.834245e-01 0.000000e+00
6.170555e+00 3.967448e-01 0.000000e+00
6.170555e+00 5.552783e-01 0.000000e+00
6.170555e+00 7.774819e-01 0.000000e+00
6.170555e+00 1.088445e+00 0.000000e+00
6.170555e+00 1.523711e+00 0.000000e+00
6.170555e+00 2.088426e+00 0.000000e+00
6.170555e+00 2.685505e+00 0.000000e+00
6.313967e+00 1.570796e-02 0.000000e+00
6.313967e+00 2.346256e-02 0.000000e+00
6.313967e+00 3.503514e-02 0.000000e+00
6.313967e+00 5.263151e-02 0.000000e+00
6.313967e+00 7.314235e-02 0.000000e+00
6.313967e+00 1.025928e-01 0.000000e+00
6.313967e+00 1.448116e-01 0.000000e+00
6.313967e+00 2.023460e-01 0.000000e+00
6.313967e+00 2.834245e-01 0.000000e+00
6.313967e+00 3.967448e-01 0.000000e+00
6.313967e+00 5.552783e-01 0.000000e+00
6.313967e+00 7.774819e-01 0.000000e+00
6.313967e+00 1.088445e+00 0.000000e+00
6.313967e+00 1.523711e+00 0.000000e+00
6.313967e+00 2.088426e+00 0.000000e+00
6.313967e+00 2.685505e+00 0.000000e+00
6.460246e+00 1.570796e-02 0.000000e+00
6.460246e+00 2.346256e-02 0.000000e+00
6.460246e+00 3.503514e-02 0.000000e+00
6.460246e+00 5.263151e-02 0.000000e+00
6.460246e+00 7.314235e-02 0.000000e+00
6.460246e+00 1.025928e-01 0.000000e+00
6.460246e+00 1.448116e-01 0.000000e+00
6.460246e+00 2.023460e-01 0.000000e+00
6.460246e+00 2.834245e-01 0.000000e+00
6.460246e+00 3.967448e-01 0.000000e+00
6.460246e+00 5.552783e-01 0.000000e+00
6.460246e+00 7.774819e-01 0.000000e+00
6.460246e+00 1.088445e+00 0.000000e+00
6.460246e+00 1.523711e+00 0.000000e+00
6.460246e+00 2.088426e+00 0.000000e+00
6.460246e+00 2.685505e+00 0.000000e+00
6.609451e+00 1.570796e-02 0.000000e+00
6.609451e+00 2.346256e-02 0.000000e+00
6.609451e+00 3.503514e-02 0.000000e+00
6.609451e+00 5.263151e-02 0.000000e+00
6.609451e+00 7.314235e-02 0.000000e+00
6.609451e+00 1.025928e-01 0.000000e+00
6.609451e+00 1.448116e-01 0.000000e+00
6.609451e+00 2.023460e-01 0.000000e+00
6.609451e+00 2.834245e-01 0.000000e+00
6.609451e+00 3.967448e-01 0.000000e+00
6.609451e+00 5.552783e-01 0.000000e+00
6.609451e+00 7.774819e-01 0.000000e+00
6.609451e+00 1.088445e+00 0.000000e+00
6.609451e+00 1.523711e+00 0.000000e+00
6.609451e+00 2.088426e+00 0.000000e+00
6.609451e+00 2.685505e+00 0.000000e+00
6.761640e+00 1.570796e-02 0.000000e+00
6.761640e+00 2.346256e-02 0.000000e+00
6.761640e+00 3.503514e-02 0.000000e+00
6.761640e+00 5.263151e-02 0.000000e+00
6.761640e+00 7.314235e-02 0.000000e+00
6.761640e+00 1.025928e-01 0.000000e+00
6.761640e+00 1.448116e-01 0.000000e+00
6.761640e+00 2.023460e-01 0.000000e+00
6.761640e+00 2.834245e-01 0.000000e+00
6.761640e+00 3.967448e-01 0.000000e+00
6.761640e+00 5.552783e-01 0.000000e+00
6.761640e+00 7.774819e-01 0.000000e+00
6.761640e+00 1.088445e+00 0.000000e+00
6.761640e+00 1.523711e+00 0.000000e+00
6.761640e+00 2.088426e+00 0.000000e+00
6.761640e+00 2.685505e+00 0.000000e+00
6.916873e+00 1.570796e-02 0.000000e+00
6.916873e+00 2.346256e-02 0.000000e+00
6.916873e+00 3.503514e-02 0.000000e+00
6.916873e+00 5.263151e-02 0.000000e+00
6.916873e+00 7.314235e-02 0.000000e+00
6.916873e+00 1.025928e-01 0.000000e+00
6.916873e+00 1.448116e-01 0.000000e+00
6.916873e+00 2.023460e-01 0.000000e+00
6.916873e+00 2.834245e-01 0.000000e+00
6.916873e+00 3.967448e-01 0.000000e+00
6.916873e+00 5.552783e-01 0.000000e+00
6.916873e+00 7.774819e-01 0.000000e+00
6.916873e+00 1.088445e+00 0.000000e+00
6.916873e+00 1.523711e+00 0.000000e+00
6.916873e+00 2.088426e+00 0.000000e+00
6.916873e+00 2.685505e+00 0.000000e+00
7.075210e+00 1.570796e-02 0.000000e+00
7.075210e+00 2.346256e-02 0.000000e+00
7.075210e+00 3.503514e-02 0.000000e+00
7.075210e+00 5.263151e-02 0.000000e+00
7.075210e+00 7.314235e-02 0.000000e+00
7.075210e+00 1.025928e-01 0.000000e+00
7.075210e+00 1.448116e-01 0.000000e+00
7.075210e+00 2.023460e-01 0.000000e+00
7.075210e+00 2.834245e-01 0.000000e+00
7.075210e+00 3.967448e-01 0.000000e+00
7.075210e+00 5.552783e-01 0.000000e+00
7.075210e+00 7.774819e-01 0.000000e+00
7.075210e+00 1.088445e+00 0.000000e+00
7.075210e+00 1.523711e+00 0.000000e+00
7.075210e+00 2.088426e+00 0.000000e+00
7.075210e+00 2.685505e+00 0.000000e+00
7.236714e+00 1.570796e-02 0.000000e+00
7.236714e+00 2.346256e-02 0.000000e+00
7.236714e+00 3.503514e-02 0.000000e+00
7.236714e+00 5.263151e-02 0.000000e+00
7.236714e+00 7.314235e-02 0.000000e+00
7.236714e+00 1.025928e-01 0.000000e+00
7.236714e+00 1.448116e-01 0.000000e+00
7.236714e+00 2.023460e-01 0.000000e+00
7.236714e+00 2.834245e-01 0.000000e+00
7.236714e+00 3.967448e-01 0.000000e+00
7.236714e+00 5.552783e-01 0.000000e+00
7.236714e+00 7.774819e-01 0.000000e+00
7.236714e+00 1.088445e+00 0.000000e+00
7.236714e+00 1.523711e+00 0.000000e+00
7.236714e+00 2.088426e+00 0.000000e+00
7.236714e+00 2.685505e+00 0.000000e+00
7.401449e+00 1.570796e-02 0.000000e+00
7.401449e+00 2.346256e-02 0.000000e+00
7.401449e+00 3.503514e-02 0.000000e+00
7.401449e+00 5.263151e-02 0.000000e+00
7.401449e+00 7.314235e-02 0.000000e+00
7.401449e+00 1.025928e-01 0.000000e+00
7.401449e+00 1.448116e-01 0.000000e+00
7.401449e+00 2.023460e-01 0.000000e+00
7.401449e+00 2.834245e-01 0.000000e+00
7.401449e+00 3.967448e-01 0.000000e+00
7.401449e+00 5.552783e-01 0.000000e+00
7.401449e+00 7.774819e-01 0.000000e+00
7.401449e+00 1.088445e+00 0.000000e+00
7.401449e+00 1.523711e+00 0.000000e+00
7.401449e+00 2.088426e+00 0.000000e+00
7.401449e+00 2.685505e+00 0.000000e+00
7.569477e+00 1.570796e-02 0.000000e+00
7.569477e+00 2.346256e-02 0.000000e+00
7.569477e+00 3.503514e-02 0.000000e+00
7.569477e+00 5.263151e-02 0.000000e+00
7.569477e+00 7.314235e-02 0.000000e+00
7.569477e+00 1.025928e-01 0.000000e+00
7.569477e+00 1.448116e-01 0.000000e+00
7.569477e+00 2.023460e-01 0.000000e+00
7.569477e+00 2.834245e-01 0.000000e+00
7.569477e+00 3.967448e-01 0.000000e+00
7.569477e+00 5.552783e-01 0.000000e+00
7.569477e+00 7.774819e-01 0.000000e+00
7.569477e+00 1.088445e+00 0.000000e+00
7.569477e+00 1.523711e+00 0.000000e+00
7.569477e+00 2.088426e+00 0.000000e+00
7.569477e+00 2.685505e+00 0.000000e+00
7.740867e+00 1.570796e-02 0.000000e+00
7.740867e+00 2.346256e-02 0.000000e+00
7.740867e+00 3.503514e-02 0.000000e+00
7.740867e+00 5.263151e-02 0.000000e+00
7.740867e+00 7.314235e-02 0.000000e+00
7.740867e+00 1.025928e-01 0.000000e+00
7.740867e+00 1.448116e-01 0.000000e+00
7.740867e+00 2.023460e-01 0.000000e+00
7.740867e+00 2.834245e-01 0.000000e+00
7.740867e+00 3.967448e-01 0.000000e+00
7.740867e+00 5.552783e-01 0.000000e+00
7.740867e+00 7.774819e-01 0.000000e+00
7.740867e+00 1.088445e+00 0.000000e+00
7.740867e+00 1.523711e+00 0.000000e+00
7.740867e+00 2.088426e+00 0.000000e+00
7.740867e+00 2.685505e+00 0.000000e+00
7.915684e+00 1.570796e-02 0.000000e+00
7.915684e+00 2.346256e-02 0.000000e+00
7.915684e+00 3.503514e-02 0.000000e+00
7.915684e+00 5.263151e-02 0.000000e+00
7.915684e+00 7.314235e-02 0.000000e+00
7.915684e+00 1.025928e-01 0.000000e+00
7.915684e+00 1.448116e-01 0.000000e+00
7.915684e+00 2.023460e-01 0.000000e+00
7.915684e+00 2.834245e-01 0.000000e+00
7.915684e+00 3.967448e-01 0.000000e+00
7.915684e+00 5.552783e-01 0.000000e+00
7.915684e+00 7.774819e-01 0.000000e+00
7.915684e+00 1.088445e+00 0.000000e+00
7.915684e+00 1.523711e+00 0.000000e+00
7.915684e+00 2.088426e+00 0.000000e+00
7.915684e+00 2.685505e+00 0.000000e+00
8.093998e+00 1.570796e-02 0.000000e+00
8.093998e+00 2.346256e-02 0.000000e+00
8.093998e+00 3.503514e-02 0.000000e+00
8.093998e+00 5.263151e-02 0.000000e+00
8.093998e+00 7.314235e-02 0.000000e+00
8.093998e+00 1.025928e-01 0.000000e+00
8.093998e+00 1.448116e-01 0.000000e+00
8.093998e+00 2.023460e-01 0.000000e+00
8.093998e+00 2.834245e-01 0.000000e+00
8.093998e+00 3.967448e-01 0.000000e+00
8.093998e+00 5.552783e-01 0.000000e+00
8.093998e+00 7.774819e-01 0.000000e+00
8.093998e+00 1.088445e+00 0.000000e+00
8.093998e+00 1.523711e+00 0.000000e+00
8.093998e+00 2.088426e+00 0.000000e+00
8.093998e+00 2.685505e+00 0.000000e+00
8.275878e+00 1.570796e-02 0.000000e+00
8.275878e+00 2.346256e-02 0.000000e+00
8.275878e+00 3.503514e-02 0.000000e+00
8.275878e+00 5.263151e-02 0.000000e+00
8.275878e+00 7.314235e-02 0.000000e+00
8.275878e+00 1.025928e-01 0.000000e+00
8.275878e+00 1.448116e-01 0.000000e+00
8.275878e+00 2.023460e-01 0.000000e+00
8.275878e+00 2.834245e-01 0.000000e+00
8.275878e+00 3.967448e-01 0.000000e+00
8.275878e+00 5.552783e-01 0.000000e+00
8.275878e+00 7.774819e-01 0.000000e+00
8.275878e+00 1.088445e+00 0.000000e+00
8.275878e+00 1.523711e+00 0.000000e+00
8.275878e+00 2.088426e+00 0.000000e+00
8.275878e+00 2.685505e+00 0.000000e+00
8.461396e+00 1.570796e-02 -4.491518e-05
8.461396e+00 2.346256e-02 -3.274804e-05
8.461396e+00 3.503514e-02 -6.475986e-05
8.461396e+00 5.263151e-02 -8.482793e-05
8.461396e+00 7.314235e-02 -9.335531e-05
8.461396e+00 1.025928e-01 -3.404687e-05
8.461396e+00 1.448116e-01 -1.136263e-04
8.461396e+00 2.023460e-01 -4.384220e-05
8.461396e+00 2.834245e-01 -8.971411e-05
8.461396e+00 3.967448e-01 -6.128724e-05
8.461396e+00 5.552783e-01 -5.282449e-05
8.461396e+00 7.774819e-01 -4.918356e-05
8.461396e+00 1.088445e+00 -4.641780e-05
8.461396e+00 1.523711e+00 -5.409909e-05
8.461396e+00 2.088426e+00 -5.848776e-05
8.461396e+00 2.685505e+00 -5.529494e-05
8.650623e+00 1.570796e-02 -1.471622e-04
8.650623e+00 2.346256e-02 -1.363350e-04
8.650623e+00 3.503514e-02 -1.744341e-04
8.650623e+00 5.263151e-02 -2.912820e-04
8.650623e+00 7.314235e-02 -3.600263e-04
8.650623e+00 1.025928e-01 -2.566469e-04
8.650623e+00 1.448116e-01 -3.234527e-04
8.650623e+00 2.023460e-01 -3.171776e-04
8.650623e+00 2.834245e-01 -4.258145e-04
8.650623e+00 3.967448e-01 -3.008446e-04
8.650623e+00 5.552783e-01 -2.957825e-04
8.650623e+00 7.774819e-01 -2.688764e-04
8.650623e+00 1.088445e+00 -2.441694e-04
8.650623e+00 1.523711e+00 -2.650642e-04
8.650623e+00 2.088426e+00 -2.831284e-04
8.650623e+00 2.685505e+00 -2.699021e-04
8.843636e+00 1.570796e-02 -3.794059e-04
8.843636e+00 2.346256e-02 -4.662348e-04
8.843636e+00 3.503514e-02 -7.115830e-04
8.843636e+00 5.263151e-02 -1.225791e-03
8.843636e+00 7.314235e-02 -1.734808e-03
8.843636e+00 1.025928e-01 -1.363513e-03
8.843636e+00 1.448116e-01 -1.821381e-03
8.843636e+00 2.023460e-01 -1.677608e-03
8.843636e+00 2.834245e-01 -1.839890e-03
8.843636e+00 3.967448e-01 -1.489261e-03
8.843636e+00 5.552783e-01 -1.369900e-03
8.843636e+00 7.774819e-01 -1.282822e-03
8.843636e+00 1.088445e+00 -1.167881e-03
8.843636e+00 1.523711e+00 -1.235306e-03
8.843636e+00 2.088426e+00 -1.317789e-03
8.843636e+00 2.685505e+00 -1.249637e-03
9.040509e+00 1.570796e-02 -5.342046e-04
9.040509e+00 2.346256e-02 -1.082070e-03
9.040509e+00 3.503514e-02 -1.765392e-03
9.040509e+00 5.263151e-02 -2.599187e-03
9.040509e+00 7.314235e-02 -4.330543e-03
9.040509e+00 1.025928e-01 -3.427012e-03
9.040509e+00 1.448116e-01 -4.128255e-03
9.040509e+00 2.023460e-01 -4.429589e-03
9.040509e+00 2.834245e-01 -4.496171e-03
9.040509e+00 3.967448e-01 -3.936398e-03
9.040509e+00 5.552783e-01 -3.689977e-03
9.040509e+00 7.774819e-01 -3.352422e-03
9.040509e+00 1.088445e+00 -3.044068e-03
9.040509e+00 1.523711e+00 -3.165217e-03
9.040509e+00 2.088426e+00 -3.327384e-03
9.040509e+00 2.685505e+00 -3.141247e-03
9.241319e+00 1.570796e-02 -5.825151e-04
9.241319e+00 2.346256e-02 -1.493479e-03
9.241319e+00 3.503514e-02 -2.781499e-03
9.241319e+00 5.263151e-02 -4.238578e-03
9.241319e+00 7.314235e-02 -7.131448e-03
9.241319e+00 1.025928e-01 -6.715615e-03
9.241319e+00 1.448116e-01 -8.102688e-03
9.241319e+00 2.023460e-01 -8.606182e-03
9.241319e+00 2.834245e-01 -8.772152e-03
9.241319e+00 3.967448e-01 -7.829905e-03
9.241319e+00 5.552783e-01 -7.255625e-03
9.241319e+00 7.774819e-01 -6.571760e-03
9.241319e+00 1.088445e+00 -5.946619e-03
9.241319e+00 1.523711e+00 -6.049453e-03
9.241319e+00 2.088426e+00 -6.315506e-03
9.241319e+00 2.685505e+00 -5.948081e-03
9.446145e+00 1.570796e-02 -6.072981e-04
9.446145e+00 2.346256e-02 -1.595424e-03
9.446145e+00 3.503514e-02 -3.284876e-03
9.446145e+00 5.263151e-02 -5.522399e-03
9.446145e+00 7.314235e-02 -9.529462e-03
9.446145e+00 1.025928e-01 -1.030683e-02
9.446145e+00 1.448116e-01 -1.266759e-02
9.446145e+00 2.023460e-01 -1.345709e-02
9.446145e+00 2.834245e-01 -1.380576e-02
9.446145e+00 3.967448e-01 -1.263297e-02
9.446145e+00 5.552783e-01 -1.186910e-02
9.446145e+00 7.774819e-01 -1.064562e-02
9.446145e+00 1.088445e+00 -9.638373e-03
9.446145e+00 1.523711e+00 -9.570148e-03
9.446145e+00 2.088426e+00 -9.871577e-03
9.446145e+00 2.685505e+00 -9.298950e-03
9.655068e+00 1.570796e-02 -6.297911e-04
9.655068e+00 2.346256e-02 -1.509325e-03
9.655068e+00 3.503514e-02 -3.337808e-03
9.655068e+00 5.263151e-02 -6.001701e-03
9.655068e+00 7.314235e-02 -1.087918e-02
9.655068e+00 1.025928e-01 -1.297249e-02
9.655068e+00 1.448116e-01 -1.698872e-02
9.655068e+00 2.023460e-01 -1.813496e-02
9.655068e+00 2.834245e-01 -1.877143e-02
9.655068e+00 3.967448e-01 -1.766035e-02
9.655068e+00 5.552783e-01 -1.665175e-02
9.655068e+00 7.774819e-01 -1.497494e-02
9.655068e+00 1.088445e+00 -1.353190e-02
9.655068e+00 1.523711e+00 -1.329859e-02
9.655068e+00 2.088426e+00 -1.353877e-02
9.655068e+00 2.685505e+00 -1.268395e-02
9.868170e+00 1.570796e-02 -5.816252e-04
9.868170e+00 2.346256e-02 -1.421274e-03
9.868170e+00 3.503514e-02 -3.119440e-03
9.868170e+00 5.263151e-02 -5.927282e-03
9.868170e+00 7.314235e-02 -1.121841e-02
9.868170e+00 1.025928e-01 -1.452791e-02
9.868170e+00 1.448116e-01 -1.984918e-02
9.868170e+00 2.023460e-01 -2.191770e-02
9.868170e+00 2.834245e-01 -2.303483e-02
9.868170e+00 3.967448e-01 -2.224449e-02
9.868170e+00 5.552783e-01 -2.113884e-02
9.868170e+00 7.774819e-01 -1.898718e-02
9.868170e+00 1.088445e+00 -1.720694e-02
9.868170e+00 1.523711e+00 -1.678623e-02
9.868170e+00 2.088426e+00 -1.691497e-02
9.868170e+00 2.685505e+00 -1.585044e-02
1.008553e+01 1.570796e-02 -5.171510e-04
1.008553e+01 2.346256e-02 -1.280676e-03
1.008553e+01 3.503514e-02 -2.893097e-03
1.008553e+01 5.263151e-02 -5.635067e-03
1.008553e+01 7.314235e-02 -1.089621e-02
1.008553e+01 1.025928e-01 -1.500092e-02
1.008553e+01 1.448116e-01 -2.130653e-02
1.008553e+01 2.023460e-01 -2.440133e-02
1.008553e+01 2.834245e-01 -2.617841e-02
1.008553e+01 3.967448e-01 -2.581965e-02
1.008553e+01 5.552783e-01 -2.485029e-02
1.008553e+01 7.774819e-01 -2.251962e-02
1.008553e+01 1.088445e+00 -2.041178e-02
1.008553e+01 1.523711e+00 -1.977073e-02
1.008553e+01 2.088426e+00 -1.977044e-02
1.008553e+01 2.685505e+00 -1.838370e-02
1.030724e+01 1.570796e-02 -4.643548e-04
1.030724e+01 2.346256e-02 -1.175526e-03
1.030724e+01 3.503514e-02 -2.570354e-03
1.030724e+01 5.263151e-02 -5.146527e-03
1.030724e+01 7.314235e-02 -1.014576e-02
1.030724e+01 1.025928e-01 -1.459903e-02
1.030724e+01 1.448116e-01 -2.158840e-02
1.030724e+01 2.023460e-01 -2.560085e-02
1.030724e+01 2.834245e-01 -2.817010e-02
1.030724e+01 3.967448e-01 -2.852148e-02
1.030724e+01 5.552783e-01 -2.778436e-02
1.030724e+01 7.774819e-01 -2.548021e-02
1.030724e+01 1.088445e+00 -2.306997e-02
1.030724e+01 1.523711e+00 -2.220864e-02
1.030724e+01 2.088426e+00 -2.200437e-02
1.030724e+01 2.685505e+00 -2.018865e-02
1.053339e+01 1.570796e-02 -4.203451e-04
1.053339e+01 2.346256e-02 -1.062875e-03
1.053339e+01 3.503514e-02 -2.232031e-03
1.053339e+01 5.263151e-02 -4.637138e-03
1.053339e+01 7.314235e-02 -9.281444e-03
1.053339e+01 1.025928e-01 -1.370208e-02
1.053339e+01 1.448116e-01 -2.102182e-02
1.053339e+01 2.023460e-01 -2.577759e-02
1.053339e+01 2.834245e-01 -2.918310e-02
1.053339e+01 3.967448e-01 -3.024894e-02
1.053339e+01 5.552783e-01 -2.986548e-02
1.053339e+01 7.774819e-01 -2.771445e-02
1.053339e+01 1.088445e+00 -2.520715e-02
1.053339e+01 1.523711e+00 -2.414674e-02
1.053339e+01 2.088426e+00 -2.366224e-02
1.053339e+01 2.685505e+00 -2.155581e-02
1.076406e+01 1.570796e-02 -3.792675e-04
1.076406e+01 2.346256e-02 -9.632875e-04
1.076406e+01 3.503514e-02 -1.963640e-03
1.076406e+01 5.263151e-02 -4.148346e-03
1.076406e+01 7.314235e-02 -8.341356e-03
1.076406e+01 1.025928e-01 -1.260169e-02
1.076406e+01 1.448116e-01 -1.979052e-02
1.076406e+01 2.023460e-01 -2.507443e-02
1.076406e+01 2.834245e-01 -2.924129e-02
1.076406e+01 3.967448e-01 -3.104477e-02
1.076406e+01 5.552783e-01 -3.119338e-02
1.076406e+01 7.774819e-01 -2.930402e-02
1.076406e+01 1.088445e+00 -2.683268e-02
1.076406e+01 1.523711e+00 -2.558699e-02
1.076406e+01 2.088426e+00 -2.485421e-02
1.076406e+01 2.685505e+00 -2.240151e-02
1.099934e+01 1.570796e-02 -3.342748e-04
1.099934e+01 2.346256e-02 -8.687816e-04
1.099934e+01 3.503514e-02 -1.747739e-03
1.099934e+01 5.263151e-02 -3.696431e-03
1.099934e+01 7.314235e-02 -7.432226e-03
1.099934e+01 1.025928e-01 -1.133999e-02
1.099934e+01 1.448116e-01 -1.816679e-02
1.099934e+01 2.023460e-01 -2.374920e-02
1.099934e+01 2.834245e-01 -2.857710e-02
1.099934e+01 3.967448e-01 -3.109151e-02
1.099934e+01 5.552783e-01 -3.180136e-02
1.099934e+01 7.774819e-01 -3.032468e-02
1.099934e+01 1.088445e+00 -2.796094e-02
1.099934e+01 1.523711e+00 -2.660309e-02
1.099934e+01 2.088426e+00 -2.571636e-02
1.099934e+01 2.685505e+00 -2.296357e-02
1.123932e+01 1.570796e-02 -2.919297e-04
1.123932e+01 2.346256e-02 -7.822922e-04
1.123932e+01 3.503514e-02 -1.553751e-03
1.123932e+01 5.263151e-02 -3.279117e-03
1.123932e+01 7.314235e-02 -6.603107e-03
1.123932e+01 1.025928e-01 -1.008431e-02
1.123932e+01 1.448116e-01 -1.643615e-02
1.123932e+01 2.023460e-01 -2.207694e-02
1.123932e+01 2.834245e-01 -2.735916e-02
1.123932e+01 3.967448e-01 -3.048100e-02
1.123932e+01 5.552783e-01 -3.173590e-02
1.123932e+01 7.774819e-01 -3.069029e-02
1.123932e+01 1.088445e+00 -2.857768e-02
1.123932e+01 1.523711e+00 -2.721093e-02
1.123932e+01 2.088426e+00 -2.627858e-02
1.123932e+01 2.685505e+00 -2.320067e-02
1.148411e+01 1.570796e-02 -2.513816e-04
1.148411e+01 2.346256e-02 -7.029108e-04
1.148411e+01 3.503514e-02 -1.378214e-03
1.148411e+01 5.263151e-02 -2.899428e-03
1.148411e+01 7.314235e-02 -5.836357e-03
1.148411e+01 1.025928e-01 -8.911050e-03
1.148411e+01 1.448116e-01 -1.471585e-02
1.148411e+01 2.023460e-01 -2.021983e-02
1.148411e+01 2.834245e-01 -2.570568e-02
1.148411e+01 3.967448e-01 -2.932135e-02
1.148411e+01 5.552783e-01 -3.106271e-02
1.148411e+01 7.774819e-01 -3.051470e-02
1.148411e+01 1.088445e+00 -2.877136e-02
1.148411e+01 1.523711e+00 -2.747762e-02
1.148411e+01 2.088426e+00 -2.644258e-02
1.148411e+01 2.685505e+00 -2.324473e-02
1.173379e+01 1.570796e-02 -2.187916e-04
1.173379e+01 2.346256e-02 -6.247470e-04
1.173379e+01 3.503514e-02 -1.218526e-03
1.173379e+01 5.263151e-02 -2.552991e-03
1.173379e+01 7.314235e-02 -5.138387e-03
1.173379e+01 1.025928e-01 -7.847685e-03
1.173379e+01 1.448116e-01 -1.306404e-02
1.173379e+01 2.023460e-01 -1.827038e-02
1.173379e+01 2.834245e-01 -2.375835e-02
1.173379e+01 3.967448e-01 -2.771179e-02
1.173379e+01 5.552783e-01 -2.994856e-02
1.173379e+01 7.774819e-01 -2.990451e-02
1.173379e+01 1.088445e+00 -2.854453e-02
1.173379e+01 1.523711e+00 -2.739854e-02
1.173379e+01 2.088426e+00 -2.638268e-02
1.173379e+01 2.685505e+00 -2.309936e-02
1.198847e+01 1.570796e-02 -1.927728e-04
1.198847e+01 2.346256e-02 -5.535501e-04
1.198847e+01 3.503514e-02 -1.078851e-03
1.198847e+01 5.263151e-02 -2.245973e-03
1.198847e+01 7.314235e-02 -4.517551e-03
1.198847e+01 1.025928e-01 -6.908225e-03
1.198847e+01 1.448116e-01 -1.154345e-02
1.198847e+01 2.023460e-01 -1.633215e-02
1.198847e+01 2.834245e-01 -2.165684e-02
1.198847e+01 3.967448e-01 -2.580834e-02
1.198847e+01 5.552783e-01 -2.841226e-02
1.198847e+01 7.774819e-01 -2.885761e-02
1.198847e+01 1.088445e+00 -2.796849e-02
1.198847e+01 1.523711e+00 -2.702466e-02
1.198847e+01 2.088426e+00 -2.611678e-02
1.198847e+01 2.685505e+00 -2.284014e-02
1.224824e+01 1.570796e-02 -1.695193e-04
1.224824e+01 2.346256e-02 -4.861062e-04
1.224824e+01 3.503514e-02 -9.543422e-04
1.224824e+01 5.263151e-02 -1.969721e-03
1.224824e+01 7.314235e-02 -3.965754e-03
1.224824e+01 1.025928e-01 -6.078406e-03
1.224824e+01 1.448116e-01 -1.015205e-02
1.224824e+01 2.023460e-01 -1.448003e-02
1.224824e+01 2.834245e-01 -1.951783e-02
1.224824e+01 3.967448e-01 -2.368247e-02
1.224824e+01 5.552783e-01 -2.658021e-02
1.224824e+01 7.774819e-01 -2.750017e-02
1.224824e+01 1.088445e+00 -2.706213e-02
1.224824e+01 1.523711e+00 -2.646122e-02
1.224824e+01 2.088426e+00 -2.570204e-02
1.224824e+01 2.685505e+00 -2.235892e-02
1.251320e+01 1.570796e-02 -1.487792e-04
1.251320e+01 2.346256e-02 -4.260199e-04
1.251320e+01 3.503514e-02 -8.459389e-04
1.251320e+01 5.263151e-02 -1.717843e-03
1.251320e+01 7.314235e-02 -3.470573e-03
1.251320e+01 1.025928e-01 -5.330211e-03
1.251320e+01 1.448116e-01 -8.888206e-03
1.251320e+01 2.023460e-01 -1.274393e-02
1.251320e+01 2.834245e-01 -1.741643e-02
1.251320e+01 3.967448e-01 -2.150725e-02
1.251320e+01 5.552783e-01 -2.456824e-02
1.251320e+01 7.774819e-01 -2.591985e-02
1.251320e+01 1.088445e+00 -2.592995e-02
1.251320e+01 1.523711e+00 -2.564227e-02
1.251320e+01 2.088426e+00 -2.503071e-02
1.251320e+01 2.685505e+00 -2.175933e-02
1.278347e+01 1.570796e-02 -1.296657e-04
1.278347e+01 2.346256e-02 -3.698108e-04
1.278347e+01 3.503514e-02 -7.419624e-04
1.278347e+01 5.263151e-02 -1.494897e-03
1.278347e+01 7.314235e-02 -3.021585e-03
1.278347e+01 1.025928e-01 -4.649523e-03
1.278347e+01 1.448116e-01 -7.749207e-03
1.278347e+01 2.023460e-01 -1.114449e-02
1.278347e+01 2.834245e-01 -1.541120e-02
1.278347e+01 3.967448e-01 -1.930918e-02
1.278347e+01 5.552783e-01 -2.247672e-02
1.278347e+01 7.774819e-01 -2.414155e-02
1.278347e+01 1.088445e+00 -2.459035e-02
1.278347e+01 1.523711e+00 -2.462023e-02
1.278347e+01 2.088426e+00 -2.419133e-02
1.278347e+01 2.685505e+00 -2.100706e-02
1.305914e+01 1.570796e-02 -1.140229e-04
1.305914e+01 2.346256e-02 -3.187009e-04
1.305914e+01 3.503514e-02 -6.458019e-04
1.305914e+01 5.263151e-02 -1.297283e-03
1.305914e+01 7.314235e-02 -2.628954e-03
1.305914e+01 1.025928e-01 -4.032928e-03
1.305914e+01 1.448116e-01 -6.722821e-03
1.305914e+01 2.023460e-01 -9.699366e-03
1.305914e+01 2.834245e-01 -1.354232e-02
1.305914e+01 3.967448e-01 -1.718717e-02
1.305914e+01 5.552783e-01 -2.034813e-02
1.305914e+01 7.774819e-01 -2.226879e-02
1.305914e+01 1.088445e+00 -2.311397e-02
1.305914e+01 1.523711e+00 -2.346686e-02
1.305914e+01 2.088426e+00 -2.326291e-02
1.305914e+01 2.685505e+00 -2.023105e-02
1.334032e+01 1.570796e-02 -9.895672e-05
1.334032e+01 2.346256e-02 -2.714828e-04
1.334032e+01 3.503514e-02 -5.589747e-04
1.334032e+01 5.263151e-02 -1.124900e-03
1.334032e+01 7.314235e-02 -2.273887e-03
1.334032e+01 1.025928e-01 -3.482433e-03
1.334032e+01 1.448116e-01 -5.807237e-03
1.334032e+01 2.023460e-01 -8.404223e-03
1.334032e+01 2.834245e-01 -1.180247e-02
1.334032e+01 3.967448e-01 -1.517147e-02
1.334032e+01 5.552783e-01 -1.824533e-02
1.334032e+01 7.774819e-01 -2.035192e-02
1.334032e+01 1.088445e+00 -2.152267e-02
1.334032e+01 1.523711e+00 -2.216416e-02
1.334032e+01 2.088426e+00 -2.222723e-02
1.334032e+01 2.685505e+00 -1.942075e-02
1.362713e+01 1.570796e-02 -8.598023e-05
1.362713e+01 2.346256e-02 -2.296989e-04
1.362713e+01 3.503514e-02 -4.836299e-04
1.362713e+01 5.263151e-02 -9.744163e-04
1.362713e+01 7.314235e-02 -1.958301e-03
1.362713e+01 1.025928e-01 -2.996341e-03
1.362713e+01 1.448116e-01 -4.988521e-03
1.362713e+01 2.023460e-01 -7.260284e-03
1.362713e+01 2.834245e-01 -1.023377e-02
1.362713e+01 3.967448e-01 -1.329217e-02
1.362713e+01 5.552783e-01 -1.622698e-02
1.362713e+01 7.774819e-01 -1.844763e-02
1.362713e+01 1.088445e+00 -1.987813e-02
1.362713e+01 1.523711e+00 -2.079042e-02
1.362713e+01 2.088426e+00 -2.105952e-02
1.362713e+01 2.685505e+00 -1.845303e-02
1.391967e+01 1.570796e-02 -7.394655e-05
1.391967e+01 2.346256e-02 -1.957208e-04
1.391967e+01 3.503514e-02 -4.147514e-04
1.391967e+01 5.263151e-02 -8.369015e-04
1.391967e+01 7.314235e-02 -1.678937e-03
1.391967e+01 1.025928e-01 -2.566765e-03
1.391967e+01 1.448116e-01 -4.275971e-03
1.391967e+01 2.023460e-01 -6.239277e-03
1.391967e+01 2.834245e-01 -8.823835e-03
1.391967e+01 3.967448e-01 -1.156279e-02
1.391967e+01 5.552783e-01 -1.431305e-02
1.391967e+01 7.774819e-01 -1.656535e-02
1.391967e+01 1.088445e+00 -1.818876e-02
1.391967e+01 1.523711e+00 -1.932131e-02
1.391967e+01 2.088426e+00 -1.976267e-02
1.391967e+01 2.685505e+00 -1.725170e-02
1.421806e+01 1.570796e-02 -6.324065e-05
1.421806e+01 2.346256e-02 -1.662669e-04
1.421806e+01 3.503514e-02 -3.549512e-04
1.421806e+01 5.263151e-02 -7.153364e-04
1.421806e+01 7.314235e-02 -1.434917e-03
1.421806e+01 1.025928e-01 -2.191956e-03
1.421806e+01 1.448116e-01 -3.651938e-03
1.421806e+01 2.023460e-01 -5.342396e-03
1.421806e+01 2.834245e-01 -7.563039e-03
1.421806e+01 3.967448e-01 -9.993794e-03
1.421806e+01 5.552783e-01 -1.252263e-02
1.421806e+01 7.774819e-01 -1.475650e-02
1.421806e+01 1.088445e+00 -1.650162e-02
1.421806e+01 1.523711e+00 -1.782203e-02
1.421806e+01 2.088426e+00 -1.844906e-02
1.421806e+01 2.685505e+00 -1.603648e-02
1.452242e+01 1.570796e-02 -5.389501e-05
1.452242e+01 2.346256e-02 -1.419915e-04
1.452242e+01 3.503514e-02 -3.022229e-04
1.452242e+01 5.263151e-02 -6.095293e-04
1.452242e+01 7.314235e-02 -1.218841e-03
1.452242e+01 1.025928e-01 -1.865566e-03
1.452242e+01 1.448116e-01 -3.107816e-03
1.452242e+01 2.023460e-01 -4.553781e-03
1.452242e+01 2.834245e-01 -6.451586e-03
1.452242e+01 3.967448e-01 -8.584929e-03
1.452242e+01 5.552783e-01 -1.087183e-02
1.452242e+01 7.774819e-01 -1.303729e-02
1.452242e+01 1.088445e+00 -1.484967e-02
1.452242e+01 1.523711e+00 -1.631621e-02
1.452242e+01 2.088426e+00 -1.707924e-02
1.452242e+01 2.685505e+00 -1.485748e-02
1.483287e+01 1.570796e-02 -4.568607e-05
1.483287e+01 2.346256e-02 -1.193710e-04
1.483287e+01 3.503514e-02 -2.568054e-04
1.483287e+01 5.263151e-02 -5.159403e-04
1.483287e+01 7.314235e-02 -1.032635e-03
1.483287e+01 1.025928e-01 -1.582030e-03
1.483287e+01 1.448116e-01 -2.637987e-03
1.483287e+01 2.023460e-01 -3.860452e-03
1.483287e+01 2.834245e-01 -5.485668e-03
1.483287e+01 3.967448e-01 -7.334548e-03
1.483287e+01 5.552783e-01 -9.392029e-03
1.483287e+01 7.774819e-01 -1.144039e-02
1.483287e+01 1.088445e+00 -1.327615e-02
1.483287e+01 1.523711e+00 -1.485502e-02
1.483287e+01 2.088426e+00 -1.571712e-02
1.483287e+01 2.685505e+00 -1.371695e-02
1.514953e+01 1.570796e-02 -3.898410e-05
1.514953e+01 2.346256e-02 -9.998027e-05
1.514953e+01 3.503514e-02 -2.155777e-04
1.514953e+01 5.263151e-02 -4.325537e-04
1.514953e+01 7.314235e-02 -8.722387e-04
1.514953e+01 1.025928e-01 -1.336593e-03
1.514953e+01 1.448116e-01 -2.221824e-03
1.514953e+01 2.023460e-01 -3.260989e-03
1.514953e+01 2.834245e-01 -4.639631e-03
1.514953e+01 3.967448e-01 -6.235813e-03
1.514953e+01 5.552783e-01 -8.051178e-03
1.514953e+01 7.774819e-01 -9.977892e-03
1.514953e+01 1.088445e+00 -1.179489e-02
1.514953e+01 1.523711e+00 -1.341367e-02
1.514953e+01 2.088426e+00 -1.433596e-02
1.514953e+01 2.685505e+00 -1.252328e-02
1.547252e+01 1.570796e-02 -3.285716e-05
1.547252e+01 2.346256e-02 -8.332153e-05
1.547252e+01 3.503514e-02 -1.801554e-04
1.547252e+01 5.263151e-02 -3.615111e-04
1.547252e+01 7.314235e-02 -7.292164e-04
1.547252e+01 1.025928e-01 -1.120780e-03
1.547252e+01 1.448116e-01 -1.858027e-03
1.547252e+01 2.023460e-01 -2.730347e-03
1.547252e+01 2.834245e-01 -3.899486e-03
1.547252e+01 3.967448e-01 -5.255193e-03
1.547252e+01 5.552783e-01 -6.846860e-03
1.547252e+01 7.774819e-01 -8.609703e-03
1.547252e+01 1.088445e+00 -1.036817e-02
1.547252e+01 1.523711e+00 -1.196066e-02
1.547252e+01 2.088426e+00 -1.290331e-02
1.547252e+01 2.685505e+00 -1.129136e-02
1.580197e+01 1.570796e-02 -2.767253e-05
1.580197e+01 2.346256e-02 -6.909829e-05
1.580197e+01 3.503514e-02 -1.502814e-04
1.580197e+01 5.263151e-02 -2.980752e-04
1.580197e+01 7.314235e-02 -6.071208e-04
1.580197e+01 1.025928e-01 -9.309120e-04
1.580197e+01 1.448116e-01 -1.545168e-03
1.580197e+01 2.023460e-01 -2.274801e-03
1.580197e+01 2.834245e-01 -3.248802e-03
1.580197e+01 3.967448e-01 -4.393631e-03
1.580197e+01 5.552783e-01 -5.771933e-03
1.580197e+01 7.774819e-01 -7.372330e-03
1.580197e+01 1.088445e+00 -9.027898e-03
1.580197e+01 1.523711e+00 -1.057223e-02
1.580197e+01 2.088426e+00 -1.148777e-02
1.580197e+01 2.685505e+00 -1.008690e-02
1.613801e+01 1.570796e-02 -2.286132e-05
1.613801e+01 2.346256e-02 -5.624300e-05
1.613801e+01 3.503514e-02 -1.245540e-04
1.613801e+01 5.263151e-02 -2.469939e-04
1.613801e+01 7.314235e-02 -4.997742e-04
1.613801e+01 1.025928e-01 -7.672649e-04
1.613801e+01 1.448116e-01 -1.272111e-03
1.613801e+01 2.023460e-01 -1.880509e-03
1.613801e+01 2.834245e-01 -2.691020e-03
1.613801e+01 3.967448e-01 -3.651205e-03
1.613801e+01 5.552783e-01 -4.835564e-03
1.613801e+01 7.774819e-01 -6.265113e-03
1.613801e+01 1.088445e+00 -7.795648e-03
1.613801e+01 1.523711e+00 -9.275387e-03
1.613801e+01 2.088426e+00 -1.016102e-02
1.613801e+01 2.685505e+00 -8.961789e-03
1.648077e+01 1.570796e-02 -1.885621e-05
1.648077e+01 2.346256e-02 -4.601385e-05
1.648077e+01 3.503514e-02 -1.024517e-04
1.648077e+01 5.263151e-02 -2.029248e-04
1.648077e+01 7.314235e-02 -4.091577e-04
1.648077e+01 1.025928e-01 -6.301830e-04
1.648077e+01 1.448116e-01 -1.047126e-03
1.648077e+01 2.023460e-01 -1.547387e-03
1.648077e+01 2.834245e-01 -2.214403e-03
1.648077e+01 3.967448e-01 -3.012808e-03
1.648077e+01 5.552783e-01 -4.032164e-03
1.648077e+01 7.774819e-01 -5.279261e-03
1.648077e+01 1.088445e+00 -6.682452e-03
1.648077e+01 1.523711e+00 -8.056334e-03
1.648077e+01 2.088426e+00 -8.923135e-03
1.648077e+01 2.685505e+00 -7.930201e-03
1.683038e+01 1.570796e-02 -1.519643e-05
1.683038e+01 2.346256e-02 -3.693216e-05
1.683038e+01 3.503514e-02 -8.360520e-05
1.683038e+01 5.263151e-02 -1.648908e-04
1.683038e+01 7.314235e-02 -3.324242e-04
1.683038e+01 1.025928e-01 -5.131498e-04
1.683038e+01 1.448116e-01 -8.544384e-04
1.683038e+01 2.023460e-01 -1.263225e-03
1.683038e+01 2.834245e-01 -1.808667e-03
1.683038e+01 3.967448e-01 -2.472322e-03
1.683038e+01 5.552783e-01 -3.331165e-03
1.683038e+01 7.774819e-01 -4.420360e-03
1.683038e+01 1.088445e+00 -5.682415e-03
1.683038e+01 1.523711e+00 -6.951559e-03
1.683038e+01 2.088426e+00 -7.765899e-03
1.683038e+01 2.685505e+00 -6.976552e-03
1.718699e+01 1.570796e-02 -1.235074e-05
1.718699e+01 2.346256e-02 -3.000081e-05
1.718699e+01 3.503514e-02 -6.773749e-05
1.718699e+01 5.263151e-02 -1.332990e-04
1.718699e+01 7.314235e-02 -2.689081e-04
1.718699e+01 1.025928e-01 -4.141802e-04
1.718699e+01 1.448116e-01 -6.922306e-04
1.718699e+01 2.023460e-01 -1.024348e-03
1.718699e+01 2.834245e-01 -1.466665e-03
1.718699e+01 3.967448e-01 -2.014259e-03
1.718699e+01 5.552783e-01 -2.734143e-03
1.718699e+01 7.774819e-01 -3.675111e-03
1.718699e+01 1.088445e+00 -4.791923e-03
1.718699e+01 1.523711e+00 -5.952411e-03
1.718699e+01 2.088426e+00 -6.727078e-03
1.718699e+01 2.685505e+00 -6.077309e-03
1.755073e+01 1.570796e-02 -9.986932e-06
1.755073e+01 2.346256e-02 -2.430600e-05
1.755073e+01 3.503514e-02 -5.451360e-05
1.755073e+01 5.263151e-02 -1.076456e-04
1.755073e+01 7.314235e-02 -2.165199e-04
1.755073e+01 1.025928e-01 -3.346827e-04
1.755073e+01 1.448116e-01 -5.604382e-04
1.755073e+01 2.023460e-01 -8.239239e-04
1.755073e+01 2.834245e-01 -1.185164e-03
1.755073e+01 3.967448e-01 -1.632385e-03
1.755073e+01 5.552783e-01 -2.234561e-03
1.755073e+01 7.774819e-01 -3.037600e-03
1.755073e+01 1.088445e+00 -4.010781e-03
1.755073e+01 1.523711e+00 -5.057167e-03
1.755073e+01 2.088426e+00 -5.769665e-03
1.755073e+01 2.685505e+00 -5.278077e-03
1.792175e+01 1.570796e-02 -8.118596e-06
1.792175e+01 2.346256e-02 -1.950768e-05
1.792175e+01 3.503514e-02 -4.388402e-05
1.792175e+01 5.263151e-02 -8.555226e-05
1.792175e+01 7.314235e-02 -1.731485e-04
1.792175e+01 1.025928e-01 -2.688338e-04
1.792175e+01 1.448116e-01 -4.477679e-04
1.792175e+01 2.023460e-01 -6.606357e-04
1.792175e+01 2.834245e-01 -9.496531e-04
1.792175e+01 3.967448e-01 -1.316348e-03
1.792175e+01 5.552783e-01 -1.814861e-03
1.792175e+01 7.774819e-01 -2.497472e-03
1.792175e+01 1.088445e+00 -3.346353e-03
1.792175e+01 1.523711e+00 -4.266796e-03
1.792175e+01 2.088426e+00 -4.938297e-03
1.792175e+01 2.685505e+00 -4.587295e-03
1.830018e+01 1.570796e-02 -6.449690e-06
1.830018e+01 2.346256e-02 -1.555348e-05
1.830018e+01 3.503514e-02 -3.480060e-05
1.830018e+01 5.263151e-02 -6.791944e-05
1.830018e+01 7.314235e-02 -1.376100e-04
1.830018e+01 1.025928e-01 -2.138119e-04
1.830018e+01 1.448116e-01 -3.558862e-04
1.830018e+01 2.023460e-01 -5.253736e-04
1.830018e+01 2.834245e-01 -7.578472e-04
1.830018e+01 3.967448e-01 -1.056945e-03
1.830018e+01 5.552783e-01 -1.462900e-03
1.830018e+01 7.774819e-01 -2.038406e-03
1.830018e+01 1.088445e+00 -2.775601e-03
1.830018e+01 1.523711e+00 -3.579918e-03
1.830018e+01 2.088426e+00 -4.194545e-03
1.830018e+01 2.685505e+00 -3.967263e-03
1.868618e+01 1.570796e-02 -5.189507e-06
1.868618e+01 2.346256e-02 -1.213956e-05
1.868618e+01 3.503514e-02 -2.747039e-05
1.868618e+01 5.263151e-02 -5.414307e-05
1.868618e+01 7.314235e-02 -1.090722e-04
1.868618e+01 1.025928e-01 -1.687253e-04
1.868618e+01 1.448116e-01 -2.828183e-04
1.868618e+01 2.023460e-01 -4.166096e-04
1.868618e+01 2.834245e-01 -6.025206e-04
1.868618e+01 3.967448e-01 -8.436541e-04
1.868618e+01 5.552783e-01 -1.175027e-03
1.868618e+01 7.774819e-01 -1.659164e-03
1.868618e+01 1.088445e+00 -2.281912e-03
1.868618e+01 1.523711e+00 -2.975357e-03
1.868618e+01 2.088426e+00 -3.533097e-03
1.868618e+01 2.685505e+00 -3.372693e-03
1.907991e+01 1.570796e-02 -4.077082e-06
1.907991e+01 2.346256e-02 -9.422369e-06
1.907991e+01 3.503514e-02 -2.177827e-05
1.907991e+01 5.263151e-02 -4.269410e-05
1.907991e+01 7.314235e-02 -8.573289e-05
1.907991e+01 1.025928e-01 -1.324620e-04
1.907991e+01 1.448116e-01 -2.221998e-04
1.907991e+01 2.023460e-01 -3.284341e-04
1.907991e+01 2.834245e-01 -4.749671e-04
1.907991e+01 3.967448e-01 -6.662997e-04
1.907991e+01 5.552783e-01 -9.387540e-04
1.907991e+01 7.774819e-01 -1.339354e-03
1.907991e+01 1.088445e+00 -1.864924e-03
1.907991e+01 1.523711e+00 -2.461289e-03
1.907991e+01 2.088426e+00 -2.966224e-03
1.907991e+01 2.685505e+00 -2.869009e-03
1.948151e+01 1.570796e-02 -3.287016e-06
1.948151e+01 2.346256e-02 -7.065721e-06
1.948151e+01 3.503514e-02 -1.732389e-05
1.948151e+01 5.263151e-02 -3.330623e-05
1.948151e+01 7.314235e-02 -6.737892e-05
1.948151e+01 1.025928e-01 -1.044140e-04
1.948151e+01 1.448116e-01 -1.737060e-04
1.948151e+01 2.023460e-01 -2.585852e-04
1.948151e+01 2.834245e-01 -3.734098e-04
1.948151e+01 3.967448e-01 -5.263101e-04
1.948151e+01 5.552783e-01 -7.460282e-04
1.948151e+01 7.774819e-01 -1.077873e-03
1.948151e+01 1.088445e+00 -1.513666e-03
1.948151e+01 1.523711e+00 -2.016017e-03
1.948151e+01 2.088426e+00 -2.467994e-03
1.948151e+01 2.685505e+00 -2.413416e-03
1.989114e+01 1.570796e-02 -2.626080e-06
1.989114e+01 2.346256e-02 -5.428605e-06
1.989114e+01 3.503514e-02 -1.356125e-05
1.989114e+01 5.263151e-02 -2.587803e-05
1.989114e+01 7.314235e-02 -5.198975e-05
1.989114e+01 1.025928e-01 -8.128284e-05
1.989114e+01 1.448116e-01 -1.353922e-04
1.989114e+01 2.023460e-01 -2.017781e-04
1.989114e+01 2.834245e-01 -2.919786e-04
1.989114e+01 3.967448e-01 -4.134797e-04
1.989114e+01 5.552783e-01 -5.922968e-04
1.989114e+01 7.774819e-01 -8.626839e-04
1.989114e+01 1.088445e+00 -1.221082e-03
1.989114e+01 1.523711e+00 -1.642412e-03
1.989114e+01 2.088426e+00 -2.038737e-03
1.989114e+01 2.685505e+00 -2.013715e-03
2.030896e+01 1.570796e-02 -2.097076e-06
2.030896e+01 2.346256e-02 -3.974279e-06
2.030896e+01 3.503514e-02 -1.041459e-05
2.030896e+01 5.263151e-02 -2.004707e-05
2.030896e+01 7.314235e-02 -3.979331e-05
2.030896e+01 1.025928e-01 -6.289163e-05
2.030896e+01 1.448116e-01 -1.045173e-04
2.030896e+01 2.023460e-01 -1.567160e-04
2.030896e+01 2.834245e-01 -2.264821e-04
2.030896e+01 3.967448e-01 -3.228108e-04
2.030896e+01 5.552783e-01 -4.652674e-04
2.030896e+01 7.774819e-01 -6.856106e-04
2.030896e+01 1.088445e+00 -9.767474e-04
2.030896e+01 1.523711e+00 -1.329056e-03
2.030896e+01 2.088426e+00 -1.662578e-03
2.030896e+01 2.685505e+00 -1.658063e-03
2.073514e+01 1.570796e-02 -1.647525e-06
2.073514e+01 2.346256e-02 -3.048234e-06
2.073514e+01 3.503514e-02 -7.965016e-06
2.073514e+01 5.263151e-02 -1.549723e-05
2.073514e+01 7.314235e-02 -3.065162e-05
2.073514e+01 1.025928e-01 -4.834340e-05
2.073514e+01 1.448116e-01 -8.106668e-05
2.073514e+01 2.023460e-01 -1.210337e-04
2.073514e+01 2.834245e-01 -1.750476e-04
2.073514e+01 3.967448e-01 -2.513348e-04
2.073514e+01 5.552783e-01 -3.651281e-04
2.073514e+01 7.774819e-01 -5.448123e-04
2.073514e+01 1.088445e+00 -7.778653e-04
2.073514e+01 1.523711e+00 -1.072093e-03
2.073514e+01 2.088426e+00 -1.352680e-03
2.073514e+01 2.685505e+00 -1.371069e-03
2.116984e+01 1.570796e-02 -1.248508e-06
2.116984e+01 2.346256e-02 -2.249262e-06
2.116984e+01 3.503514e-02 -5.994557e-06
2.116984e+01 5.263151e-02 -1.178493e-05
2.116984e+01 7.314235e-02 -2.330455e-05
2.116984e+01 1.025928e-01 -3.705376e-05
2.116984e+01 1.448116e-01 -6.151530e-05
2.116984e+01 2.023460e-01 -9.297399e-05
2.116984e+01 2.834245e-01 -1.338787e-04
2.116984e+01 3.967448e-01 -1.940058e-04
2.116984e+01 5.552783e-01 -2.834694e-04
2.116984e+01 7.774819e-01 -4.260763e-04
2.116984e+01 1.088445e+00 -6.132266e-04
2.116984e+01 1.523711e+00 -8.529324e-04
2.116984e+01 2.088426e+00 -1.091544e-03
2.116984e+01 2.685505e+00 -1.101788e-03
2.161324e+01 1.570796e-02 -9.625685e-07
2.161324e+01 2.346256e-02 -1.653014e-06
2.161324e+01 3.503514e-02 -4.588385e-06
2.161324e+01 5.263151e-02 -8.899703e-06
2.161324e+01 7.314235e-02 -1.776978e-05
2.161324e+01 1.025928e-01 -2.814286e-05
2.161324e+01 1.448116e-01 -4.641446e-05
2.161324e+01 2.023460e-01 -7.078062e-05
2.161324e+01 2.834245e-01 -1.021243e-04
2.161324e+01 3.967448e-01 -1.494065e-04
2.161324e+01 5.552783e-01 -2.200343e-04
2.161324e+01 7.774819e-01 -3.327112e-04
2.161324e+01 1.088445e+00 -4.804908e-04
2.161324e+01 1.523711e+00 -6.738054e-04
2.161324e+01 2.088426e+00 -8.719475e-04
2.161324e+01 2.685505e+00 -8.832877e-04
2.206550e+01 1.570796e-02 -7.029800e-07
2.206550e+01 2.346256e-02 -1.203678e-06
2.206550e+01 3.503514e-02 -3.499107e-06
2.206550e+01 5.263151e-02 -6.826669e-06
2.206550e+01 7.314235e-02 -1.350066e-05
2.206550e+01 1.025928e-01 -2.099228e-05
2.206550e+01 1.448116e-01 -3.482605e-05
2.206550e+01 2.023460e-01 -5.333157e-05
2.206550e+01 2.834245e-01 -7.723330e-05
2.206550e+01 3.967448e-01 -1.130449e-04
2.206550e+01 5.552783e-01 -1.686297e-04
2.206550e+01 7.774819e-01 -2.565450e-04
2.206550e+01 1.088445e+00 -3.704159e-04
2.206550e+01 1.523711e+00 -5.214796e-04
2.206550e+01 2.088426e+00 -6.803139e-04
2.206550e+01 2.685505e+00 -6.900727e-04
2.252681e+01 1.570796e-02 -5.294914e-07
2.252681e+01 2.346256e-02 -7.998668e-07
2.252681e+01 3.503514e-02 -2.622637e-06
2.252681e+01 5.263151e-02 -4.990484e-06
2.252681e+01 7.314235e-02 -9.799868e-06
2.252681e+01 1.025928e-01 -1.528499e-05
2.252681e+01 1.448116e-01 -2.584121e-05
2.252681e+01 2.023460e-01 -3.929785e-05
2.252681e+01 2.834245e-01 -5.732425e-05
2.252681e+01 3.967448e-01 -8.479441e-05
2.252681e+01 5.552783e-01 -1.281184e-04
2.252681e+01 7.774819e-01 -1.949571e-04
2.252681e+01 1.088445e+00 -2.822506e-04
2.252681e+01 1.523711e+00 -3.998098e-04
2.252681e+01 2.088426e+00 -5.264666e-04
2.252681e+01 2.685505e+00 -5.266644e-04
2.299735e+01 1.570796e-02 -3.949874e-07
2.299735e+01 2.346256e-02 -5.760663e-07
2.299735e+01 3.503514e-02 -1.846395e-06
2.299735e+01 5.263151e-02 -3.640666e-06
2.299735e+01 7.314235e-02 -7.112765e-06
2.299735e+01 1.025928e-01 -1.118953e-05
2.299735e+01 1.448116e-01 -1.885157e-05
2.299735e+01 2.023460e-01 -2.897716e-05
2.299735e+01 2.834245e-01 -4.214730e-05
2.299735e+01 3.967448e-01 -6.278620e-05
2.299735e+01 5.552783e-01 -9.555875e-05
2.299735e+01 7.774819e-01 -1.461424e-04
2.299735e+01 1.088445e+00 -2.128203e-04
2.299735e+01 1.523711e+00 -3.041317e-04
2.299735e+01 2.088426e+00 -4.005759e-04
2.299735e+01 2.685505e+00 -3.994754e-04
2.347730e+01 1.570796e-02 -2.926676e-07
2.347730e+01 2.346256e-02 -4.094095e-07
2.347730e+01 3.503514e-02 -1.366027e-06
2.347730e+01 5.263151e-02 -2.604342e-06
2.347730e+01 7.314235e-02 -5.271996e-06
2.347730e+01 1.025928e-01 -7.941103e-06
2.347730e+01 1.448116e-01 -1.349520e-05
2.347730e+01 2.023460e-01 -2.109932e-05
2.347730e+01 2.834245e-01 -3.054842e-05
2.347730e+01 3.967448e-01 -4.564852e-05
2.347730e+01 5.552783e-01 -7.013897e-05
2.347730e+01 7.774819e-01 -1.073242e-04
2.347730e+01 1.088445e+00 -1.570980e-04
2.347730e+01 1.523711e+00 -2.253717e-04
2.347730e+01 2.088426e+00 -2.963386e-04
2.347730e+01 2.685505e+00 -2.873181e-04
2.396684e+01 1.570796e-02 -2.189490e-07
2.396684e+01 2.346256e-02 -2.602381e-07
2.396684e+01 3.503514e-02 -9.953597e-07
2.396684e+01 5.263151e-02 -1.788600e-06
2.396684e+01 7.314235e-02 -3.539466e-06
2.396684e+01 1.025928e-01 -5.382681e-06
2.396684e+01 1.448116e-01 -9.526581e-06
2.396684e+01 2.023460e-01 -1.464303e-05
2.396684e+01 2.834245e-01 -2.155501e-05
2.396684e+01 3.967448e-01 -3.227191e-05
2.396684e+01 5.552783e-01 -4.955116e-05
2.396684e+01 7.774819e-01 -7.618593e-05
2.396684e+01 1.088445e+00 -1.118394e-04
2.396684e+01 1.523711e+00 -1.617348e-04
2.396684e+01 2.088426e+00 -2.122082e-04
2.396684e+01 2.685505e+00 -2.056270e-04
2.446618e+01 1.570796e-02 -1.572669e-07
2.446618e+01 2.346256e-02 -1.248360e-07
2.446618e+01 3.503514e-02 -6.681152e-07
2.446618e+01 5.263151e-02 -1.222910e-06
2.446618e+01 7.314235e-02 -2.392519e-06
2.446618e+01 1.025928e-01 -3.700158e-06
2.446618e+01 1.448116e-01 -6.592604e-06
2.446618e+01 2.023460e-01 -9.910882e-06
2.446618e+01 2.834245e-01 -1.480967e-05
2.446618e+01 3.967448e-01 -2.230493e-05
2.446618e+01 5.552783e-01 -3.433451e-05
2.446618e+01 7.774819e-01 -5.281742e-05
2.446618e+01 1.088445e+00 -7.726140e-05
2.446618e+01 1.523711e+00 -1.122052e-04
2.446618e+01 2.088426e+00 -1.474671e-04
2.446618e+01 2.685505e+00 -1.425968e-04
2.497550e+01 1.570796e-02 -1.093934e-07
2.497550e+01 2.346256e-02 -9.262675e-08
2.497550e+01 3.503514e-02 -4.239791e-07
2.497550e+01 5.263151e-02 -8.097851e-07
2.497550e+01 7.314235e-02 -1.603162e-06
2.497550e+01 1.025928e-01 -2.412562e-06
2.497550e+01 1.448116e-01 -4.380898e-06
2.497550e+01 2.023460e-01 -6.659225e-06
2.497550e+01 2.834245e-01 -9.898580e-06
2.497550e+01 3.967448e-01 -1.502786e-05
2.497550e+01 5.552783e-01 -2.344316e-05
2.497550e+01 7.774819e-01 -3.589511e-05
2.497550e+01 1.088445e+00 -5.250642e-05
2.497550e+01 1.523711e+00 -7.617575e-05
2.497550e+01 2.088426e+00 -1.003988e-04
2.497550e+01 2.685505e+00 -9.511439e-05
2.549501e+01 1.570796e-02 -6.690437e-08
2.549501e+01 2.346256e-02 -5.295963e-08
2.549501e+01 3.503514e-02 -2.707716e-07
2.549501e+01 5.263151e-02 -5.135565e-07
2.549501e+01 7.314235e-02 -1.047722e-06
2.549501e+01 1.025928e-01 -1.572502e-06
2.549501e+01 1.448116e-01 -2.830326e-06
2.549501e+01 2.023460e-01 -4.265500e-06
2.549501e+01 2.834245e-01 -6.402200e-06
2.549501e+01 3.967448e-01 -9.946397e-06
2.549501e+01 5.552783e-01 -1.561688e-05
2.549501e+01 7.774819e-01 -2.381183e-05
2.549501e+01 1.088445e+00 -3.485556e-05
2.549501e+01 1.523711e+00 -5.075399e-05
2.549501e+01 2.088426e+00 -6.711077e-05
2.549501e+01 2.685505e+00 -6.440033e-05
2.602491e+01 1.570796e-02 -4.653134e-08
2.602491e+01 2.346256e-02 -3.043325e-08
2.602491e+01 3.503514e-02 -1.681705e-07
2.602491e+01 5.263151e-02 -3.222530e-07
2.602491e+01 7.314235e-02 -6.681271e-07
2.602491e+01 1.025928e-01 -9.824698e-07
2.602491e+01 1.448116e-01 -1.829000e-06
2.602491e+01 2.023460e-01 -2.738109e-06
2.602491e+01 2.834245e-01 -4.116821e-06
2.602491e+01 3.967448e-01 -6.512925e-06
2.602491e+01 5.552783e-01 -1.028630e-05
2.602491e+01 7.774819e-01 -1.564360e-05
2.602491e+01 1.088445e+00 -2.271200e-05
2.602491e+01 1.523711e+00 -3.327214e-05
2.602491e+01 2.088426e+00 -4.411906e-05
2.602491e+01 2.685505e+00 -4.176474e-05
2.656541e+01 1.570796e-02 -3.499542e-08
2.656541e+01 2.346256e-02 -2.358669e-08
2.656541e+01 3.503514e-02 -1.075035e-07
2.656541e+01 5.263151e-02 -2.002084e-07
2.656541e+01 7.314235e-02 -4.358862e-07
2.656541e+01 1.025928e-01 -6.030305e-07
2.656541e+01 1.448116e-01 -1.118788e-06
2.656541e+01 2.023460e-01 -1.746544e-06
2.656541e+01 2.834245e-01 -2.572999e-06
2.656541e+01 3.967448e-01 -4.153190e-06
2.656541e+01 5.552783e-01 -6.598327e-06
2.656541e+01 7.774819e-01 -1.010232e-05
2.656541e+01 1.088445e+00 -1.448977e-05
2.656541e+01 1.523711e+00 -2.174816e-05
2.656541e+01 2.088426e+00 -2.868923e-05
2.656541e+01 2.685505e+00 -2.604053e-05
2.711672e+01 1.570796e-02 -2.051410e-08
2.711672e+01 2.346256e-02 -1.762945e-08
2.711672e+01 3.503514e-02 -6.440811e-08
2.711672e+01 5.263151e-02 -1.220251e-07
2.711672e+01 7.314235e-02 -2.551215e-07
2.711672e+01 1.025928e-01 -3.753965e-07
2.711672e+01 1.448116e-01 -6.880132e-07
2.711672e+01 2.023460e-01 -1.057196e-06
2.711672e+01 2.834245e-01 -1.575701e-06
2.711672e+01 3.967448e-01 -2.571535e-06
2.711672e+01 5.552783e-01 -4.052032e-06
2.711672e+01 7.774819e-01 -6.292560e-06
2.711672e+01 1.088445e+00 -9.017458e-06
2.711672e+01 1.523711e+00 -1.364161e-05
2.711672e+01 2.088426e+00 -1.796026e-05
2.711672e+01 2.685505e+00 -1.716108e-05
2.767905e+01 1.570796e-02 2.435134e-10
2.767905e+01 2.346256e-02 6.192994e-10
2.767905e+01 3.503514e-02 1.257910e-09
2.767905e+01 5.263151e-02 2.563930e-09
2.767905e+01 7.314235e-02 5.389761e-09
2.767905e+01 1.025928e-01 8.026560e-09
2.767905e+01 1.448116e-01 1.377669e-08
2.767905e+01 2.023460e-01 2.059848e-08
2.767905e+01 2.834245e-01 3.120283e-08
2.767905e+01 3.967448e-01 4.631806e-08
2.767905e+01 5.552783e-01 6.766853e-08
2.767905e+01 7.774819e-01 9.191543e-08
2.767905e+01 1.088445e+00 1.096900e-07
2.767905e+01 1.523711e+00 1.102489e-07
2.767905e+01 2.088426e+00 8.855780e-08
2.767905e+01 2.685505e+00 4.832367e-08
2.825263e+01 1.570796e-02 2.197821e-10
2.825263e+01 2.346256e-02 5.591759e-10
2.825263e+01 3.503514e-02 1.134865e-09
2.825263e+01 5.263151e-02 2.311778e-09
2.825263e+01 7.314235e-02 4.864225e-09
2.825263e+01 1.025928e-01 7.244673e-09
2.825263e+01 1.448116e-01 1.244954e-08
2.825263e+01 2.023460e-01 1.870010e-08
2.825263e+01 2.834245e-01 2.847360e-08
2.825263e+01 3.967448e-01 4.248906e-08
2.825263e+01 5.552783e-01 6.234143e-08
2.825263e+01 7.774819e-01 8.514850e-08
2.825263e+01 1.088445e+00 1.026865e-07
2.825263e+01 1.523711e+00 1.056084e-07
2.825263e+01 2.088426e+00 8.767929e-08
2.825263e+01 2.685505e+00 5.061964e-08
2.883769e+01 1.570796e-02 1.964082e-10
2.883769e+01 2.346256e-02 5.000667e-10
2.883769e+01 3.503514e-02 1.013976e-09
2.883769e+01 5.263151e-02 2.065129e-09
2.883769e+01 7.314235e-02 4.347792e-09
2.883769e+01 1.025928e-01 6.477746e-09
2.883769e+01 1.448116e-01 1.114743e-08
2.883769e+01 2.023460e-01 1.682198e-08
2.883769e+01 2.834245e-01 2.574764e-08
2.883769e+01 3.967448e-01 3.860127e-08
2.883769e+01 5.552783e-01 5.688262e-08
2.883769e+01 7.774819e-01 7.813028e-08
2.883769e+01 1.088445e+00 9.524490e-08
2.883769e+01 1.523711e+00 1.002192e-07
2.883769e+01 2.088426e+00 8.631033e-08
2.883769e+01 2.685505e+00 5.295392e-08
2.943444e+01 1.570796e-02 1.735655e-10
2.943444e+01 2.346256e-02 4.421509e-10
2.943444e+01 3.503514e-02 8.952887e-10
2.943444e+01 5.263151e-02 1.823654e-09
2.943444e+01 7.314235e-02 3.842097e-09
2.943444e+01 1.025928e-01 5.727277e-09
2.943444e+01 1.448116e-01 9.869052e-09
2.943444e+01 2.023460e-01 1.496455e-08
2.943444e+01 2.834245e-01 2.302066e-08
2.943444e+01 3.967448e-01 3.466272e-08
2.943444e+01 5.552783e-01 5.128637e-08
2.943444e+01 7.774819e-01 7.083875e-08
2.943444e+01 1.088445e+00 8.735071e-08
2.943444e+01 1.523711e+00 9.418355e-08
2.943444e+01 2.088426e+00 8.429174e-08
2.943444e+01 2.685505e+00 5.533375e-08
3.004313e+01 1.570796e-02 1.511475e-10
3.004313e+01 2.346256e-02 3.855263e-10
3.004313e+01 3.503514e-02 7.796460e-10
3.004313e+01 5.263151e-02 1.588485e-09
3.004313e+01 7.314235e-02 3.348467e-09
3.004313e+01 1.025928e-01 4.994106e-09
3.004313e+01 1.448116e-01 8.617864e-09
3.004313e+01 2.023460e-01 1.312787e-08
3.004313e+01 2.834245e-01 2.028837e-08
3.004313e+01 3.967448e-01 3.068162e-08
3.004313e+01 5.552783e-01 4.556166e-08
3.004313e+01 7.774819e-01 6.328689e-08
3.004313e+01 1.088445e+00 7.901544e-08
3.004313e+01 1.523711e+00 8.732207e-08
3.004313e+01 2.088426e+00 8.145835e-08
3.004313e+01 2.685505e+00 5.743878e-08
3.066399e+01 1.570796e-02 1.291981e-10
3.066399e+01 2.346256e-02 3.303778e-10
3.066399e+01 3.503514e-02 6.665035e-10
3.066399e+01 5.263151e-02 1.358456e-09
3.066399e+01 7.314235e-02 2.866576e-09
3.066399e+01 1.025928e-01 4.277426e-09
3.066399e+01 1.448116e-01 7.389070e-09
3.066399e+01 2.023460e-01 1.131472e-08
3.066399e+01 2.834245e-01 1.756701e-08
3.066399e+01 3.967448e-01 2.665340e-08
3.066399e+01 5.552783e-01 3.973026e-08
3.066399e+01 7.774819e-01 5.547797e-08
3.066399e+01 1.088445e+00 7.014133e-08
3.066399e+01 1.523711e+00 7.952013e-08
3.066399e+01 2.088426e+00 7.746982e-08
3.066399e+01 2.685505e+00 5.890867e-08
3.129727e+01 1.570796e-02 1.078905e-10
3.129727e+01 2.346256e-02 2.761949e-10
3.129727e+01 3.503514e-02 5.561058e-10
3.129727e+01 5.263151e-02 1.134197e-09
3.129727e+01 7.314235e-02 2.395060e-09
3.129727e+01 1.025928e-01 3.577802e-09
3.129727e+01 1.448116e-01 6.186447e-09
3.129727e+01 2.023460e-01 9.516597e-09
3.129727e+01 2.834245e-01 1.484073e-08
3.129727e+01 3.967448e-01 2.258629e-08
3.129727e+01 5.552783e-01 3.378094e-08
3.129727e+01 7.774819e-01 4.742743e-08
3.129727e+01 1.088445e+00 6.071417e-08
3.129727e+01 1.523711e+00 7.067029e-08
3.129727e+01 2.088426e+00 7.213449e-08
3.129727e+01 2.685505e+00 5.940970e-08
3.194322e+01 1.570796e-02 8.703227e-11
3.194322e+01 2.346256e-02 2.233515e-10
3.194322e+01 3.503514e-02 4.485367e-10
3.194322e+01 5.263151e-02 9.154406e-10
3.194322e+01 7.314235e-02 1.934919e-09
3.194322e+01 1.025928e-01 2.893270e-09
3.194322e+01 1.448116e-01 5.008209e-09
3.194322e+01 2.023460e-01 7.738882e-09
3.194322e+01 2.834245e-01 1.211560e-08
3.194322e+01 3.967448e-01 1.849105e-08
3.194322e+01 5.552783e-01 2.773204e-08
3.194322e+01 7.774819e-01 3.914567e-08
3.194322e+01 1.088445e+00 5.076134e-08
3.194322e+01 1.523711e+00 6.070676e-08
3.194322e+01 2.088426e+00 6.506742e-08
3.194322e+01 2.685505e+00 5.813629e-08
3.260208e+01 1.570796e-02 6.666306e-11
3.260208e+01 2.346256e-02 1.713463e-10
3.260208e+01 3.503514e-02 3.433483e-10
3.260208e+01 5.263151e-02 7.021464e-10
3.260208e+01 7.314235e-02 1.485446e-09
3.260208e+01 1.025928e-01 2.223189e-09
3.260208e+01 1.448116e-01 3.853379e-09
3.260208e+01 2.023460e-01 5.978712e-09
3.260208e+01 2.834245e-01 9.393666e-09
3.260208e+01 3.967448e-01 1.436530e-08
3.260208e+01 5.552783e-01 2.161073e-08
3.260208e+01 7.774819e-01 3.065888e-08
3.260208e+01 1.088445e+00 4.025115e-08
3.260208e+01 1.523711e+00 4.947570e-08
3.260208e+01 2.088426e+00 5.583740e-08
3.260208e+01 2.685505e+00 5.418538e-08
3.327412e+01 1.570796e-02 4.681559e-11
3.327412e+01 2.346256e-02 1.207631e-10
3.327412e+01 3.503514e-02 2.411302e-10
3.327412e+01 5.263151e-02 4.936379e-10
3.327412e+01 7.314235e-02 1.044925e-09
3.327412e+01 1.025928e-01 1.566466e-09
3.327412e+01 1.448116e-01 2.717435e-09
3.327412e+01 2.023460e-01 4.234647e-09
3.327412e+01 2.834245e-01 6.676425e-09
3.327412e+01 3.967448e-01 1.022761e-08
3.327412e+01 5.552783e-01 1.542858e-08
3.327412e+01 7.774819e-01 2.197999e-08
3.327412e+01 1.088445e+00 2.923224e-08
3.327412e+01 1.523711e+00 3.692207e-08
3.327412e+01 2.088426e+00 4.399909e-08
3.327412e+01 2.685505e+00 4.635860e-08
3.395961e+01 1.570796e-02 2.814260e-11
3.395961e+01 2.346256e-02 7.304305e-11
3.395961e+01 3.503514e-02 1.448388e-10
3.395961e+01 5.263151e-02 2.977308e-10
3.395961e+01 7.314235e-02 6.307434e-10
3.395961e+01 1.025928e-01 9.464837e-10
3.395961e+01 1.448116e-01 1.640988e-09
3.395961e+01 2.023460e-01 2.559761e-09
3.395961e+01 2.834245e-01 4.032927e-09
3.395961e+01 3.967448e-01 6.156716e-09
3.395961e+01 5.552783e-01 9.271138e-09
3.395961e+01 7.774819e-01 1.320645e-08
3.395961e+01 1.088445e+00 1.772710e-08
3.395961e+01 1.523711e+00 2.297047e-08
3.395961e+01 2.088426e+00 2.881509e-08
3.395961e+01 2.685505e+00 3.261975e-08
3.465880e+01 1.570796e-02 9.005020e-12
3.465880e+01 2.346256e-02 2.236462e-11
3.465880e+01 3.503514e-02 4.777178e-11
3.465880e+01 5.263151e-02 9.230253e-11
3.465880e+01 7.314235e-02 2.012292e-10
3.465880e+01 1.025928e-01 2.995757e-10
3.465880e+01 1.448116e-01 5.189049e-10
3.465880e+01 2.023460e-01 8.207706e-10
3.465880e+01 2.834245e-01 1.304654e-09
3.465880e+01 3.967448e-01 2.003401e-09
3.465880e+01 5.552783e-01 3.026934e-09
3.465880e+01 7.774819e-01 4.334907e-09
3.465880e+01 1.088445e+00 5.877630e-09
3.465880e+01 1.523711e+00 7.785664e-09
3.465880e+01 2.088426e+00 1.022498e-08
3.465880e+01 2.685505e+00 1.236034e-08
3.537197e+01 1.570796e-02 0.000000e+00
3.537197e+01 2.346256e-02 0.000000e+00
3.537197e+01 3.503514e-02 0.000000e+00
3.537197e+01 5.263151e-02 0.000000e+00
3.537197e+01 7.314235e-02 0.000000e+00
3.537197e+01 1.025928e-01 0.000000e+00
3.537197e+01 1.448116e-01 0.000000e+00
3.537197e+01 2.023460e-01 0.000000e+00
3.537197e+01 2.834245e-01 0.000000e+00
3.537197e+01 3.967448e-01 0.000000e+00
3.537197e+01 5.552783e-01 0.000000e+00
3.537197e+01 7.774819e-01 0.000000e+00
3.537197e+01 1.088445e+00 0.000000e+00
3.537197e+01 1.523711e+00 0.000000e+00
3.537197e+01 2.088426e+00 0.000000e+00
3.537197e+01 2.685505e+00 0.000000e+00
