5.000000e+00 1.570796e-02 0.000000e+00
5.000000e+00 2.346256e-02 0.000000e+00
5.000000e+00 3.503514e-02 0.000000e+00
5.000000e+00 5.263151e-02 0.000000e+00
5.000000e+00 7.314235e-02 0.000000e+00
5.000000e+00 1.025928e-01 0.000000e+00
5.000000e+00 1.448116e-01 0.000000e+00
5.000000e+00 2.023460e-01 0.000000e+00
5.000000e+00 2.834245e-01 0.000000e+00
5.000000e+00 3.967448e-01 0.000000e+00
5.000000e+00 5.552783e-01 0.000000e+00
5.000000e+00 7.774819e-01 0.000000e+00
5.000000e+00 1.088445e+00 0.000000e+00
5.000000e+00 1.523711e+00 0.000000e+00
5.000000e+00 2.088426e+00 0.000000e+00
5.000000e+00 2.685505e+00 0.000000e+00
5.120000e+00 1.570796e-02 0.000000e+00
5.120000e+00 2.346256e-02 0.000000e+00
5.120000e+00 3.503514e-02 0.000000e+00
5.120000e+00 5.263151e-02 0.000000e+00
5.120000e+00 7.314235e-02 0.000000e+00
5.120000e+00 1.025928e-01 0.000000e+00
5.120000e+00 1.448116e-01 0.000000e+00
5.120000e+00 2.023460e-01 0.000000e+00
5.120000e+00 2.834245e-01 0.000000e+00
5.120000e+00 3.967448e-01 0.000000e+00
5.120000e+00 5.552783e-01 0.000000e+00
5.120000e+00 7.774819e-01 0.000000e+00
5.120000e+00 1.088445e+00 0.000000e+00
5.120000e+00 1.523711e+00 0.000000e+00
5.120000e+00 2.088426e+00 0.000000e+00
5.120000e+00 2.685505e+00 0.000000e+00
5.242400e+00 1.570796e-02 0.000000e+00
5.242400e+00 2.346256e-02 0.000000e+00
5.242400e+00 3.503514e-02 0.000000e+00
5.242400e+00 5.263151e-02 0.000000e+00
5.242400e+00 7.314235e-02 0.000000e+00
5.242400e+00 1.025928e-01 0.000000e+00
5.242400e+00 1.448116e-01 0.000000e+00
5.242400e+00 2.023460e-01 0.000000e+00
5.242400e+00 2.834245e-01 0.000000e+00
5.242400e+00 3.967448e-01 0.000000e+00
5.242400e+00 5.552783e-01 0.000000e+00
5.242400e+00 7.774819e-01 0.000000e+00
5.242400e+00 1.088445e+00 0.000000e+00
5.242400e+00 1.523711e+00 0.000000e+00
5.242400e+00 2.088426e+00 0.000000e+00
5.242400e+00 2.685505e+00 0.000000e+00
5.367248e+00 1.570796e-02 0.000000e+00
5.367248e+00 2.346256e-02 0.000000e+00
5.367248e+00 3.503514e-02 0.000000e+00
5.367248e+00 5.263151e-02 0.000000e+00
5.367248e+00 7.314235e-02 0.000000e+00
5.367248e+00 1.025928e-01 0.000000e+00
5.367248e+00 1.448116e-01 0.000000e+00
5.367248e+00 2.023460e-01 0.000000e+00
5.367248e+00 2.834245e-01 0.000000e+00
5.367248e+00 3.967448e-01 0.000000e+00
5.367248e+00 5.552783e-01 0.000000e+00
5.367248e+00 7.774819e-01 0.000000e+00
5.367248e+00 1.088445e+00 0.000000e+00
5.367248e+00 1.523711e+00 0.000000e+00
5.367248e+00 2.088426e+00 0.000000e+00
5.367248e+00 2.685505e+00 0.000000e+00
5.494593e+00 1.570796e-02 0.000000e+00
5.494593e+00 2.346256e-02 0.000000e+00
5.494593e+00 3.503514e-02 0.000000e+00
5.494593e+00 5.263151e-02 0.000000e+00
5.494593e+00 7.314235e-02 0.000000e+00
5.494593e+00 1.025928e-01 0.000000e+00
5.494593e+00 1.448116e-01 0.000000e+00
5.494593e+00 2.023460e-01 0.000000e+00
5.494593e+00 2.834245e-01 0.000000e+00
5.494593e+00 3.967448e-01 0.000000e+00
5.494593e+00 5.552783e-01 0.000000e+00
5.494593e+00 7.774819e-01 0.000000e+00
5.494593e+00 1.088445e+00 0.000000e+00
5.494593e+00 1.523711e+00 0.000000e+00
5.494593e+00 2.088426e+00 0.000000e+00
5.494593e+00 2.685505e+00 0.000000e+00
5.624485e+00 1.570796e-02 0.000000e+00
5.624485e+00 2.346256e-02 0.000000e+00
5.624485e+00 3.503514e-02 0.000000e+00
5.624485e+00 5.263151e-02 0.000000e+00
5.624485e+00 7.314235e-02 0.000000e+00
5.624485e+00 1.025928e-01 0.000000e+00
5.624485e+00 1.448116e-01 0.000000e+00
5.624485e+00 2.023460e-01 0.000000e+00
5.624485e+00 2.834245e-01 0.000000e+00
5.624485e+00 3.967448e-01 0.000000e+00
5.624485e+00 5.552783e-01 0.000000e+00
5.624485e+00 7.774819e-01 0.000000e+00
5.624485e+00 1.088445e+00 0.000000e+00
5.624485e+00 1.523711e+00 0.000000e+00
5.624485e+00 2.088426e+00 0.000000e+00
5.624485e+00 2.685505e+00 0.000000e+00
5.756975e+00 1.570796e-02 0.000000e+00
5.756975e+00 2.346256e-02 0.000000e+00
5.756975e+00 3.503514e-02 0.000000e+00
5.756975e+00 5.263151e-02 0.000000e+00
5.756975e+00 7.314235e-02 0.000000e+00
5.756975e+00 1.025928e-01 0.000000e+00
5.756975e+00 1.448116e-01 0.000000e+00
5.756975e+00 2.023460e-01 0.000000e+00
5.756975e+00 2.834245e-01 0.000000e+00
5.756975e+00 3.967448e-01 0.000000e+00
5.756975e+00 5.552783e-01 0.000000e+00
5.756975e+00 7.774819e-01 0.000000e+00
5.756975e+00 1.088445e+00 0.000000e+00
5.756975e+00 1.523711e+00 0.000000e+00
5.756975e+00 2.088426e+00 0.000000e+00
5.756975e+00 2.685505e+00 0.000000e+00
5.892114e+00 1.570796e-02 -8.717337e-06
5.892114e+00 2.346256e-02 -5.973005e-06
5.892114e+00 3.503514e-02 -1.411066e-05
5.892114e+00 5.263151e-02 -5.276526e-06
5.892114e+00 7.314235e-02 -1.629483e-05
5.892114e+00 1.025928e-01 -8.255918e-06
5.892114e+00 1.448116e-01 -2.390368e-05
5.892114e+00 2.023460e-01 -3.102032e-06
5.892114e+00 2.834245e-01 4.157680e-07
5.892114e+00 3.967448e-01 -4.836972e-06
5.892114e+00 5.552783e-01 -7.431608e-06
5.892114e+00 7.774819e-01 -3.302917e-06
5.892114e+00 1.088445e+00 -5.725826e-06
5.892114e+00 1.523711e+00 -5.278018e-06
5.892114e+00 2.088426e+00 -5.911564e-06
5.892114e+00 2.685505e+00 -6.110224e-06
6.029956e+00 1.570796e-02 -9.511238e-05
6.029956e+00 2.346256e-02 -6.754426e-05
6.029956e+00 3.503514e-02 -1.110462e-04
6.029956e+00 5.263151e-02 -1.418818e-04
6.029956e+00 7.314235e-02 -2.007353e-04
6.029956e+00 1.025928e-01 -4.442101e-05
6.029956e+00 1.448116e-01 -1.467904e-04
6.029956e+00 2.023460e-01 -1.177040e-04
6.029956e+00 2.834245e-01 -2.009742e-04
6.029956e+00 3.967448e-01 -9.624332e-05
6.029956e+00 5.552783e-01 -8.353927e-05
6.029956e+00 7.774819e-01 -9.124233e-05
6.029956e+00 1.088445e+00 -8.563174e-05
6.029956e+00 1.523711e+00 -7.953855e-05
6.029956e+00 2.088426e+00 -9.135509e-05
6.029956e+00 2.685505e+00 -9.595392e-05
6.170555e+00 1.570796e-02 -2.388547e-04
6.170555e+00 2.346256e-02 -2.251922e-04
6.170555e+00 3.503514e-02 -2.838356e-04
6.170555e+00 5.263151e-02 -5.042401e-04
6.170555e+00 7.314235e-02 -6.672666e-04
6.170555e+00 1.025928e-01 -4.859607e-04
6.170555e+00 1.448116e-01 -6.119886e-04
6.170555e+00 2.023460e-01 -5.900838e-04
6.170555e+00 2.834245e-01 -6.841257e-04
6.170555e+00 3.967448e-01 -4.988519e-04
6.170555e+00 5.552783e-01 -4.297280e-04
6.170555e+00 7.774819e-01 -3.837210e-04
6.170555e+00 1.088445e+00 -3.427225e-04
6.170555e+00 1.523711e+00 -3.377481e-04
6.170555e+00 2.088426e+00 -3.738841e-04
6.170555e+00 2.685505e+00 -3.926284e-04
6.313967e+00 1.570796e-02 -5.059816e-04
6.313967e+00 2.346256e-02 -6.081862e-04
6.313967e+00 3.503514e-02 -9.664021e-04
6.313967e+00 5.263151e-02 -1.632350e-03
6.313967e+00 7.314235e-02 -2.424596e-03
6.313967e+00 1.025928e-01 -1.827860e-03
6.313967e+00 1.448116e-01 -2.365752e-03
6.313967e+00 2.023460e-01 -2.149273e-03
6.313967e+00 2.834245e-01 -2.184632e-03
6.313967e+00 3.967448e-01 -1.701061e-03
6.313967e+00 5.552783e-01 -1.519764e-03
6.313967e+00 7.774819e-01 -1.375010e-03
6.313967e+00 1.088445e+00 -1.201689e-03
6.313967e+00 1.523711e+00 -1.152133e-03
6.313967e+00 2.088426e+00 -1.268799e-03
6.313967e+00 2.685505e+00 -1.331247e-03
6.460246e+00 1.570796e-02 -6.702339e-04
6.460246e+00 2.346256e-02 -1.216026e-03
6.460246e+00 3.503514e-02 -1.982326e-03
6.460246e+00 5.263151e-02 -3.000407e-03
6.460246e+00 7.314235e-02 -5.003799e-03
6.460246e+00 1.025928e-01 -3.747194e-03
6.460246e+00 1.448116e-01 -4.584045e-03
6.460246e+00 2.023460e-01 -4.722332e-03
6.460246e+00 2.834245e-01 -4.530863e-03
6.460246e+00 3.967448e-01 -3.810883e-03
6.460246e+00 5.552783e-01 -3.458106e-03
6.460246e+00 7.774819e-01 -2.976577e-03
6.460246e+00 1.088445e+00 -2.600884e-03
6.460246e+00 1.523711e+00 -2.488388e-03
6.460246e+00 2.088426e+00 -2.692632e-03
6.460246e+00 2.685505e+00 -2.822847e-03
6.609451e+00 1.570796e-02 -7.361396e-04
6.609451e+00 2.346256e-02 -1.727593e-03
6.609451e+00 3.503514e-02 -3.152608e-03
6.609451e+00 5.263151e-02 -4.663399e-03
6.609451e+00 7.314235e-02 -7.931618e-03
6.609451e+00 1.025928e-01 -6.865109e-03
6.609451e+00 1.448116e-01 -7.983593e-03
6.609451e+00 2.023460e-01 -8.394157e-03
6.609451e+00 2.834245e-01 -8.000308e-03
6.609451e+00 3.967448e-01 -6.940054e-03
6.609451e+00 5.552783e-01 -6.251412e-03
6.609451e+00 7.774819e-01 -5.420276e-03
6.609451e+00 1.088445e+00 -4.640908e-03
6.609451e+00 1.523711e+00 -4.370261e-03
6.609451e+00 2.088426e+00 -4.692860e-03
6.609451e+00 2.685505e+00 -4.853473e-03
6.761640e+00 1.570796e-02 -7.990582e-04
6.761640e+00 2.346256e-02 -2.062077e-03
6.761640e+00 3.503514e-02 -3.978893e-03
6.761640e+00 5.263151e-02 -6.179461e-03
6.761640e+00 7.314235e-02 -1.064972e-02
6.761640e+00 1.025928e-01 -1.036863e-02
6.761640e+00 1.448116e-01 -1.251791e-02
6.761640e+00 2.023460e-01 -1.291247e-02
6.761640e+00 2.834245e-01 -1.269807e-02
6.761640e+00 3.967448e-01 -1.091359e-02
6.761640e+00 5.552783e-01 -9.933734e-03
6.761640e+00 7.774819e-01 -8.574792e-03
6.761640e+00 1.088445e+00 -7.278660e-03
6.761640e+00 1.523711e+00 -6.766127e-03
6.761640e+00 2.088426e+00 -7.162085e-03
6.761640e+00 2.685505e+00 -7.346362e-03
6.916873e+00 1.570796e-02 -8.214745e-04
6.916873e+00 2.346256e-02 -2.087035e-03
6.916873e+00 3.503514e-02 -4.420628e-03
6.916873e+00 5.263151e-02 -7.446454e-03
6.916873e+00 7.314235e-02 -1.292394e-02
6.916873e+00 1.025928e-01 -1.401590e-02
6.916873e+00 1.448116e-01 -1.702350e-02
6.916873e+00 2.023460e-01 -1.766388e-02
6.916873e+00 2.834245e-01 -1.760248e-02
6.916873e+00 3.967448e-01 -1.550611e-02
6.916873e+00 5.552783e-01 -1.418463e-02
6.916873e+00 7.774819e-01 -1.217454e-02
6.916873e+00 1.088445e+00 -1.039564e-02
6.916873e+00 1.523711e+00 -9.467599e-03
6.916873e+00 2.088426e+00 -9.941915e-03
6.916873e+00 2.685505e+00 -1.010202e-02
7.075210e+00 1.570796e-02 -8.514698e-04
7.075210e+00 2.346256e-02 -2.026540e-03
7.075210e+00 3.503514e-02 -4.553629e-03
7.075210e+00 5.263151e-02 -8.047290e-03
7.075210e+00 7.314235e-02 -1.432431e-02
7.075210e+00 1.025928e-01 -1.674992e-02
7.075210e+00 1.448116e-01 -2.138166e-02
7.075210e+00 2.023460e-01 -2.237841e-02
7.075210e+00 2.834245e-01 -2.244953e-02
7.075210e+00 3.967448e-01 -2.032701e-02
7.075210e+00 5.552783e-01 -1.862439e-02
7.075210e+00 7.774819e-01 -1.607558e-02
7.075210e+00 1.088445e+00 -1.361716e-02
7.075210e+00 1.523711e+00 -1.233955e-02
7.075210e+00 2.088426e+00 -1.283399e-02
7.075210e+00 2.685505e+00 -1.295874e-02
7.236714e+00 1.570796e-02 -8.221074e-04
7.236714e+00 2.346256e-02 -1.940581e-03
7.236714e+00 3.503514e-02 -4.404106e-03
7.236714e+00 5.263151e-02 -8.078868e-03
7.236714e+00 7.314235e-02 -1.497562e-02
7.236714e+00 1.025928e-01 -1.875013e-02
7.236714e+00 1.448116e-01 -2.498794e-02
7.236714e+00 2.023460e-01 -2.662106e-02
7.236714e+00 2.834245e-01 -2.695617e-02
7.236714e+00 3.967448e-01 -2.505846e-02
7.236714e+00 5.552783e-01 -2.299691e-02
7.236714e+00 7.774819e-01 -1.995139e-02
7.236714e+00 1.088445e+00 -1.689840e-02
7.236714e+00 1.523711e+00 -1.519392e-02
7.236714e+00 2.088426e+00 -1.558945e-02
7.236714e+00 2.685505e+00 -1.562212e-02
7.401449e+00 1.570796e-02 -7.661673e-04
7.401449e+00 2.346256e-02 -1.836052e-03
7.401449e+00 3.503514e-02 -4.183830e-03
7.401449e+00 5.263151e-02 -7.918721e-03
7.401449e+00 7.314235e-02 -1.501624e-02
7.401449e+00 1.025928e-01 -1.981214e-02
7.401449e+00 1.448116e-01 -2.716875e-02
7.401449e+00 2.023460e-01 -2.992438e-02
7.401449e+00 2.834245e-01 -3.082312e-02
7.401449e+00 3.967448e-01 -2.917452e-02
7.401449e+00 5.552783e-01 -2.702333e-02
7.401449e+00 7.774819e-01 -2.345697e-02
7.401449e+00 1.088445e+00 -1.990974e-02
7.401449e+00 1.523711e+00 -1.778686e-02
7.401449e+00 2.088426e+00 -1.800720e-02
7.401449e+00 2.685505e+00 -1.778763e-02
7.569477e+00 1.570796e-02 -6.970399e-04
7.569477e+00 2.346256e-02 -1.690025e-03
7.569477e+00 3.503514e-02 -3.930766e-03
7.569477e+00 5.263151e-02 -7.560342e-03
7.569477e+00 7.314235e-02 -1.454544e-02
7.569477e+00 1.025928e-01 -2.007643e-02
7.569477e+00 1.448116e-01 -2.838217e-02
7.569477e+00 2.023460e-01 -3.219293e-02
7.569477e+00 2.834245e-01 -3.379310e-02
7.569477e+00 3.967448e-01 -3.259127e-02
7.569477e+00 5.552783e-01 -3.052649e-02
7.569477e+00 7.774819e-01 -2.669052e-02
7.569477e+00 1.088445e+00 -2.262503e-02
7.569477e+00 1.523711e+00 -2.007060e-02
7.569477e+00 2.088426e+00 -2.010315e-02
7.569477e+00 2.685505e+00 -1.958095e-02
7.740867e+00 1.570796e-02 -6.392470e-04
7.740867e+00 2.346256e-02 -1.578890e-03
7.740867e+00 3.503514e-02 -3.586352e-03
7.740867e+00 5.263151e-02 -7.047638e-03
7.740867e+00 7.314235e-02 -1.373663e-02
7.740867e+00 1.025928e-01 -1.963566e-02
7.740867e+00 1.448116e-01 -2.864593e-02
7.740867e+00 2.023460e-01 -3.339257e-02
7.740867e+00 2.834245e-01 -3.583793e-02
7.740867e+00 3.967448e-01 -3.535558e-02
7.740867e+00 5.552783e-01 -3.341623e-02
7.740867e+00 7.774819e-01 -2.949529e-02
7.740867e+00 1.088445e+00 -2.502633e-02
7.740867e+00 1.523711e+00 -2.206966e-02
7.740867e+00 2.088426e+00 -2.195306e-02
7.740867e+00 2.685505e+00 -2.119789e-02
7.915684e+00 1.570796e-02 -5.911952e-04
7.915684e+00 2.346256e-02 -1.465875e-03
7.915684e+00 3.503514e-02 -3.220578e-03
7.915684e+00 5.263151e-02 -6.479193e-03
7.915684e+00 7.314235e-02 -1.282894e-02
7.915684e+00 1.025928e-01 -1.872869e-02
7.915684e+00 1.448116e-01 -2.819641e-02
7.915684e+00 2.023460e-01 -3.373985e-02
7.915684e+00 2.834245e-01 -3.711891e-02
7.915684e+00 3.967448e-01 -3.736197e-02
7.915684e+00 5.552783e-01 -3.574040e-02
7.915684e+00 7.774819e-01 -3.182423e-02
7.915684e+00 1.088445e+00 -2.704496e-02
7.915684e+00 1.523711e+00 -2.380864e-02
7.915684e+00 2.088426e+00 -2.348240e-02
7.915684e+00 2.685505e+00 -2.238363e-02
8.093998e+00 1.570796e-02 -5.434723e-04
8.093998e+00 2.346256e-02 -1.344104e-03
8.093998e+00 3.503514e-02 -2.867202e-03
8.093998e+00 5.263151e-02 -5.919661e-03
8.093998e+00 7.314235e-02 -1.181062e-02
8.093998e+00 1.025928e-01 -1.762779e-02
8.093998e+00 1.448116e-01 -2.713814e-02
8.093998e+00 2.023460e-01 -3.336398e-02
8.093998e+00 2.834245e-01 -3.766341e-02
8.093998e+00 3.967448e-01 -3.858950e-02
8.093998e+00 5.552783e-01 -3.737428e-02
8.093998e+00 7.774819e-01 -3.364554e-02
8.093998e+00 1.088445e+00 -2.867623e-02
8.093998e+00 1.523711e+00 -2.524808e-02
8.093998e+00 2.088426e+00 -2.472204e-02
8.093998e+00 2.685505e+00 -2.340881e-02
8.275878e+00 1.570796e-02 -4.967213e-04
8.275878e+00 2.346256e-02 -1.240495e-03
8.275878e+00 3.503514e-02 -2.580161e-03
8.275878e+00 5.263151e-02 -5.385031e-03
8.275878e+00 7.314235e-02 -1.080607e-02
8.275878e+00 1.025928e-01 -1.633401e-02
8.275878e+00 1.448116e-01 -2.560681e-02
8.275878e+00 2.023460e-01 -3.233279e-02
8.275878e+00 2.834245e-01 -3.741242e-02
8.275878e+00 3.967448e-01 -3.912594e-02
8.275878e+00 5.552783e-01 -3.848765e-02
8.275878e+00 7.774819e-01 -3.493211e-02
8.275878e+00 1.088445e+00 -2.994341e-02
8.275878e+00 1.523711e+00 -2.636462e-02
8.275878e+00 2.088426e+00 -2.576722e-02
8.275878e+00 2.685505e+00 -2.411198e-02
8.461396e+00 1.570796e-02 -4.489395e-04
8.461396e+00 2.346256e-02 -1.139123e-03
8.461396e+00 3.503514e-02 -2.335903e-03
8.461396e+00 5.263151e-02 -4.892169e-03
8.461396e+00 7.314235e-02 -9.817982e-03
8.461396e+00 1.025928e-01 -1.493761e-02
8.461396e+00 1.448116e-01 -2.379114e-02
8.461396e+00 2.023460e-01 -3.080520e-02
8.461396e+00 2.834245e-01 -3.659972e-02
8.461396e+00 3.967448e-01 -3.905852e-02
8.461396e+00 5.552783e-01 -3.899840e-02
8.461396e+00 7.774819e-01 -3.579377e-02
8.461396e+00 1.088445e+00 -3.087928e-02
8.461396e+00 1.523711e+00 -2.721055e-02
8.461396e+00 2.088426e+00 -2.657613e-02
8.461396e+00 2.685505e+00 -2.468314e-02
8.650623e+00 1.570796e-02 -3.997938e-04
8.650623e+00 2.346256e-02 -1.034217e-03
8.650623e+00 3.503514e-02 -2.110912e-03
8.650623e+00 5.263151e-02 -4.428818e-03
8.650623e+00 7.314235e-02 -8.877907e-03
8.650623e+00 1.025928e-01 -1.352226e-02
8.650623e+00 1.448116e-01 -2.187028e-02
8.650623e+00 2.023460e-01 -2.900338e-02
8.650623e+00 2.834245e-01 -3.531991e-02
8.650623e+00 3.967448e-01 -3.850896e-02
8.650623e+00 5.552783e-01 -3.896445e-02
8.650623e+00 7.774819e-01 -3.622207e-02
8.650623e+00 1.088445e+00 -3.144362e-02
8.650623e+00 1.523711e+00 -2.782792e-02
8.650623e+00 2.088426e+00 -2.709882e-02
8.650623e+00 2.685505e+00 -2.508366e-02
8.843636e+00 1.570796e-02 -3.538959e-04
8.843636e+00 2.346256e-02 -9.468792e-04
8.843636e+00 3.503514e-02 -1.894857e-03
8.843636e+00 5.263151e-02 -3.994276e-03
8.843636e+00 7.314235e-02 -8.004955e-03
8.843636e+00 1.025928e-01 -1.219885e-02
8.843636e+00 1.448116e-01 -1.996896e-02
8.843636e+00 2.023460e-01 -2.698842e-02
8.843636e+00 2.834245e-01 -3.365547e-02
8.843636e+00 3.967448e-01 -3.747256e-02
8.843636e+00 5.552783e-01 -3.847302e-02
8.843636e+00 7.774819e-01 -3.614746e-02
8.843636e+00 1.088445e+00 -3.171285e-02
8.843636e+00 1.523711e+00 -2.816791e-02
8.843636e+00 2.088426e+00 -2.735265e-02
8.843636e+00 2.685505e+00 -2.513378e-02
9.040509e+00 1.570796e-02 -3.127567e-04
9.040509e+00 2.346256e-02 -8.616482e-04
9.040509e+00 3.503514e-02 -1.708605e-03
9.040509e+00 5.263151e-02 -3.583713e-03
9.040509e+00 7.314235e-02 -7.191124e-03
9.040509e+00 1.025928e-01 -1.095298e-02
9.040509e+00 1.448116e-01 -1.809927e-02
9.040509e+00 2.023460e-01 -2.489223e-02
9.040509e+00 2.834245e-01 -3.169731e-02
9.040509e+00 3.967448e-01 -3.602070e-02
9.040509e+00 5.552783e-01 -3.752532e-02
9.040509e+00 7.774819e-01 -3.569543e-02
9.040509e+00 1.088445e+00 -3.163375e-02
9.040509e+00 1.523711e+00 -2.822924e-02
9.040509e+00 2.088426e+00 -2.740790e-02
9.040509e+00 2.685505e+00 -2.509403e-02
9.241319e+00 1.570796e-02 -2.765091e-04
9.241319e+00 2.346256e-02 -7.828960e-04
9.241319e+00 3.503514e-02 -1.534314e-03
9.241319e+00 5.263151e-02 -3.213409e-03
9.241319e+00 7.314235e-02 -6.448746e-03
9.241319e+00 1.025928e-01 -9.815108e-03
9.241319e+00 1.448116e-01 -1.632604e-02
9.241319e+00 2.023460e-01 -2.277902e-02
9.241319e+00 2.834245e-01 -2.953045e-02
9.241319e+00 3.967448e-01 -3.422165e-02
9.241319e+00 5.552783e-01 -3.621533e-02
9.241319e+00 7.774819e-01 -3.492277e-02
9.241319e+00 1.088445e+00 -3.123603e-02
9.241319e+00 1.523711e+00 -2.809671e-02
9.241319e+00 2.088426e+00 -2.728150e-02
9.241319e+00 2.685505e+00 -2.484902e-02
9.446145e+00 1.570796e-02 -2.466504e-04
9.446145e+00 2.346256e-02 -7.030785e-04
9.446145e+00 3.503514e-02 -1.377399e-03
9.446145e+00 5.263151e-02 -2.871059e-03
9.446145e+00 7.314235e-02 -5.759227e-03
9.446145e+00 1.025928e-01 -8.789025e-03
9.446145e+00 1.448116e-01 -1.467551e-02
9.446145e+00 2.023460e-01 -2.069115e-02
9.446145e+00 2.834245e-01 -2.726995e-02
9.446145e+00 3.967448e-01 -3.217011e-02
9.446145e+00 5.552783e-01 -3.456622e-02
9.446145e+00 7.774819e-01 -3.382085e-02
9.446145e+00 1.088445e+00 -3.057839e-02
9.446145e+00 1.523711e+00 -2.777493e-02
9.446145e+00 2.088426e+00 -2.700974e-02
9.446145e+00 2.685505e+00 -2.446179e-02
9.655068e+00 1.570796e-02 -2.200746e-04
9.655068e+00 2.346256e-02 -6.286666e-04
9.655068e+00 3.503514e-02 -1.236592e-03
9.655068e+00 5.263151e-02 -2.560891e-03
9.655068e+00 7.314235e-02 -5.142591e-03
9.655068e+00 1.025928e-01 -7.872070e-03
9.655068e+00 1.448116e-01 -1.314947e-02
9.655068e+00 2.023460e-01 -1.867877e-02
9.655068e+00 2.834245e-01 -2.496573e-02
9.655068e+00 3.967448e-01 -2.995578e-02
9.655068e+00 5.552783e-01 -3.272685e-02
9.655068e+00 7.774819e-01 -3.245079e-02
9.655068e+00 1.088445e+00 -2.969711e-02
9.655068e+00 1.523711e+00 -2.724702e-02
9.655068e+00 2.088426e+00 -2.657207e-02
9.655068e+00 2.685505e+00 -2.398018e-02
9.868170e+00 1.570796e-02 -1.961386e-04
9.868170e+00 2.346256e-02 -5.621692e-04
9.868170e+00 3.503514e-02 -1.109623e-03
9.868170e+00 5.263151e-02 -2.281922e-03
9.868170e+00 7.314235e-02 -4.591412e-03
9.868170e+00 1.025928e-01 -7.025119e-03
9.868170e+00 1.448116e-01 -1.172987e-02
9.868170e+00 2.023460e-01 -1.675925e-02
9.868170e+00 2.834245e-01 -2.265834e-02
9.868170e+00 3.967448e-01 -2.761241e-02
9.868170e+00 5.552783e-01 -3.069680e-02
9.868170e+00 7.774819e-01 -3.085677e-02
9.868170e+00 1.088445e+00 -2.862334e-02
9.868170e+00 1.523711e+00 -2.652927e-02
9.868170e+00 2.088426e+00 -2.593819e-02
9.868170e+00 2.685505e+00 -2.327150e-02
1.008553e+01 1.570796e-02 -1.742173e-04
1.008553e+01 2.346256e-02 -5.005559e-04
1.008553e+01 3.503514e-02 -9.896546e-04
1.008553e+01 5.263151e-02 -2.027420e-03
1.008553e+01 7.314235e-02 -4.075754e-03
1.008553e+01 1.025928e-01 -6.255109e-03
1.008553e+01 1.448116e-01 -1.043666e-02
1.008553e+01 2.023460e-01 -1.496889e-02
1.008553e+01 2.834245e-01 -2.044013e-02
1.008553e+01 3.967448e-01 -2.526320e-02
1.008553e+01 5.552783e-01 -2.855359e-02
1.008553e+01 7.774819e-01 -2.908693e-02
1.008553e+01 1.088445e+00 -2.737492e-02
1.008553e+01 1.523711e+00 -2.566236e-02
1.008553e+01 2.088426e+00 -2.518995e-02
1.008553e+01 2.685505e+00 -2.248243e-02
1.030724e+01 1.570796e-02 -1.550520e-04
1.030724e+01 2.346256e-02 -4.424593e-04
1.030724e+01 3.503514e-02 -8.821274e-04
1.030724e+01 5.263151e-02 -1.792344e-03
1.030724e+01 7.314235e-02 -3.604130e-03
1.030724e+01 1.025928e-01 -5.538692e-03
1.030724e+01 1.448116e-01 -9.250806e-03
1.030724e+01 2.023460e-01 -1.328798e-02
1.030724e+01 2.834245e-01 -1.833041e-02
1.030724e+01 3.967448e-01 -2.295621e-02
1.030724e+01 5.552783e-01 -2.633874e-02
1.030724e+01 7.774819e-01 -2.725615e-02
1.030724e+01 1.088445e+00 -2.600935e-02
1.030724e+01 1.523711e+00 -2.467344e-02
1.030724e+01 2.088426e+00 -2.435518e-02
1.030724e+01 2.685505e+00 -2.161252e-02
1.053339e+01 1.570796e-02 -1.378691e-04
1.053339e+01 2.346256e-02 -3.869036e-04
1.053339e+01 3.503514e-02 -7.809740e-04
1.053339e+01 5.263151e-02 -1.581228e-03
1.053339e+01 7.314235e-02 -3.185730e-03
1.053339e+01 1.025928e-01 -4.885193e-03
1.053339e+01 1.448116e-01 -8.164654e-03
1.053339e+01 2.023460e-01 -1.177028e-02
1.053339e+01 2.834245e-01 -1.635777e-02
1.053339e+01 3.967448e-01 -2.073319e-02
1.053339e+01 5.552783e-01 -2.411573e-02
1.053339e+01 7.774819e-01 -2.531673e-02
1.053339e+01 1.088445e+00 -2.453011e-02
1.053339e+01 1.523711e+00 -2.359810e-02
1.053339e+01 2.088426e+00 -2.341178e-02
1.053339e+01 2.685505e+00 -2.067529e-02
1.076406e+01 1.570796e-02 -1.218076e-04
1.076406e+01 2.346256e-02 -3.397864e-04
1.076406e+01 3.503514e-02 -6.869803e-04
1.076406e+01 5.263151e-02 -1.393555e-03
1.076406e+01 7.314235e-02 -2.806968e-03
1.076406e+01 1.025928e-01 -4.292585e-03
1.076406e+01 1.448116e-01 -7.181003e-03
1.076406e+01 2.023460e-01 -1.037179e-02
1.076406e+01 2.834245e-01 -1.451511e-02
1.076406e+01 3.967448e-01 -1.859807e-02
1.076406e+01 5.552783e-01 -2.193361e-02
1.076406e+01 7.774819e-01 -2.336656e-02
1.076406e+01 1.088445e+00 -2.299846e-02
1.076406e+01 1.523711e+00 -2.241206e-02
1.076406e+01 2.088426e+00 -2.236254e-02
1.076406e+01 2.685505e+00 -1.973960e-02
1.099934e+01 1.570796e-02 -1.070433e-04
1.099934e+01 2.346256e-02 -2.955291e-04
1.099934e+01 3.503514e-02 -6.002880e-04
1.099934e+01 5.263151e-02 -1.221364e-03
1.099934e+01 7.314235e-02 -2.454401e-03
1.099934e+01 1.025928e-01 -3.770817e-03
1.099934e+01 1.448116e-01 -6.294439e-03
1.099934e+01 2.023460e-01 -9.107249e-03
1.099934e+01 2.834245e-01 -1.281019e-02
1.099934e+01 3.967448e-01 -1.658542e-02
1.099934e+01 5.552783e-01 -1.980160e-02
1.099934e+01 7.774819e-01 -2.140344e-02
1.099934e+01 1.088445e+00 -2.138616e-02
1.099934e+01 1.523711e+00 -2.114466e-02
1.099934e+01 2.088426e+00 -2.123085e-02
1.099934e+01 2.685505e+00 -1.866256e-02
1.123932e+01 1.570796e-02 -9.431798e-05
1.123932e+01 2.346256e-02 -2.546070e-04
1.123932e+01 3.503514e-02 -5.229778e-04
1.123932e+01 5.263151e-02 -1.065424e-03
1.123932e+01 7.314235e-02 -2.142113e-03
1.123932e+01 1.025928e-01 -3.291456e-03
1.123932e+01 1.448116e-01 -5.483551e-03
1.123932e+01 2.023460e-01 -7.967938e-03
1.123932e+01 2.834245e-01 -1.124415e-02
1.123932e+01 3.967448e-01 -1.469365e-02
1.123932e+01 5.552783e-01 -1.774158e-02
1.123932e+01 7.774819e-01 -1.945918e-02
1.123932e+01 1.088445e+00 -1.973256e-02
1.123932e+01 1.523711e+00 -1.979854e-02
1.123932e+01 2.088426e+00 -2.000694e-02
1.123932e+01 2.685505e+00 -1.750894e-02
1.148411e+01 1.570796e-02 -8.185332e-05
1.148411e+01 2.346256e-02 -2.216588e-04
1.148411e+01 3.503514e-02 -4.555887e-04
1.148411e+01 5.263151e-02 -9.282598e-04
1.148411e+01 7.314235e-02 -1.862388e-03
1.148411e+01 1.025928e-01 -2.861206e-03
1.148411e+01 1.448116e-01 -4.762942e-03
1.148411e+01 2.023460e-01 -6.942273e-03
1.148411e+01 2.834245e-01 -9.828279e-03
1.148411e+01 3.967448e-01 -1.293142e-02
1.148411e+01 5.552783e-01 -1.577968e-02
1.148411e+01 7.774819e-01 -1.754574e-02
1.148411e+01 1.088445e+00 -1.806666e-02
1.148411e+01 1.523711e+00 -1.840486e-02
1.148411e+01 2.088426e+00 -1.871778e-02
1.148411e+01 2.685505e+00 -1.633143e-02
1.173379e+01 1.570796e-02 -7.124275e-05
1.173379e+01 2.346256e-02 -1.914940e-04
1.173379e+01 3.503514e-02 -3.943764e-04
1.173379e+01 5.263151e-02 -8.067115e-04
1.173379e+01 7.314235e-02 -1.614208e-03
1.173379e+01 1.025928e-01 -2.479976e-03
1.173379e+01 1.448116e-01 -4.120106e-03
1.173379e+01 2.023460e-01 -6.024477e-03
1.173379e+01 2.834245e-01 -8.556848e-03
1.173379e+01 3.967448e-01 -1.132201e-02
1.173379e+01 5.552783e-01 -1.395354e-02
1.173379e+01 7.774819e-01 -1.574387e-02
1.173379e+01 1.088445e+00 -1.645984e-02
1.173379e+01 1.523711e+00 -1.696024e-02
1.173379e+01 2.088426e+00 -1.740801e-02
1.173379e+01 2.685505e+00 -1.519898e-02
1.198847e+01 1.570796e-02 -6.130089e-05
1.198847e+01 2.346256e-02 -1.640066e-04
1.198847e+01 3.503514e-02 -3.419185e-04
1.198847e+01 5.263151e-02 -6.949982e-04
1.198847e+01 7.314235e-02 -1.388518e-03
1.198847e+01 1.025928e-01 -2.142627e-03
1.198847e+01 1.448116e-01 -3.554075e-03
1.198847e+01 2.023460e-01 -5.205429e-03
1.198847e+01 2.834245e-01 -7.413607e-03
1.198847e+01 3.967448e-01 -9.855335e-03
1.198847e+01 5.552783e-01 -1.224696e-02
1.198847e+01 7.774819e-01 -1.399924e-02
1.198847e+01 1.088445e+00 -1.488710e-02
1.198847e+01 1.523711e+00 -1.559489e-02
1.198847e+01 2.088426e+00 -1.613616e-02
1.198847e+01 2.685505e+00 -1.402716e-02
1.224824e+01 1.570796e-02 -5.302852e-05
1.224824e+01 2.346256e-02 -1.383404e-04
1.224824e+01 3.503514e-02 -2.936896e-04
1.224824e+01 5.263151e-02 -5.975916e-04
1.224824e+01 7.314235e-02 -1.192322e-03
1.224824e+01 1.025928e-01 -1.843697e-03
1.224824e+01 1.448116e-01 -3.051946e-03
1.224824e+01 2.023460e-01 -4.490647e-03
1.224824e+01 2.834245e-01 -6.391493e-03
1.224824e+01 3.967448e-01 -8.538839e-03
1.224824e+01 5.552783e-01 -1.069099e-02
1.224824e+01 7.774819e-01 -1.237735e-02
1.224824e+01 1.088445e+00 -1.337825e-02
1.224824e+01 1.523711e+00 -1.423753e-02
1.224824e+01 2.088426e+00 -1.486060e-02
1.224824e+01 2.685505e+00 -1.288846e-02
1.251320e+01 1.570796e-02 -4.547296e-05
1.251320e+01 2.346256e-02 -1.170186e-04
1.251320e+01 3.503514e-02 -2.506308e-04
1.251320e+01 5.263151e-02 -5.089699e-04
1.251320e+01 7.314235e-02 -1.017145e-03
1.251320e+01 1.025928e-01 -1.578957e-03
1.251320e+01 1.448116e-01 -2.607813e-03
1.251320e+01 2.023460e-01 -3.840399e-03
1.251320e+01 2.834245e-01 -5.473987e-03
1.251320e+01 3.967448e-01 -7.346692e-03
1.251320e+01 5.552783e-01 -9.257565e-03
1.251320e+01 7.774819e-01 -1.087057e-02
1.251320e+01 1.088445e+00 -1.193230e-02
1.251320e+01 1.523711e+00 -1.290960e-02
1.251320e+01 2.088426e+00 -1.360272e-02
1.251320e+01 2.685505e+00 -1.180576e-02
1.278347e+01 1.570796e-02 -3.875146e-05
1.278347e+01 2.346256e-02 -9.829558e-05
1.278347e+01 3.503514e-02 -2.135954e-04
1.278347e+01 5.263151e-02 -4.334225e-04
1.278347e+01 7.314235e-02 -8.641964e-04
1.278347e+01 1.025928e-01 -1.346131e-03
1.278347e+01 1.448116e-01 -2.218504e-03
1.278347e+01 2.023460e-01 -3.270501e-03
1.278347e+01 2.834245e-01 -4.672101e-03
1.278347e+01 3.967448e-01 -6.282898e-03
1.278347e+01 5.552783e-01 -7.978679e-03
1.278347e+01 7.774819e-01 -9.496443e-03
1.278347e+01 1.088445e+00 -1.057849e-02
1.278347e+01 1.523711e+00 -1.163559e-02
1.278347e+01 2.088426e+00 -1.236952e-02
1.278347e+01 2.685505e+00 -1.079158e-02
1.305914e+01 1.570796e-02 -3.298688e-05
1.305914e+01 2.346256e-02 -8.195798e-05
1.305914e+01 3.503514e-02 -1.800555e-04
1.305914e+01 5.263151e-02 -3.669555e-04
1.305914e+01 7.314235e-02 -7.330923e-04
1.305914e+01 1.025928e-01 -1.138602e-03
1.305914e+01 1.448116e-01 -1.873891e-03
1.305914e+01 2.023460e-01 -2.772773e-03
1.305914e+01 2.834245e-01 -3.963457e-03
1.305914e+01 3.967448e-01 -5.338525e-03
1.305914e+01 5.552783e-01 -6.830241e-03
1.305914e+01 7.774819e-01 -8.229781e-03
1.305914e+01 1.088445e+00 -9.324484e-03
1.305914e+01 1.523711e+00 -1.040349e-02
1.305914e+01 2.088426e+00 -1.119334e-02
1.305914e+01 2.685505e+00 -9.786763e-03
1.334032e+01 1.570796e-02 -2.777184e-05
1.334032e+01 2.346256e-02 -6.863204e-05
1.334032e+01 3.503514e-02 -1.519221e-04
1.334032e+01 5.263151e-02 -3.092894e-04
1.334032e+01 7.314235e-02 -6.170976e-04
1.334032e+01 1.025928e-01 -9.572396e-04
1.334032e+01 1.448116e-01 -1.575345e-03
1.334032e+01 2.023460e-01 -2.336954e-03
1.334032e+01 2.834245e-01 -3.350498e-03
1.334032e+01 3.967448e-01 -4.514094e-03
1.334032e+01 5.552783e-01 -5.813994e-03
1.334032e+01 7.774819e-01 -7.101691e-03
1.334032e+01 1.088445e+00 -8.165154e-03
1.334032e+01 1.523711e+00 -9.258355e-03
1.334032e+01 2.088426e+00 -1.006015e-02
1.334032e+01 2.685505e+00 -8.877992e-03
1.362713e+01 1.570796e-02 -2.342960e-05
1.362713e+01 2.346256e-02 -5.732986e-05
1.362713e+01 3.503514e-02 -1.278595e-04
1.362713e+01 5.263151e-02 -2.580698e-04
1.362713e+01 7.314235e-02 -5.159754e-04
1.362713e+01 1.025928e-01 -8.027527e-04
1.362713e+01 1.448116e-01 -1.320862e-03
1.362713e+01 2.023460e-01 -1.961329e-03
1.362713e+01 2.834245e-01 -2.809969e-03
1.362713e+01 3.967448e-01 -3.799769e-03
1.362713e+01 5.552783e-01 -4.923806e-03
1.362713e+01 7.774819e-01 -6.085593e-03
1.362713e+01 1.088445e+00 -7.106927e-03
1.362713e+01 1.523711e+00 -8.181028e-03
1.362713e+01 2.088426e+00 -8.987793e-03
1.362713e+01 2.685505e+00 -8.005647e-03
1.391967e+01 1.570796e-02 -1.953421e-05
1.391967e+01 2.346256e-02 -4.731758e-05
1.391967e+01 3.503514e-02 -1.050689e-04
1.391967e+01 5.263151e-02 -2.141724e-04
1.391967e+01 7.314235e-02 -4.287347e-04
1.391967e+01 1.025928e-01 -6.657809e-04
1.391967e+01 1.448116e-01 -1.096617e-03
1.391967e+01 2.023460e-01 -1.634615e-03
1.391967e+01 2.834245e-01 -2.342247e-03
1.391967e+01 3.967448e-01 -3.176933e-03
1.391967e+01 5.552783e-01 -4.137494e-03
1.391967e+01 7.774819e-01 -5.177831e-03
1.391967e+01 1.088445e+00 -6.154030e-03
1.391967e+01 1.523711e+00 -7.182337e-03
1.391967e+01 2.088426e+00 -7.991900e-03
1.391967e+01 2.685505e+00 -7.108886e-03
1.421806e+01 1.570796e-02 -1.625045e-05
1.421806e+01 2.346256e-02 -3.884529e-05
1.421806e+01 3.503514e-02 -8.739740e-05
1.421806e+01 5.263151e-02 -1.782696e-04
1.421806e+01 7.314235e-02 -3.548056e-04
1.421806e+01 1.025928e-01 -5.509974e-04
1.421806e+01 1.448116e-01 -9.102670e-04
1.421806e+01 2.023460e-01 -1.356252e-03
1.421806e+01 2.834245e-01 -1.944057e-03
1.421806e+01 3.967448e-01 -2.643627e-03
1.421806e+01 5.552783e-01 -3.467348e-03
1.421806e+01 7.774819e-01 -4.386123e-03
1.421806e+01 1.088445e+00 -5.286663e-03
1.421806e+01 1.523711e+00 -6.289612e-03
1.421806e+01 2.088426e+00 -7.052449e-03
1.421806e+01 2.685505e+00 -6.312080e-03
1.452242e+01 1.570796e-02 -1.350298e-05
1.452242e+01 2.346256e-02 -3.271790e-05
1.452242e+01 3.503514e-02 -7.227984e-05
1.452242e+01 5.263151e-02 -1.476378e-04
1.452242e+01 7.314235e-02 -2.914334e-04
1.452242e+01 1.025928e-01 -4.534249e-04
1.452242e+01 1.448116e-01 -7.493368e-04
1.452242e+01 2.023460e-01 -1.119581e-03
1.452242e+01 2.834245e-01 -1.605072e-03
1.452242e+01 3.967448e-01 -2.189094e-03
1.452242e+01 5.552783e-01 -2.887727e-03
1.452242e+01 7.774819e-01 -3.694832e-03
1.452242e+01 1.088445e+00 -4.516621e-03
1.452242e+01 1.523711e+00 -5.459704e-03
1.452242e+01 2.088426e+00 -6.189413e-03
1.452242e+01 2.685505e+00 -5.605399e-03
1.483287e+01 1.570796e-02 -1.117725e-05
1.483287e+01 2.346256e-02 -2.627132e-05
1.483287e+01 3.503514e-02 -5.931940e-05
1.483287e+01 5.263151e-02 -1.216046e-04
1.483287e+01 7.314235e-02 -2.393266e-04
1.483287e+01 1.025928e-01 -3.722416e-04
1.483287e+01 1.448116e-01 -6.148697e-04
1.483287e+01 2.023460e-01 -9.195589e-04
1.483287e+01 2.834245e-01 -1.318267e-03
1.483287e+01 3.967448e-01 -1.802979e-03
1.483287e+01 5.552783e-01 -2.396172e-03
1.483287e+01 7.774819e-01 -3.094406e-03
1.483287e+01 1.088445e+00 -3.841853e-03
1.483287e+01 1.523711e+00 -4.727379e-03
1.483287e+01 2.088426e+00 -5.418143e-03
1.483287e+01 2.685505e+00 -4.930333e-03
1.514953e+01 1.570796e-02 -9.098018e-06
1.514953e+01 2.346256e-02 -2.118378e-05
1.514953e+01 3.503514e-02 -4.805167e-05
1.514953e+01 5.263151e-02 -9.860053e-05
1.514953e+01 7.314235e-02 -1.946472e-04
1.514953e+01 1.025928e-01 -3.018060e-04
1.514953e+01 1.448116e-01 -5.010218e-04
1.514953e+01 2.023460e-01 -7.514795e-04
1.514953e+01 2.834245e-01 -1.075341e-03
1.514953e+01 3.967448e-01 -1.477389e-03
1.514953e+01 5.552783e-01 -1.972991e-03
1.514953e+01 7.774819e-01 -2.575110e-03
1.514953e+01 1.088445e+00 -3.256732e-03
1.514953e+01 1.523711e+00 -4.057286e-03
1.514953e+01 2.088426e+00 -4.709201e-03
1.514953e+01 2.685505e+00 -4.336499e-03
1.547252e+01 1.570796e-02 -7.501746e-06
1.547252e+01 2.346256e-02 -1.685616e-05
1.547252e+01 3.503514e-02 -3.898272e-05
1.547252e+01 5.263151e-02 -7.946177e-05
1.547252e+01 7.314235e-02 -1.570945e-04
1.547252e+01 1.025928e-01 -2.448332e-04
1.547252e+01 1.448116e-01 -4.053797e-04
1.547252e+01 2.023460e-01 -6.102242e-04
1.547252e+01 2.834245e-01 -8.719437e-04
1.547252e+01 3.967448e-01 -1.202904e-03
1.547252e+01 5.552783e-01 -1.613232e-03
1.547252e+01 7.774819e-01 -2.123758e-03
1.547252e+01 1.088445e+00 -2.730715e-03
1.547252e+01 1.523711e+00 -3.446983e-03
1.547252e+01 2.088426e+00 -4.045316e-03
1.547252e+01 2.685505e+00 -3.748804e-03
1.580197e+01 1.570796e-02 -6.069938e-06
1.580197e+01 2.346256e-02 -1.361885e-05
1.580197e+01 3.503514e-02 -3.139786e-05
1.580197e+01 5.263151e-02 -6.352851e-05
1.580197e+01 7.314235e-02 -1.266558e-04
1.580197e+01 1.025928e-01 -1.981607e-04
1.580197e+01 1.448116e-01 -3.270558e-04
1.580197e+01 2.023460e-01 -4.923990e-04
1.580197e+01 2.834245e-01 -7.022725e-04
1.580197e+01 3.967448e-01 -9.726176e-04
1.580197e+01 5.552783e-01 -1.311996e-03
1.580197e+01 7.774819e-01 -1.740116e-03
1.580197e+01 1.088445e+00 -2.269186e-03
1.580197e+01 1.523711e+00 -2.911029e-03
1.580197e+01 2.088426e+00 -3.444544e-03
1.580197e+01 2.685505e+00 -3.230575e-03
1.613801e+01 1.570796e-02 -4.971018e-06
1.613801e+01 2.346256e-02 -1.082270e-05
1.613801e+01 3.503514e-02 -2.523773e-05
1.613801e+01 5.263151e-02 -5.079928e-05
1.613801e+01 7.314235e-02 -1.013944e-04
1.613801e+01 1.025928e-01 -1.583439e-04
1.613801e+01 1.448116e-01 -2.630511e-04
1.613801e+01 2.023460e-01 -3.944029e-04
1.613801e+01 2.834245e-01 -5.641141e-04
1.613801e+01 3.967448e-01 -7.825352e-04
1.613801e+01 5.552783e-01 -1.061532e-03
1.613801e+01 7.774819e-01 -1.418089e-03
1.613801e+01 1.088445e+00 -1.876689e-03
1.613801e+01 1.523711e+00 -2.443739e-03
1.613801e+01 2.088426e+00 -2.928785e-03
1.613801e+01 2.685505e+00 -2.763759e-03
1.648077e+01 1.570796e-02 -4.098700e-06
1.648077e+01 2.346256e-02 -8.655603e-06
1.648077e+01 3.503514e-02 -2.047672e-05
1.648077e+01 5.263151e-02 -3.993914e-05
1.648077e+01 7.314235e-02 -8.135910e-05
1.648077e+01 1.025928e-01 -1.262061e-04
1.648077e+01 1.448116e-01 -2.090029e-04
1.648077e+01 2.023460e-01 -3.154256e-04
1.648077e+01 2.834245e-01 -4.506636e-04
1.648077e+01 3.967448e-01 -6.268035e-04
1.648077e+01 5.552783e-01 -8.562910e-04
1.648077e+01 7.774819e-01 -1.152440e-03
1.648077e+01 1.088445e+00 -1.546881e-03
1.648077e+01 1.523711e+00 -2.044558e-03
1.648077e+01 2.088426e+00 -2.471289e-03
1.648077e+01 2.685505e+00 -2.318291e-03
1.683038e+01 1.570796e-02 -3.175689e-06
1.683038e+01 2.346256e-02 -6.822357e-06
1.683038e+01 3.503514e-02 -1.635865e-05
1.683038e+01 5.263151e-02 -3.162488e-05
1.683038e+01 7.314235e-02 -6.449211e-05
1.683038e+01 1.025928e-01 -9.989022e-05
1.683038e+01 1.448116e-01 -1.658287e-04
1.683038e+01 2.023460e-01 -2.499226e-04
1.683038e+01 2.834245e-01 -3.583019e-04
1.683038e+01 3.967448e-01 -4.988044e-04
1.683038e+01 5.552783e-01 -6.856787e-04
1.683038e+01 7.774819e-01 -9.318718e-04
1.683038e+01 1.088445e+00 -1.266953e-03
1.683038e+01 1.523711e+00 -1.696824e-03
1.683038e+01 2.088426e+00 -2.068427e-03
1.683038e+01 2.685505e+00 -1.942168e-03
1.718699e+01 1.570796e-02 -2.536319e-06
1.718699e+01 2.346256e-02 -5.369015e-06
1.718699e+01 3.503514e-02 -1.290832e-05
1.718699e+01 5.263151e-02 -2.495251e-05
1.718699e+01 7.314235e-02 -4.999910e-05
1.718699e+01 1.025928e-01 -7.785786e-05
1.718699e+01 1.448116e-01 -1.310620e-04
1.718699e+01 2.023460e-01 -1.976142e-04
1.718699e+01 2.834245e-01 -2.821882e-04
1.718699e+01 3.967448e-01 -3.951937e-04
1.718699e+01 5.552783e-01 -5.449120e-04
1.718699e+01 7.774819e-01 -7.469983e-04
1.718699e+01 1.088445e+00 -1.023527e-03
1.718699e+01 1.523711e+00 -1.390322e-03
1.718699e+01 2.088426e+00 -1.713108e-03
1.718699e+01 2.685505e+00 -1.617704e-03
1.755073e+01 1.570796e-02 -2.016340e-06
1.755073e+01 2.346256e-02 -4.115197e-06
1.755073e+01 3.503514e-02 -1.023362e-05
1.755073e+01 5.263151e-02 -1.952443e-05
1.755073e+01 7.314235e-02 -3.898720e-05
1.755073e+01 1.025928e-01 -6.056606e-05
1.755073e+01 1.448116e-01 -1.024132e-04
1.755073e+01 2.023460e-01 -1.542668e-04
1.755073e+01 2.834245e-01 -2.211978e-04
1.755073e+01 3.967448e-01 -3.098322e-04
1.755073e+01 5.552783e-01 -4.297630e-04
1.755073e+01 7.774819e-01 -5.933220e-04
1.755073e+01 1.088445e+00 -8.218108e-04
1.755073e+01 1.523711e+00 -1.127380e-03
1.755073e+01 2.088426e+00 -1.398546e-03
1.755073e+01 2.685505e+00 -1.332010e-03
1.792175e+01 1.570796e-02 -1.587566e-06
1.792175e+01 2.346256e-02 -3.126134e-06
1.792175e+01 3.503514e-02 -7.942076e-06
1.792175e+01 5.263151e-02 -1.491929e-05
1.792175e+01 7.314235e-02 -3.016118e-05
1.792175e+01 1.025928e-01 -4.624817e-05
1.792175e+01 1.448116e-01 -7.860110e-05
1.792175e+01 2.023460e-01 -1.189466e-04
1.792175e+01 2.834245e-01 -1.703932e-04
1.792175e+01 3.967448e-01 -2.391623e-04
1.792175e+01 5.552783e-01 -3.330091e-04
1.792175e+01 7.774819e-01 -4.658488e-04
1.792175e+01 1.088445e+00 -6.513381e-04
1.792175e+01 1.523711e+00 -9.030807e-04
1.792175e+01 2.088426e+00 -1.131541e-03
1.792175e+01 2.685505e+00 -1.085340e-03
1.830018e+01 1.570796e-02 -1.295208e-06
1.830018e+01 2.346256e-02 -2.352721e-06
1.830018e+01 3.503514e-02 -6.181985e-06
1.830018e+01 5.263151e-02 -1.150047e-05
1.830018e+01 7.314235e-02 -2.299530e-05
1.830018e+01 1.025928e-01 -3.550364e-05
1.830018e+01 1.448116e-01 -6.006482e-05
1.830018e+01 2.023460e-01 -9.174334e-05
1.830018e+01 2.834245e-01 -1.310175e-04
1.830018e+01 3.967448e-01 -1.859155e-04
1.830018e+01 5.552783e-01 -2.592205e-04
1.830018e+01 7.774819e-01 -3.668289e-04
1.830018e+01 1.088445e+00 -5.147003e-04
1.830018e+01 1.523711e+00 -7.177498e-04
1.830018e+01 2.088426e+00 -9.069984e-04
1.830018e+01 2.685505e+00 -8.785624e-04
1.868618e+01 1.570796e-02 -9.910564e-07
1.868618e+01 2.346256e-02 -1.627255e-06
1.868618e+01 3.503514e-02 -4.667674e-06
1.868618e+01 5.263151e-02 -8.925949e-06
1.868618e+01 7.314235e-02 -1.759377e-05
1.868618e+01 1.025928e-01 -2.705861e-05
1.868618e+01 1.448116e-01 -4.555323e-05
1.868618e+01 2.023460e-01 -6.932056e-05
1.868618e+01 2.834245e-01 -1.001813e-04
1.868618e+01 3.967448e-01 -1.415944e-04
1.868618e+01 5.552783e-01 -1.999544e-04
1.868618e+01 7.774819e-01 -2.851433e-04
1.868618e+01 1.088445e+00 -4.025800e-04
1.868618e+01 1.523711e+00 -5.658798e-04
1.868618e+01 2.088426e+00 -7.164642e-04
1.868618e+01 2.685505e+00 -6.891172e-04
1.907991e+01 1.570796e-02 -7.591238e-07
1.907991e+01 2.346256e-02 -1.189359e-06
1.907991e+01 3.503514e-02 -3.513448e-06
1.907991e+01 5.263151e-02 -6.818697e-06
1.907991e+01 7.314235e-02 -1.309282e-05
1.907991e+01 1.025928e-01 -2.013330e-05
1.907991e+01 1.448116e-01 -3.418777e-05
1.907991e+01 2.023460e-01 -5.190742e-05
1.907991e+01 2.834245e-01 -7.468807e-05
1.907991e+01 3.967448e-01 -1.058628e-04
1.907991e+01 5.552783e-01 -1.508548e-04
1.907991e+01 7.774819e-01 -2.183280e-04
1.907991e+01 1.088445e+00 -3.090045e-04
1.907991e+01 1.523711e+00 -4.372454e-04
1.907991e+01 2.088426e+00 -5.551613e-04
1.907991e+01 2.685505e+00 -5.306434e-04
1.948151e+01 1.570796e-02 -5.543970e-07
1.948151e+01 2.346256e-02 -8.982782e-07
1.948151e+01 3.503514e-02 -2.505879e-06
1.948151e+01 5.263151e-02 -4.965097e-06
1.948151e+01 7.314235e-02 -9.595345e-06
1.948151e+01 1.025928e-01 -1.469464e-05
1.948151e+01 1.448116e-01 -2.504140e-05
1.948151e+01 2.023460e-01 -3.820459e-05
1.948151e+01 2.834245e-01 -5.492998e-05
1.948151e+01 3.967448e-01 -7.812754e-05
1.948151e+01 5.552783e-01 -1.119945e-04
1.948151e+01 7.774819e-01 -1.640702e-04
1.948151e+01 1.088445e+00 -2.325735e-04
1.948151e+01 1.523711e+00 -3.299719e-04
1.948151e+01 2.088426e+00 -4.208777e-04
1.948151e+01 2.685505e+00 -4.002937e-04
1.989114e+01 1.570796e-02 -4.171874e-07
1.989114e+01 2.346256e-02 -6.142335e-07
1.989114e+01 3.503514e-02 -1.791146e-06
1.989114e+01 5.263151e-02 -3.704242e-06
1.989114e+01 7.314235e-02 -6.995299e-06
1.989114e+01 1.025928e-01 -1.060194e-05
1.989114e+01 1.448116e-01 -1.828423e-05
1.989114e+01 2.023460e-01 -2.801673e-05
1.989114e+01 2.834245e-01 -4.018361e-05
1.989114e+01 3.967448e-01 -5.754903e-05
1.989114e+01 5.552783e-01 -8.258639e-05
1.989114e+01 7.774819e-01 -1.222429e-04
1.989114e+01 1.088445e+00 -1.733318e-04
1.989114e+01 1.523711e+00 -2.462524e-04
1.989114e+01 2.088426e+00 -3.150403e-04
1.989114e+01 2.685505e+00 -3.038411e-04
2.030896e+01 1.570796e-02 -3.232071e-07
2.030896e+01 2.346256e-02 -4.310496e-07
2.030896e+01 3.503514e-02 -1.326150e-06
2.030896e+01 5.263151e-02 -2.669516e-06
2.030896e+01 7.314235e-02 -4.991429e-06
2.030896e+01 1.025928e-01 -7.486153e-06
2.030896e+01 1.448116e-01 -1.311236e-05
2.030896e+01 2.023460e-01 -2.031357e-05
2.030896e+01 2.834245e-01 -2.871129e-05
2.030896e+01 3.967448e-01 -4.153424e-05
2.030896e+01 5.552783e-01 -5.998512e-05
2.030896e+01 7.774819e-01 -8.919585e-05
2.030896e+01 1.088445e+00 -1.265014e-04
2.030896e+01 1.523711e+00 -1.797460e-04
2.030896e+01 2.088426e+00 -2.326975e-04
2.030896e+01 2.685505e+00 -2.257959e-04
2.073514e+01 1.570796e-02 -2.227391e-07
2.073514e+01 2.346256e-02 -2.870051e-07
2.073514e+01 3.503514e-02 -9.159110e-07
2.073514e+01 5.263151e-02 -1.860406e-06
2.073514e+01 7.314235e-02 -3.398391e-06
2.073514e+01 1.025928e-01 -5.166907e-06
2.073514e+01 1.448116e-01 -9.332449e-06
2.073514e+01 2.023460e-01 -1.431815e-05
2.073514e+01 2.834245e-01 -2.019135e-05
2.073514e+01 3.967448e-01 -2.936405e-05
2.073514e+01 5.552783e-01 -4.280231e-05
2.073514e+01 7.774819e-01 -6.405204e-05
2.073514e+01 1.088445e+00 -9.068552e-05
2.073514e+01 1.523711e+00 -1.292370e-04
2.073514e+01 2.088426e+00 -1.675711e-04
2.073514e+01 2.685505e+00 -1.641326e-04
2.116984e+01 1.570796e-02 -1.543533e-07
2.116984e+01 2.346256e-02 -2.110710e-07
2.116984e+01 3.503514e-02 -6.316948e-07
2.116984e+01 5.263151e-02 -1.247454e-06
2.116984e+01 7.314235e-02 -2.342412e-06
2.116984e+01 1.025928e-01 -3.535827e-06
2.116984e+01 1.448116e-01 -6.377356e-06
2.116984e+01 2.023460e-01 -9.864991e-06
2.116984e+01 2.834245e-01 -1.396718e-05
2.116984e+01 3.967448e-01 -2.030519e-05
2.116984e+01 5.552783e-01 -3.006008e-05
2.116984e+01 7.774819e-01 -4.516084e-05
2.116984e+01 1.088445e+00 -6.386741e-05
2.116984e+01 1.523711e+00 -9.139647e-05
2.116984e+01 2.088426e+00 -1.200456e-04
2.116984e+01 2.685505e+00 -1.171468e-04
2.161324e+01 1.570796e-02 -1.008237e-07
2.161324e+01 2.346256e-02 -1.231713e-07
2.161324e+01 3.503514e-02 -4.414414e-07
2.161324e+01 5.263151e-02 -8.216904e-07
2.161324e+01 7.314235e-02 -1.547048e-06
2.161324e+01 1.025928e-01 -2.405481e-06
2.161324e+01 1.448116e-01 -4.281088e-06
2.161324e+01 2.023460e-01 -6.658225e-06
2.161324e+01 2.834245e-01 -9.412313e-06
2.161324e+01 3.967448e-01 -1.399769e-05
2.161324e+01 5.552783e-01 -2.060293e-05
2.161324e+01 7.774819e-01 -3.111098e-05
2.161324e+01 1.088445e+00 -4.410414e-05
2.161324e+01 1.523711e+00 -6.345165e-05
2.161324e+01 2.088426e+00 -8.375935e-05
2.161324e+01 2.685505e+00 -8.265766e-05
2.206550e+01 1.570796e-02 -6.953298e-08
2.206550e+01 2.346256e-02 -6.974531e-08
2.206550e+01 3.503514e-02 -3.070482e-07
2.206550e+01 5.263151e-02 -5.383269e-07
2.206550e+01 7.314235e-02 -1.042828e-06
2.206550e+01 1.025928e-01 -1.618185e-06
2.206550e+01 1.448116e-01 -2.853834e-06
2.206550e+01 2.023460e-01 -4.414259e-06
2.206550e+01 2.834245e-01 -6.300627e-06
2.206550e+01 3.967448e-01 -9.355277e-06
2.206550e+01 5.552783e-01 -1.400596e-05
2.206550e+01 7.774819e-01 -2.124618e-05
2.206550e+01 1.088445e+00 -3.021059e-05
2.206550e+01 1.523711e+00 -4.302710e-05
2.206550e+01 2.088426e+00 -5.735075e-05
2.206550e+01 2.685505e+00 -5.744233e-05
2.252681e+01 1.570796e-02 -4.485788e-08
2.252681e+01 2.346256e-02 -4.169299e-08
2.252681e+01 3.503514e-02 -1.938696e-07
2.252681e+01 5.263151e-02 -3.364639e-07
2.252681e+01 7.314235e-02 -6.618914e-07
2.252681e+01 1.025928e-01 -1.038667e-06
2.252681e+01 1.448116e-01 -1.851939e-06
2.252681e+01 2.023460e-01 -2.874308e-06
2.252681e+01 2.834245e-01 -4.117891e-06
2.252681e+01 3.967448e-01 -6.174915e-06
2.252681e+01 5.552783e-01 -9.310429e-06
2.252681e+01 7.774819e-01 -1.409466e-05
2.252681e+01 1.088445e+00 -2.036959e-05
2.252681e+01 1.523711e+00 -2.899254e-05
2.252681e+01 2.088426e+00 -3.891044e-05
2.252681e+01 2.685505e+00 -3.850086e-05
2.299735e+01 1.570796e-02 -2.807975e-08
2.299735e+01 2.346256e-02 -2.637370e-08
2.299735e+01 3.503514e-02 -1.179389e-07
2.299735e+01 5.263151e-02 -2.194120e-07
2.299735e+01 7.314235e-02 -4.115465e-07
2.299735e+01 1.025928e-01 -6.606267e-07
2.299735e+01 1.448116e-01 -1.172960e-06
2.299735e+01 2.023460e-01 -1.857613e-06
2.299735e+01 2.834245e-01 -2.589281e-06
2.299735e+01 3.967448e-01 -3.938315e-06
2.299735e+01 5.552783e-01 -6.016881e-06
2.299735e+01 7.774819e-01 -9.281269e-06
2.299735e+01 1.088445e+00 -1.321818e-05
2.299735e+01 1.523711e+00 -1.914000e-05
2.299735e+01 2.088426e+00 -2.574731e-05
2.299735e+01 2.685505e+00 -2.492256e-05
2.347730e+01 1.570796e-02 -1.828596e-08
2.347730e+01 2.346256e-02 -1.734182e-08
2.347730e+01 3.503514e-02 -7.302843e-08
2.347730e+01 5.263151e-02 -1.388961e-07
2.347730e+01 7.314235e-02 -2.577118e-07
2.347730e+01 1.025928e-01 -4.092824e-07
2.347730e+01 1.448116e-01 -7.176138e-07
2.347730e+01 2.023460e-01 -1.187721e-06
2.347730e+01 2.834245e-01 -1.641400e-06
2.347730e+01 3.967448e-01 -2.494527e-06
2.347730e+01 5.552783e-01 -3.846887e-06
2.347730e+01 7.774819e-01 -5.895156e-06
2.347730e+01 1.088445e+00 -8.492895e-06
2.347730e+01 1.523711e+00 -1.253570e-05
2.347730e+01 2.088426e+00 -1.666843e-05
2.347730e+01 2.685505e+00 -1.589928e-05
2.396684e+01 1.570796e-02 4.315368e-10
2.396684e+01 2.346256e-02 1.099281e-09
2.396684e+01 3.503514e-02 2.226942e-09
2.396684e+01 5.263151e-02 4.564007e-09
2.396684e+01 7.314235e-02 9.537953e-09
2.396684e+01 1.025928e-01 1.422734e-08
2.396684e+01 1.448116e-01 2.415479e-08
2.396684e+01 2.023460e-01 3.527899e-08
2.396684e+01 2.834245e-01 5.141169e-08
2.396684e+01 3.967448e-01 7.287915e-08
2.396684e+01 5.552783e-01 1.021823e-07
2.396684e+01 7.774819e-01 1.337953e-07
2.396684e+01 1.088445e+00 1.503701e-07
2.396684e+01 1.523711e+00 1.335690e-07
2.396684e+01 2.088426e+00 8.994648e-08
2.396684e+01 2.685505e+00 4.045094e-08
2.446618e+01 1.570796e-02 4.036030e-10
2.446618e+01 2.346256e-02 1.026305e-09
2.446618e+01 3.503514e-02 2.082350e-09
2.446618e+01 5.263151e-02 4.262367e-09
2.446618e+01 7.314235e-02 8.913631e-09
2.446618e+01 1.025928e-01 1.329001e-08
2.446618e+01 1.448116e-01 2.258860e-08
2.446618e+01 2.023460e-01 3.307679e-08
2.446618e+01 2.834245e-01 4.843386e-08
2.446618e+01 3.967448e-01 6.913466e-08
2.446618e+01 5.552783e-01 9.759863e-08
2.446618e+01 7.774819e-01 1.285376e-07
2.446618e+01 1.088445e+00 1.455188e-07
2.446618e+01 1.523711e+00 1.311771e-07
2.446618e+01 2.088426e+00 9.001950e-08
2.446618e+01 2.685505e+00 4.110081e-08
2.497550e+01 1.570796e-02 3.759077e-10
2.497550e+01 2.346256e-02 9.545423e-10
2.497550e+01 3.503514e-02 1.938876e-09
2.497550e+01 5.263151e-02 3.965027e-09
2.497550e+01 7.314235e-02 8.297142e-09
2.497550e+01 1.025928e-01 1.236838e-08
2.497550e+01 1.448116e-01 2.104721e-08
2.497550e+01 2.023460e-01 3.090671e-08
2.497550e+01 2.834245e-01 4.548986e-08
2.497550e+01 3.967448e-01 6.537939e-08
2.497550e+01 5.552783e-01 9.291856e-08
2.497550e+01 7.774819e-01 1.230194e-07
2.497550e+01 1.088445e+00 1.403658e-07
2.497550e+01 1.523711e+00 1.284174e-07
2.497550e+01 2.088426e+00 9.014475e-08
2.497550e+01 2.685505e+00 4.178188e-08
2.549501e+01 1.570796e-02 3.485911e-10
2.549501e+01 2.346256e-02 8.842232e-10
2.549501e+01 3.503514e-02 1.798565e-09
2.549501e+01 5.263151e-02 3.672569e-09
2.549501e+01 7.314235e-02 7.693275e-09
2.549501e+01 1.025928e-01 1.146487e-08
2.549501e+01 1.448116e-01 1.953832e-08
2.549501e+01 2.023460e-01 2.877173e-08
2.549501e+01 2.834245e-01 4.258349e-08
2.549501e+01 3.967448e-01 6.162634e-08
2.549501e+01 5.552783e-01 8.812818e-08
2.549501e+01 7.774819e-01 1.173181e-07
2.549501e+01 1.088445e+00 1.348835e-07
2.549501e+01 1.523711e+00 1.254918e-07
2.549501e+01 2.088426e+00 9.016728e-08
2.549501e+01 2.685505e+00 4.258237e-08
2.602491e+01 1.570796e-02 3.216945e-10
2.602491e+01 2.346256e-02 8.155644e-10
2.602491e+01 3.503514e-02 1.660301e-09
2.602491e+01 5.263151e-02 3.387069e-09
2.602491e+01 7.314235e-02 7.101622e-09
2.602491e+01 1.025928e-01 1.057854e-08
2.602491e+01 1.448116e-01 1.805932e-08
2.602491e+01 2.023460e-01 2.667688e-08
2.602491e+01 2.834245e-01 3.971052e-08
2.602491e+01 3.967448e-01 5.785791e-08
2.602491e+01 5.552783e-01 8.321848e-08
2.602491e+01 7.774819e-01 1.113480e-07
2.602491e+01 1.088445e+00 1.291161e-07
2.602491e+01 1.523711e+00 1.222840e-07
2.602491e+01 2.088426e+00 9.012661e-08
2.602491e+01 2.685505e+00 4.361052e-08
2.656541e+01 1.570796e-02 2.954101e-10
2.656541e+01 2.346256e-02 7.494192e-10
2.656541e+01 3.503514e-02 1.524836e-09
2.656541e+01 5.263151e-02 3.108701e-09
2.656541e+01 7.314235e-02 6.523680e-09
2.656541e+01 1.025928e-01 9.714168e-09
2.656541e+01 1.448116e-01 1.661365e-08
2.656541e+01 2.023460e-01 2.463126e-08
2.656541e+01 2.834245e-01 3.686602e-08
2.656541e+01 3.967448e-01 5.408011e-08
2.656541e+01 5.552783e-01 7.820697e-08
2.656541e+01 7.774819e-01 1.051688e-07
2.656541e+01 1.088445e+00 1.230482e-07
2.656541e+01 1.523711e+00 1.187484e-07
2.656541e+01 2.088426e+00 8.994387e-08
2.656541e+01 2.685505e+00 4.491149e-08
2.711672e+01 1.570796e-02 2.698893e-10
2.711672e+01 2.346256e-02 6.848549e-10
2.711672e+01 3.503514e-02 1.392790e-09
2.711672e+01 5.263151e-02 2.838241e-09
2.711672e+01 7.314235e-02 5.959455e-09
2.711672e+01 1.025928e-01 8.874869e-09
2.711672e+01 1.448116e-01 1.520112e-08
2.711672e+01 2.023460e-01 2.262661e-08
2.711672e+01 2.834245e-01 3.406306e-08
2.711672e+01 3.967448e-01 5.026810e-08
2.711672e+01 5.552783e-01 7.307448e-08
2.711672e+01 7.774819e-01 9.875364e-08
2.711672e+01 1.088445e+00 1.166577e-07
2.711672e+01 1.523711e+00 1.148767e-07
2.711672e+01 2.088426e+00 8.946392e-08
2.711672e+01 2.685505e+00 4.659522e-08
2.767905e+01 1.570796e-02 2.448822e-10
2.767905e+01 2.346256e-02 6.215127e-10
2.767905e+01 3.503514e-02 1.263961e-09
2.767905e+01 5.263151e-02 2.575124e-09
2.767905e+01 7.314235e-02 5.411495e-09
2.767905e+01 1.025928e-01 8.056399e-09
2.767905e+01 1.448116e-01 1.382548e-08
2.767905e+01 2.023460e-01 2.066506e-08
2.767905e+01 2.834245e-01 3.128863e-08
2.767905e+01 3.967448e-01 4.643453e-08
2.767905e+01 5.552783e-01 6.781924e-08
2.767905e+01 7.774819e-01 9.210586e-08
2.767905e+01 1.088445e+00 1.099174e-07
2.767905e+01 1.523711e+00 1.105420e-07
2.767905e+01 2.088426e+00 8.887505e-08
2.767905e+01 2.685505e+00 4.852735e-08
2.825263e+01 1.570796e-02 2.205851e-10
2.825263e+01 2.346256e-02 5.605253e-10
2.825263e+01 3.503514e-02 1.138431e-09
2.825263e+01 5.263151e-02 2.318387e-09
2.825263e+01 7.314235e-02 4.876958e-09
2.825263e+01 1.025928e-01 7.262734e-09
2.825263e+01 1.448116e-01 1.247893e-08
2.825263e+01 2.023460e-01 1.874118e-08
2.825263e+01 2.834245e-01 2.852681e-08
2.825263e+01 3.967448e-01 4.256079e-08
2.825263e+01 5.552783e-01 6.243481e-08
2.825263e+01 7.774819e-01 8.526652e-08
2.825263e+01 1.088445e+00 1.028293e-07
2.825263e+01 1.523711e+00 1.057930e-07
2.825263e+01 2.088426e+00 8.787827e-08
2.825263e+01 2.685505e+00 5.074545e-08
2.883769e+01 1.570796e-02 1.968608e-10
2.883769e+01 2.346256e-02 5.008835e-10
2.883769e+01 3.503514e-02 1.016105e-09
2.883769e+01 5.263151e-02 2.069040e-09
2.883769e+01 7.314235e-02 4.355331e-09
2.883769e+01 1.025928e-01 6.488395e-09
2.883769e+01 1.448116e-01 1.116491e-08
2.883769e+01 2.023460e-01 1.684616e-08
2.883769e+01 2.834245e-01 2.577961e-08
2.883769e+01 3.967448e-01 3.864516e-08
2.883769e+01 5.552783e-01 5.693968e-08
2.883769e+01 7.774819e-01 7.820224e-08
2.883769e+01 1.088445e+00 9.533294e-08
2.883769e+01 1.523711e+00 1.003325e-07
2.883769e+01 2.088426e+00 8.643354e-08
2.883769e+01 2.685505e+00 5.303290e-08
2.943444e+01 1.570796e-02 1.738230e-10
2.943444e+01 2.346256e-02 4.426494e-10
2.943444e+01 3.503514e-02 8.965048e-10
2.943444e+01 5.263151e-02 1.825996e-09
2.943444e+01 7.314235e-02 3.846630e-09
2.943444e+01 1.025928e-01 5.733560e-09
2.943444e+01 1.448116e-01 9.879348e-09
2.943444e+01 2.023460e-01 1.497905e-08
2.943444e+01 2.834245e-01 2.304008e-08
2.943444e+01 3.967448e-01 3.468955e-08
2.943444e+01 5.552783e-01 5.132097e-08
2.943444e+01 7.774819e-01 7.088292e-08
2.943444e+01 1.088445e+00 8.740415e-08
2.943444e+01 1.523711e+00 9.425383e-08
2.943444e+01 2.088426e+00 8.436663e-08
2.943444e+01 2.685505e+00 5.537971e-08
3.004313e+01 1.570796e-02 1.512945e-10
3.004313e+01 2.346256e-02 3.857780e-10
3.004313e+01 3.503514e-02 7.803613e-10
3.004313e+01 5.263151e-02 1.589776e-09
3.004313e+01 7.314235e-02 3.351004e-09
3.004313e+01 1.025928e-01 4.997713e-09
3.004313e+01 1.448116e-01 8.623711e-09
3.004313e+01 2.023460e-01 1.313605e-08
3.004313e+01 2.834245e-01 2.029950e-08
3.004313e+01 3.967448e-01 3.069699e-08
3.004313e+01 5.552783e-01 4.558199e-08
3.004313e+01 7.774819e-01 6.331272e-08
3.004313e+01 1.088445e+00 7.904727e-08
3.004313e+01 1.523711e+00 8.736358e-08
3.004313e+01 2.088426e+00 8.150281e-08
3.004313e+01 2.685505e+00 5.746379e-08
3.066399e+01 1.570796e-02 1.292815e-10
3.066399e+01 2.346256e-02 3.305332e-10
3.066399e+01 3.503514e-02 6.668753e-10
3.066399e+01 5.263151e-02 1.359159e-09
3.066399e+01 7.314235e-02 2.867950e-09
3.066399e+01 1.025928e-01 4.279398e-09
3.066399e+01 1.448116e-01 7.392302e-09
3.066399e+01 2.023460e-01 1.131937e-08
3.066399e+01 2.834245e-01 1.757341e-08
3.066399e+01 3.967448e-01 2.666219e-08
3.066399e+01 5.552783e-01 3.974202e-08
3.066399e+01 7.774819e-01 5.549266e-08
3.066399e+01 1.088445e+00 7.015968e-08
3.066399e+01 1.523711e+00 7.954441e-08
3.066399e+01 2.088426e+00 7.749511e-08
3.066399e+01 2.685505e+00 5.892332e-08
3.129727e+01 1.570796e-02 1.079306e-10
3.129727e+01 2.346256e-02 2.762753e-10
3.129727e+01 3.503514e-02 5.563121e-10
3.129727e+01 5.263151e-02 1.134596e-09
3.129727e+01 7.314235e-02 2.395804e-09
3.129727e+01 1.025928e-01 3.578887e-09
3.129727e+01 1.448116e-01 6.188168e-09
3.129727e+01 2.023460e-01 9.519136e-09
3.129727e+01 2.834245e-01 1.484420e-08
3.129727e+01 3.967448e-01 2.259124e-08
3.129727e+01 5.552783e-01 3.378741e-08
3.129727e+01 7.774819e-01 4.743591e-08
3.129727e+01 1.088445e+00 6.072459e-08
3.129727e+01 1.523711e+00 7.068385e-08
3.129727e+01 2.088426e+00 7.214908e-08
3.129727e+01 2.685505e+00 5.941779e-08
3.194322e+01 1.570796e-02 8.705584e-11
3.194322e+01 2.346256e-02 2.233953e-10
3.194322e+01 3.503514e-02 4.486596e-10
3.194322e+01 5.263151e-02 9.156674e-10
3.194322e+01 7.314235e-02 1.935319e-09
3.194322e+01 1.025928e-01 2.893803e-09
3.194322e+01 1.448116e-01 5.009133e-09
3.194322e+01 2.023460e-01 7.740312e-09
3.194322e+01 2.834245e-01 1.211755e-08
3.194322e+01 3.967448e-01 1.849380e-08
3.194322e+01 5.552783e-01 2.773562e-08
3.194322e+01 7.774819e-01 3.915037e-08
3.194322e+01 1.088445e+00 5.076722e-08
3.194322e+01 1.523711e+00 6.071440e-08
3.194322e+01 2.088426e+00 6.507580e-08
3.194322e+01 2.685505e+00 5.814187e-08
3.260208e+01 1.570796e-02 6.667285e-11
3.260208e+01 2.346256e-02 1.713663e-10
3.260208e+01 3.503514e-02 3.434035e-10
3.260208e+01 5.263151e-02 7.022455e-10
3.260208e+01 7.314235e-02 1.485657e-09
3.260208e+01 1.025928e-01 2.223470e-09
3.260208e+01 1.448116e-01 3.853848e-09
3.260208e+01 2.023460e-01 5.979416e-09
3.260208e+01 2.834245e-01 9.394561e-09
3.260208e+01 3.967448e-01 1.436671e-08
3.260208e+01 5.552783e-01 2.161251e-08
3.260208e+01 7.774819e-01 3.066119e-08
3.260208e+01 1.088445e+00 4.025397e-08
3.260208e+01 1.523711e+00 4.947968e-08
3.260208e+01 2.088426e+00 5.584163e-08
3.260208e+01 2.685505e+00 5.418831e-08
3.327412e+01 1.570796e-02 4.682095e-11
3.327412e+01 2.346256e-02 1.207756e-10
3.327412e+01 3.503514e-02 2.411568e-10
3.327412e+01 5.263151e-02 4.936957e-10
3.327412e+01 7.314235e-02 1.045026e-09
3.327412e+01 1.025928e-01 1.566619e-09
3.327412e+01 1.448116e-01 2.717658e-09
3.327412e+01 2.023460e-01 4.234978e-09
3.327412e+01 2.834245e-01 6.676899e-09
3.327412e+01 3.967448e-01 1.022826e-08
3.327412e+01 5.552783e-01 1.542946e-08
3.327412e+01 7.774819e-01 2.198116e-08
3.327412e+01 1.088445e+00 2.923362e-08
3.327412e+01 1.523711e+00 3.692394e-08
3.327412e+01 2.088426e+00 4.400106e-08
3.327412e+01 2.685505e+00 4.635990e-08
3.395961e+01 1.570796e-02 2.814410e-11
3.395961e+01 2.346256e-02 7.304711e-11
3.395961e+01 3.503514e-02 1.448522e-10
3.395961e+01 5.263151e-02 2.977499e-10
3.395961e+01 7.314235e-02 6.307730e-10
3.395961e+01 1.025928e-01 9.465404e-10
3.395961e+01 1.448116e-01 1.641065e-09
3.395961e+01 2.023460e-01 2.559904e-09
3.395961e+01 2.834245e-01 4.033080e-09
3.395961e+01 3.967448e-01 6.156991e-09
3.395961e+01 5.552783e-01 9.271461e-09
3.395961e+01 7.774819e-01 1.320691e-08
3.395961e+01 1.088445e+00 1.772767e-08
3.395961e+01 1.523711e+00 2.297124e-08
3.395961e+01 2.088426e+00 2.881585e-08
3.395961e+01 2.685505e+00 3.262035e-08
3.465880e+01 1.570796e-02 9.005923e-12
3.465880e+01 2.346256e-02 2.236559e-11
3.465880e+01 3.503514e-02 4.777217e-11
3.465880e+01 5.263151e-02 9.230633e-11
3.465880e+01 7.314235e-02 2.012367e-10
3.465880e+01 1.025928e-01 2.995901e-10
3.465880e+01 1.448116e-01 5.189218e-10
3.465880e+01 2.023460e-01 8.207984e-10
3.465880e+01 2.834245e-01 1.304706e-09
3.465880e+01 3.967448e-01 2.003482e-09
3.465880e+01 5.552783e-01 3.027045e-09
3.465880e+01 7.774819e-01 4.335068e-09
3.465880e+01 1.088445e+00 5.877861e-09
3.465880e+01 1.523711e+00 7.785994e-09
3.465880e+01 2.088426e+00 1.022539e-08
3.465880e+01 2.685505e+00 1.236054e-08
3.537197e+01 1.570796e-02 0.000000e+00
3.537197e+01 2.346256e-02 0.000000e+00
3.537197e+01 3.503514e-02 0.000000e+00
3.537197e+01 5.263151e-02 0.000000e+00
3.537197e+01 7.314235e-02 0.000000e+00
3.537197e+01 1.025928e-01 0.000000e+00
3.537197e+01 1.448116e-01 0.000000e+00
3.537197e+01 2.023460e-01 0.000000e+00
3.537197e+01 2.834245e-01 0.000000e+00
3.537197e+01 3.967448e-01 0.000000e+00
3.537197e+01 5.552783e-01 0.000000e+00
3.537197e+01 7.774819e-01 0.000000e+00
3.537197e+01 1.088445e+00 0.000000e+00
3.537197e+01 1.523711e+00 0.000000e+00
3.537197e+01 2.088426e+00 0.000000e+00
3.537197e+01 2.685505e+00 0.000000e+00
