5.000000e+00 1.570796e-02 0.000000e+00
5.000000e+00 2.346256e-02 0.000000e+00
5.000000e+00 3.503514e-02 0.000000e+00
5.000000e+00 5.263151e-02 0.000000e+00
5.000000e+00 7.314235e-02 0.000000e+00
5.000000e+00 1.025928e-01 0.000000e+00
5.000000e+00 1.448116e-01 0.000000e+00
5.000000e+00 2.023460e-01 0.000000e+00
5.000000e+00 2.834245e-01 0.000000e+00
5.000000e+00 3.967448e-01 0.000000e+00
5.000000e+00 5.552783e-01 0.000000e+00
5.000000e+00 7.774819e-01 0.000000e+00
5.000000e+00 1.088445e+00 0.000000e+00
5.000000e+00 1.523711e+00 0.000000e+00
5.000000e+00 2.088426e+00 0.000000e+00
5.000000e+00 2.685505e+00 0.000000e+00
5.120000e+00 1.570796e-02 0.000000e+00
5.120000e+00 2.346256e-02 0.000000e+00
5.120000e+00 3.503514e-02 0.000000e+00
5.120000e+00 5.263151e-02 0.000000e+00
5.120000e+00 7.314235e-02 0.000000e+00
5.120000e+00 1.025928e-01 0.000000e+00
5.120000e+00 1.448116e-01 0.000000e+00
5.120000e+00 2.023460e-01 0.000000e+00
5.120000e+00 2.834245e-01 0.000000e+00
5.120000e+00 3.967448e-01 0.000000e+00
5.120000e+00 5.552783e-01 0.000000e+00
5.120000e+00 7.774819e-01 0.000000e+00
5.120000e+00 1.088445e+00 0.000000e+00
5.120000e+00 1.523711e+00 0.000000e+00
5.120000e+00 2.088426e+00 0.000000e+00
5.120000e+00 2.685505e+00 0.000000e+00
5.242400e+00 1.570796e-02 0.000000e+00
5.242400e+00 2.346256e-02 0.000000e+00
5.242400e+00 3.503514e-02 0.000000e+00
5.242400e+00 5.263151e-02 0.000000e+00
5.242400e+00 7.314235e-02 0.000000e+00
5.242400e+00 1.025928e-01 0.000000e+00
5.242400e+00 1.448116e-01 0.000000e+00
5.242400e+00 2.023460e-01 0.000000e+00
5.242400e+00 2.834245e-01 0.000000e+00
5.242400e+00 3.967448e-01 0.000000e+00
5.242400e+00 5.552783e-01 0.000000e+00
5.242400e+00 7.774819e-01 0.000000e+00
5.242400e+00 1.088445e+00 0.000000e+00
5.242400e+00 1.523711e+00 0.000000e+00
5.242400e+00 2.088426e+00 0.000000e+00
5.242400e+00 2.685505e+00 0.000000e+00
5.367248e+00 1.570796e-02 0.000000e+00
5.367248e+00 2.346256e-02 0.000000e+00
5.367248e+00 3.503514e-02 0.000000e+00
5.367248e+00 5.263151e-02 0.000000e+00
5.367248e+00 7.314235e-02 0.000000e+00
5.367248e+00 1.025928e-01 0.000000e+00
5.367248e+00 1.448116e-01 0.000000e+00
5.367248e+00 2.023460e-01 0.000000e+00
5.367248e+00 2.834245e-01 0.000000e+00
5.367248e+00 3.967448e-01 0.000000e+00
5.367248e+00 5.552783e-01 0.000000e+00
5.367248e+00 7.774819e-01 0.000000e+00
5.367248e+00 1.088445e+00 0.000000e+00
5.367248e+00 1.523711e+00 0.000000e+00
5.367248e+00 2.088426e+00 0.000000e+00
5.367248e+00 2.685505e+00 0.000000e+00
5.494593e+00 1.570796e-02 0.000000e+00
5.494593e+00 2.346256e-02 0.000000e+00
5.494593e+00 3.503514e-02 0.000000e+00
5.494593e+00 5.263151e-02 0.000000e+00
5.494593e+00 7.314235e-02 0.000000e+00
5.494593e+00 1.025928e-01 0.000000e+00
5.494593e+00 1.448116e-01 0.000000e+00
5.494593e+00 2.023460e-01 0.000000e+00
5.494593e+00 2.834245e-01 0.000000e+00
5.494593e+00 3.967448e-01 0.000000e+00
5.494593e+00 5.552783e-01 0.000000e+00
5.494593e+00 7.774819e-01 0.000000e+00
5.494593e+00 1.088445e+00 0.000000e+00
5.494593e+00 1.523711e+00 0.000000e+00
5.494593e+00 2.088426e+00 0.000000e+00
5.494593e+00 2.685505e+00 0.000000e+00
5.624485e+00 1.570796e-02 0.000000e+00
5.624485e+00 2.346256e-02 0.000000e+00
5.624485e+00 3.503514e-02 0.000000e+00
5.624485e+00 5.263151e-02 0.000000e+00
5.624485e+00 7.314235e-02 0.000000e+00
5.624485e+00 1.025928e-01 0.000000e+00
5.624485e+00 1.448116e-01 0.000000e+00
5.624485e+00 2.023460e-01 0.000000e+00
5.624485e+00 2.834245e-01 0.000000e+00
5.624485e+00 3.967448e-01 0.000000e+00
5.624485e+00 5.552783e-01 0.000000e+00
5.624485e+00 7.774819e-01 0.000000e+00
5.624485e+00 1.088445e+00 0.000000e+00
5.624485e+00 1.523711e+00 0.000000e+00
5.624485e+00 2.088426e+00 0.000000e+00
5.624485e+00 2.685505e+00 0.000000e+00
5.756975e+00 1.570796e-02 0.000000e+00
5.756975e+00 2.346256e-02 0.000000e+00
5.756975e+00 3.503514e-02 0.000000e+00
5.756975e+00 5.263151e-02 0.000000e+00
5.756975e+00 7.314235e-02 0.000000e+00
5.756975e+00 1.025928e-01 0.000000e+00
5.756975e+00 1.448116e-01 0.000000e+00
5.756975e+00 2.023460e-01 0.000000e+00
5.756975e+00 2.834245e-01 0.000000e+00
5.756975e+00 3.967448e-01 0.000000e+00
5.756975e+00 5.552783e-01 0.000000e+00
5.756975e+00 7.774819e-01 0.000000e+00
5.756975e+00 1.088445e+00 0.000000e+00
5.756975e+00 1.523711e+00 0.000000e+00
5.756975e+00 2.088426e+00 0.000000e+00
5.756975e+00 2.685505e+00 0.000000e+00
5.892114e+00 1.570796e-02 0.000000e+00
5.892114e+00 2.346256e-02 0.000000e+00
5.892114e+00 3.503514e-02 0.000000e+00
5.892114e+00 5.263151e-02 0.000000e+00
5.892114e+00 7.314235e-02 0.000000e+00
5.892114e+00 1.025928e-01 0.000000e+00
5.892114e+00 1.448116e-01 0.000000e+00
5.892114e+00 2.023460e-01 0.000000e+00
5.892114e+00 2.834245e-01 0.000000e+00
5.892114e+00 3.967448e-01 0.000000e+00
5.892114e+00 5.552783e-01 0.000000e+00
5.892114e+00 7.774819e-01 0.000000e+00
5.892114e+00 1.088445e+00 0.000000e+00
5.892114e+00 1.523711e+00 0.000000e+00
5.892114e+00 2.088426e+00 0.000000e+00
5.892114e+00 2.685505e+00 0.000000e+00
6.029956e+00 1.570796e-02 0.000000e+00
6.029956e+00 2.346256e-02 0.000000e+00
6.029956e+00 3.503514e-02 0.000000e+00
6.029956e+00 5.263151e-02 0.000000e+00
6.029956e+00 7.314235e-02 0.000000e+00
6.029956e+00 1.025928e-01 0.000000e+00
6.029956e+00 1.448116e-01 0.000000e+00
6.029956e+00 2.023460e-01 0.000000e+00
6.029956e+00 2.834245e-01 0.000000e+00
6.029956e+00 3.967448e-01 0.000000e+00
6.029956e+00 5.552783e-01 0.000000e+00
6.029956e+00 7.774819e-01 0.000000e+00
6.029956e+00 1.088445e+00 0.000000e+00
6.029956e+00 1.523711e+00 0.000000e+00
6.029956e+00 2.088426e+00 0.000000e+00
6.029956e+00 2.685505e+00 0.000000e+00
6.170555e+00 1.570796e-02 0.000000e+00
6.170555e+00 2.346256e-02 0.000000e+00
6.170555e+00 3.503514e-02 0.000000e+00
6.170555e+00 5.263151e-02 0.000000e+00
6.170555e+00 7.314235e-02 0.000000e+00
6.170555e+00 1.025928e-01 0.000000e+00
6.170555e+00 1.448116e-01 0.000000e+00
6.170555e+00 2.023460e-01 0.000000e+00
6.170555e+00 2.834245e-01 0.000000e+00
6.170555e+00 3.967448e-01 0.000000e+00
6.170555e+00 5.552783e-01 0.000000e+00
6.170555e+00 7.774819e-01 0.000000e+00
6.170555e+00 1.088445e+00 0.000000e+00
6.170555e+00 1.523711e+00 0.000000e+00
6.170555e+00 2.088426e+00 0.000000e+00
6.170555e+00 2.685505e+00 0.000000e+00
6.313967e+00 1.570796e-02 -5.758684e-05
6.313967e+00 2.346256e-02 -4.149545e-05
6.313967e+00 3.503514e-02 -8.449574e-05
6.313967e+00 5.263151e-02 -1.067398e-04
6.313967e+00 7.314235e-02 -1.159207e-04
6.313967e+00 1.025928e-01 -3.473620e-05
6.313967e+00 1.448116e-01 -1.314229e-04
6.313967e+00 2.023460e-01 -5.993522e-05
6.313967e+00 2.834245e-01 -9.184260e-05
6.313967e+00 3.967448e-01 -6.345362e-05
6.313967e+00 5.552783e-01 -5.132063e-05
6.313967e+00 7.774819e-01 -4.563433e-05
6.313967e+00 1.088445e+00 -4.269112e-05
6.313967e+00 1.523711e+00 -4.397664e-05
6.313967e+00 2.088426e+00 -4.890696e-05
6.313967e+00 2.685505e+00 -4.925373e-05
6.460246e+00 1.570796e-02 -1.796559e-04
6.460246e+00 2.346256e-02 -1.541718e-04
6.460246e+00 3.503514e-02 -2.236087e-04
6.460246e+00 5.263151e-02 -3.485420e-04
6.460246e+00 7.314235e-02 -4.139227e-04
6.460246e+00 1.025928e-01 -2.464880e-04
6.460246e+00 1.448116e-01 -3.162790e-04
6.460246e+00 2.023460e-01 -3.464224e-04
6.460246e+00 2.834245e-01 -4.160274e-04
6.460246e+00 3.967448e-01 -2.648982e-04
6.460246e+00 5.552783e-01 -2.507658e-04
6.460246e+00 7.774819e-01 -2.276840e-04
6.460246e+00 1.088445e+00 -2.004040e-04
6.460246e+00 1.523711e+00 -2.005407e-04
6.460246e+00 2.088426e+00 -2.221331e-04
6.460246e+00 2.685505e+00 -2.250020e-04
6.609451e+00 1.570796e-02 -4.310683e-04
6.609451e+00 2.346256e-02 -4.682437e-04
6.609451e+00 3.503514e-02 -7.375781e-04
6.609451e+00 5.263151e-02 -1.277308e-03
6.609451e+00 7.314235e-02 -1.603766e-03
6.609451e+00 1.025928e-01 -1.319476e-03
6.609451e+00 1.448116e-01 -1.724765e-03
6.609451e+00 2.023460e-01 -1.539732e-03
6.609451e+00 2.834245e-01 -1.649072e-03
6.609451e+00 3.967448e-01 -1.213780e-03
6.609451e+00 5.552783e-01 -1.088622e-03
6.609451e+00 7.774819e-01 -9.842694e-04
6.609451e+00 1.088445e+00 -8.436706e-04
6.609451e+00 1.523711e+00 -8.410513e-04
6.609451e+00 2.088426e+00 -9.067951e-04
6.609451e+00 2.685505e+00 -9.305181e-04
6.761640e+00 1.570796e-02 -6.924037e-04
6.761640e+00 2.346256e-02 -1.185380e-03
6.761640e+00 3.503514e-02 -1.820137e-03
6.761640e+00 5.263151e-02 -2.895285e-03
6.761640e+00 7.314235e-02 -4.579000e-03
6.761640e+00 1.025928e-01 -3.372790e-03
6.761640e+00 1.448116e-01 -4.125238e-03
6.761640e+00 2.023460e-01 -4.184701e-03
6.761640e+00 2.834245e-01 -4.089408e-03
6.761640e+00 3.967448e-01 -3.399502e-03
6.761640e+00 5.552783e-01 -3.092615e-03
6.761640e+00 7.774819e-01 -2.654801e-03
6.761640e+00 1.088445e+00 -2.296299e-03
6.761640e+00 1.523711e+00 -2.272861e-03
6.761640e+00 2.088426e+00 -2.416980e-03
6.761640e+00 2.685505e+00 -2.416542e-03
6.916873e+00 1.570796e-02 -7.584500e-04
6.916873e+00 2.346256e-02 -1.778218e-03
6.916873e+00 3.503514e-02 -3.232204e-03
6.916873e+00 5.263151e-02 -4.813611e-03
6.916873e+00 7.314235e-02 -7.878095e-03
6.916873e+00 1.025928e-01 -6.745522e-03
6.916873e+00 1.448116e-01 -7.797278e-03
6.916873e+00 2.023460e-01 -8.127758e-03
6.916873e+00 2.834245e-01 -7.854298e-03
6.916873e+00 3.967448e-01 -6.797140e-03
6.916873e+00 5.552783e-01 -6.098424e-03
6.916873e+00 7.774819e-01 -5.259762e-03
6.916873e+00 1.088445e+00 -4.514812e-03
6.916873e+00 1.523711e+00 -4.343419e-03
6.916873e+00 2.088426e+00 -4.590111e-03
6.916873e+00 2.685505e+00 -4.611976e-03
7.075210e+00 1.570796e-02 -8.021298e-04
7.075210e+00 2.346256e-02 -2.111045e-03
7.075210e+00 3.503514e-02 -4.136963e-03
7.075210e+00 5.263151e-02 -6.492840e-03
7.075210e+00 7.314235e-02 -1.090482e-02
7.075210e+00 1.025928e-01 -1.075815e-02
7.075210e+00 1.448116e-01 -1.290001e-02
7.075210e+00 2.023460e-01 -1.327407e-02
7.075210e+00 2.834245e-01 -1.305512e-02
7.075210e+00 3.967448e-01 -1.123386e-02
7.075210e+00 5.552783e-01 -1.016666e-02
7.075210e+00 7.774819e-01 -8.740207e-03
7.075210e+00 1.088445e+00 -7.472476e-03
7.075210e+00 1.523711e+00 -7.053448e-03
7.075210e+00 2.088426e+00 -7.439841e-03
7.075210e+00 2.685505e+00 -7.366329e-03
7.236714e+00 1.570796e-02 -8.212778e-04
7.236714e+00 2.346256e-02 -2.076515e-03
7.236714e+00 3.503514e-02 -4.468908e-03
7.236714e+00 5.263151e-02 -7.685602e-03
7.236714e+00 7.314235e-02 -1.310942e-02
7.236714e+00 1.025928e-01 -1.452368e-02
7.236714e+00 1.448116e-01 -1.769989e-02
7.236714e+00 2.023460e-01 -1.844731e-02
7.236714e+00 2.834245e-01 -1.825994e-02
7.236714e+00 3.967448e-01 -1.626516e-02
7.236714e+00 5.552783e-01 -1.476706e-02
7.236714e+00 7.774819e-01 -1.264075e-02
7.236714e+00 1.088445e+00 -1.078174e-02
7.236714e+00 1.523711e+00 -1.001501e-02
7.236714e+00 2.088426e+00 -1.039970e-02
7.236714e+00 2.685505e+00 -1.016345e-02
7.401449e+00 1.570796e-02 -8.151674e-04
7.401449e+00 2.346256e-02 -1.935635e-03
7.401449e+00 3.503514e-02 -4.366910e-03
7.401449e+00 5.263151e-02 -7.876478e-03
7.401449e+00 7.314235e-02 -1.419973e-02
7.401449e+00 1.025928e-01 -1.712923e-02
7.401449e+00 1.448116e-01 -2.224504e-02
7.401449e+00 2.023460e-01 -2.323731e-02
7.401449e+00 2.834245e-01 -2.325858e-02
7.401449e+00 3.967448e-01 -2.130294e-02
7.401449e+00 5.552783e-01 -1.929858e-02
7.401449e+00 7.774819e-01 -1.666307e-02
7.401449e+00 1.088445e+00 -1.410976e-02
7.401449e+00 1.523711e+00 -1.305339e-02
7.401449e+00 2.088426e+00 -1.332496e-02
7.401449e+00 2.685505e+00 -1.290082e-02
7.569477e+00 1.570796e-02 -7.431059e-04
7.569477e+00 2.346256e-02 -1.805399e-03
7.569477e+00 3.503514e-02 -4.029923e-03
7.569477e+00 5.263151e-02 -7.611294e-03
7.569477e+00 7.314235e-02 -1.426979e-02
7.569477e+00 1.025928e-01 -1.848161e-02
7.569477e+00 1.448116e-01 -2.489305e-02
7.569477e+00 2.023460e-01 -2.695194e-02
7.569477e+00 2.834245e-01 -2.746574e-02
7.569477e+00 3.967448e-01 -2.571040e-02
7.569477e+00 5.552783e-01 -2.344977e-02
7.569477e+00 7.774819e-01 -2.022640e-02
7.569477e+00 1.088445e+00 -1.719018e-02
7.569477e+00 1.523711e+00 -1.575373e-02
7.569477e+00 2.088426e+00 -1.582142e-02
7.569477e+00 2.685505e+00 -1.512404e-02
7.740867e+00 1.570796e-02 -6.530603e-04
7.740867e+00 2.346256e-02 -1.619661e-03
7.740867e+00 3.503514e-02 -3.706664e-03
7.740867e+00 5.263151e-02 -7.141138e-03
7.740867e+00 7.314235e-02 -1.364770e-02
7.740867e+00 1.025928e-01 -1.870872e-02
7.740867e+00 1.448116e-01 -2.612743e-02
7.740867e+00 2.023460e-01 -2.926694e-02
7.740867e+00 2.834245e-01 -3.046342e-02
7.740867e+00 3.967448e-01 -2.911919e-02
7.740867e+00 5.552783e-01 -2.689191e-02
7.740867e+00 7.774819e-01 -2.327061e-02
7.740867e+00 1.088445e+00 -1.980419e-02
7.740867e+00 1.523711e+00 -1.799095e-02
7.740867e+00 2.088426e+00 -1.791702e-02
7.740867e+00 2.685505e+00 -1.694867e-02
7.915684e+00 1.570796e-02 -5.796474e-04
7.915684e+00 2.346256e-02 -1.471907e-03
7.915684e+00 3.503514e-02 -3.272043e-03
7.915684e+00 5.263151e-02 -6.469757e-03
7.915684e+00 7.314235e-02 -1.261013e-02
7.915684e+00 1.025928e-01 -1.800758e-02
7.915684e+00 1.448116e-01 -2.613861e-02
7.915684e+00 2.023460e-01 -3.025253e-02
7.915684e+00 2.834245e-01 -3.229620e-02
7.915684e+00 3.967448e-01 -3.165195e-02
7.915684e+00 5.552783e-01 -2.953701e-02
7.915684e+00 7.774819e-01 -2.583093e-02
7.915684e+00 1.088445e+00 -2.195064e-02
7.915684e+00 1.523711e+00 -1.983397e-02
7.915684e+00 2.088426e+00 -1.958570e-02
7.915684e+00 2.685505e+00 -1.840032e-02
8.093998e+00 1.570796e-02 -5.193523e-04
8.093998e+00 2.346256e-02 -1.324153e-03
8.093998e+00 3.503514e-02 -2.818897e-03
8.093998e+00 5.263151e-02 -5.779585e-03
8.093998e+00 7.314235e-02 -1.145564e-02
8.093998e+00 1.025928e-01 -1.677067e-02
8.093998e+00 1.448116e-01 -2.527114e-02
8.093998e+00 2.023460e-01 -3.015417e-02
8.093998e+00 2.834245e-01 -3.312484e-02
8.093998e+00 3.967448e-01 -3.321027e-02
8.093998e+00 5.552783e-01 -3.139610e-02
8.093998e+00 7.774819e-01 -2.777372e-02
8.093998e+00 1.088445e+00 -2.367725e-02
8.093998e+00 1.523711e+00 -2.129258e-02
8.093998e+00 2.088426e+00 -2.088648e-02
8.093998e+00 2.685505e+00 -1.945317e-02
8.275878e+00 1.570796e-02 -4.638760e-04
8.275878e+00 2.346256e-02 -1.183186e-03
8.275878e+00 3.503514e-02 -2.431475e-03
8.275878e+00 5.263151e-02 -5.132389e-03
8.275878e+00 7.314235e-02 -1.023266e-02
8.275878e+00 1.025928e-01 -1.534465e-02
8.275878e+00 1.448116e-01 -2.372718e-02
8.275878e+00 2.023460e-01 -2.922788e-02
8.275878e+00 2.834245e-01 -3.303805e-02
8.275878e+00 3.967448e-01 -3.386066e-02
8.275878e+00 5.552783e-01 -3.254907e-02
8.275878e+00 7.774819e-01 -2.906925e-02
8.275878e+00 1.088445e+00 -2.497112e-02
8.275878e+00 1.523711e+00 -2.239161e-02
8.275878e+00 2.088426e+00 -2.183417e-02
8.275878e+00 2.685505e+00 -2.020828e-02
8.461396e+00 1.570796e-02 -4.095391e-04
8.461396e+00 2.346256e-02 -1.063767e-03
8.461396e+00 3.503514e-02 -2.141536e-03
8.461396e+00 5.263151e-02 -4.528819e-03
8.461396e+00 7.314235e-02 -9.048490e-03
8.461396e+00 1.025928e-01 -1.373304e-02
8.461396e+00 1.448116e-01 -2.168911e-02
8.461396e+00 2.023460e-01 -2.757898e-02
8.461396e+00 2.834245e-01 -3.216176e-02
8.461396e+00 3.967448e-01 -3.379962e-02
8.461396e+00 5.552783e-01 -3.303403e-02
8.461396e+00 7.774819e-01 -2.986740e-02
8.461396e+00 1.088445e+00 -2.582221e-02
8.461396e+00 1.523711e+00 -2.318825e-02
8.461396e+00 2.088426e+00 -2.257424e-02
8.461396e+00 2.685505e+00 -2.068569e-02
8.650623e+00 1.570796e-02 -3.530197e-04
8.650623e+00 2.346256e-02 -9.442272e-04
8.650623e+00 3.503514e-02 -1.885295e-03
8.650623e+00 5.263151e-02 -3.981967e-03
8.650623e+00 7.314235e-02 -7.964153e-03
8.650623e+00 1.025928e-01 -1.212036e-02
8.650623e+00 1.448116e-01 -1.951219e-02
8.650623e+00 2.023460e-01 -2.557709e-02
8.650623e+00 2.834245e-01 -3.071811e-02
8.650623e+00 3.967448e-01 -3.307780e-02
8.650623e+00 5.552783e-01 -3.289364e-02
8.650623e+00 7.774819e-01 -3.015596e-02
8.650623e+00 1.088445e+00 -2.627918e-02
8.650623e+00 1.523711e+00 -2.368989e-02
8.650623e+00 2.088426e+00 -2.299763e-02
8.650623e+00 2.685505e+00 -2.095613e-02
8.843636e+00 1.570796e-02 -3.012015e-04
8.843636e+00 2.346256e-02 -8.425253e-04
8.843636e+00 3.503514e-02 -1.645257e-03
8.843636e+00 5.263151e-02 -3.486252e-03
8.843636e+00 7.314235e-02 -6.977829e-03
8.843636e+00 1.025928e-01 -1.063935e-02
8.843636e+00 1.448116e-01 -1.738653e-02
8.843636e+00 2.023460e-01 -2.334626e-02
8.843636e+00 2.834245e-01 -2.885819e-02
8.843636e+00 3.967448e-01 -3.180960e-02
8.843636e+00 5.552783e-01 -3.219283e-02
8.843636e+00 7.774819e-01 -2.992615e-02
8.843636e+00 1.088445e+00 -2.633818e-02
8.843636e+00 1.523711e+00 -2.385880e-02
8.843636e+00 2.088426e+00 -2.313189e-02
8.843636e+00 2.685505e+00 -2.099096e-02
9.040509e+00 1.570796e-02 -2.570987e-04
9.040509e+00 2.346256e-02 -7.445900e-04
9.040509e+00 3.503514e-02 -1.447387e-03
9.040509e+00 5.263151e-02 -3.037637e-03
9.040509e+00 7.314235e-02 -6.088871e-03
9.040509e+00 1.025928e-01 -9.273385e-03
9.040509e+00 1.448116e-01 -1.534217e-02
9.040509e+00 2.023460e-01 -2.106832e-02
9.040509e+00 2.834245e-01 -2.669089e-02
9.040509e+00 3.967448e-01 -3.009732e-02
9.040509e+00 5.552783e-01 -3.103797e-02
9.040509e+00 7.774819e-01 -2.930333e-02
9.040509e+00 1.088445e+00 -2.606695e-02
9.040509e+00 1.523711e+00 -2.376304e-02
9.040509e+00 2.088426e+00 -2.309883e-02
9.040509e+00 2.685505e+00 -2.089413e-02
9.241319e+00 1.570796e-02 -2.226554e-04
9.241319e+00 2.346256e-02 -6.539950e-04
9.241319e+00 3.503514e-02 -1.267056e-03
9.241319e+00 5.263151e-02 -2.645485e-03
9.241319e+00 7.314235e-02 -5.298690e-03
9.241319e+00 1.025928e-01 -8.080664e-03
9.241319e+00 1.448116e-01 -1.345704e-02
9.241319e+00 2.023460e-01 -1.882540e-02
9.241319e+00 2.834245e-01 -2.435000e-02
9.241319e+00 3.967448e-01 -2.808579e-02
9.241319e+00 5.552783e-01 -2.950924e-02
9.241319e+00 7.774819e-01 -2.830658e-02
9.241319e+00 1.088445e+00 -2.550322e-02
9.241319e+00 1.523711e+00 -2.346211e-02
9.241319e+00 2.088426e+00 -2.286291e-02
9.241319e+00 2.685505e+00 -2.061546e-02
9.446145e+00 1.570796e-02 -1.932630e-04
9.446145e+00 2.346256e-02 -5.728355e-04
9.446145e+00 3.503514e-02 -1.109579e-03
9.446145e+00 5.263151e-02 -2.300366e-03
9.446145e+00 7.314235e-02 -4.601893e-03
9.446145e+00 1.025928e-01 -7.046503e-03
9.446145e+00 1.448116e-01 -1.176020e-02
9.446145e+00 2.023460e-01 -1.664094e-02
9.446145e+00 2.834245e-01 -2.194435e-02
9.446145e+00 3.967448e-01 -2.584258e-02
9.446145e+00 5.552783e-01 -2.768909e-02
9.446145e+00 7.774819e-01 -2.698586e-02
9.446145e+00 1.088445e+00 -2.470085e-02
9.446145e+00 1.523711e+00 -2.293819e-02
9.446145e+00 2.088426e+00 -2.242656e-02
9.446145e+00 2.685505e+00 -2.019219e-02
9.655068e+00 1.570796e-02 -1.670712e-04
9.655068e+00 2.346256e-02 -4.967887e-04
9.655068e+00 3.503514e-02 -9.698469e-04
9.655068e+00 5.263151e-02 -1.995765e-03
9.655068e+00 7.314235e-02 -3.997431e-03
9.655068e+00 1.025928e-01 -6.145903e-03
9.655068e+00 1.448116e-01 -1.023890e-02
9.655068e+00 2.023460e-01 -1.459986e-02
9.655068e+00 2.834245e-01 -1.955830e-02
9.655068e+00 3.967448e-01 -2.347961e-02
9.655068e+00 5.552783e-01 -2.568538e-02
9.655068e+00 7.774819e-01 -2.545290e-02
9.655068e+00 1.088445e+00 -2.367251e-02
9.655068e+00 1.523711e+00 -2.222726e-02
9.655068e+00 2.088426e+00 -2.178082e-02
9.655068e+00 2.685505e+00 -1.952966e-02
9.868170e+00 1.570796e-02 -1.463339e-04
9.868170e+00 2.346256e-02 -4.290653e-04
9.868170e+00 3.503514e-02 -8.471791e-04
9.868170e+00 5.263151e-02 -1.723073e-03
9.868170e+00 7.314235e-02 -3.461163e-03
9.868170e+00 1.025928e-01 -5.329515e-03
9.868170e+00 1.448116e-01 -8.874431e-03
9.868170e+00 2.023460e-01 -1.271832e-02
9.868170e+00 2.834245e-01 -1.727661e-02
9.868170e+00 3.967448e-01 -2.112332e-02
9.868170e+00 5.552783e-01 -2.352665e-02
9.868170e+00 7.774819e-01 -2.376821e-02
9.868170e+00 1.088445e+00 -2.246894e-02
9.868170e+00 1.523711e+00 -2.134237e-02
9.868170e+00 2.088426e+00 -2.102108e-02
9.868170e+00 2.685505e+00 -1.871110e-02
1.008553e+01 1.570796e-02 -1.271678e-04
1.008553e+01 2.346256e-02 -3.687792e-04
1.008553e+01 3.503514e-02 -7.364167e-04
1.008553e+01 5.263151e-02 -1.482642e-03
1.008553e+01 7.314235e-02 -2.981373e-03
1.008553e+01 1.025928e-01 -4.596750e-03
1.008553e+01 1.448116e-01 -7.656503e-03
1.008553e+01 2.023460e-01 -1.101325e-02
1.008553e+01 2.834245e-01 -1.514805e-02
1.008553e+01 3.967448e-01 -1.882563e-02
1.008553e+01 5.552783e-01 -2.134608e-02
1.008553e+01 7.774819e-01 -2.194603e-02
1.008553e+01 1.088445e+00 -2.111532e-02
1.008553e+01 1.523711e+00 -2.034046e-02
1.008553e+01 2.088426e+00 -2.010591e-02
1.008553e+01 2.685505e+00 -1.786617e-02
1.030724e+01 1.570796e-02 -1.114430e-04
1.030724e+01 2.346256e-02 -3.143259e-04
1.030724e+01 3.503514e-02 -6.329646e-04
1.030724e+01 5.263151e-02 -1.276179e-03
1.030724e+01 7.314235e-02 -2.562341e-03
1.030724e+01 1.025928e-01 -3.943265e-03
1.030724e+01 1.448116e-01 -6.570965e-03
1.030724e+01 2.023460e-01 -9.476138e-03
1.030724e+01 2.834245e-01 -1.320182e-02
1.030724e+01 3.967448e-01 -1.663637e-02
1.030724e+01 5.552783e-01 -1.920298e-02
1.030724e+01 7.774819e-01 -2.010728e-02
1.030724e+01 1.088445e+00 -1.968224e-02
1.030724e+01 1.523711e+00 -1.921134e-02
1.030724e+01 2.088426e+00 -1.913748e-02
1.030724e+01 2.685505e+00 -1.694376e-02
1.053339e+01 1.570796e-02 -9.615215e-05
1.053339e+01 2.346256e-02 -2.655654e-04
1.053339e+01 3.503514e-02 -5.429028e-04
1.053339e+01 5.263151e-02 -1.092907e-03
1.053339e+01 7.314235e-02 -2.196221e-03
1.053339e+01 1.025928e-01 -3.375872e-03
1.053339e+01 1.448116e-01 -5.623134e-03
1.053339e+01 2.023460e-01 -8.134709e-03
1.053339e+01 2.834245e-01 -1.142115e-02
1.053339e+01 3.967448e-01 -1.460230e-02
1.053339e+01 5.552783e-01 -1.712670e-02
1.053339e+01 7.774819e-01 -1.825686e-02
1.053339e+01 1.088445e+00 -1.820076e-02
1.053339e+01 1.523711e+00 -1.804981e-02
1.053339e+01 2.088426e+00 -1.812897e-02
1.053339e+01 2.685505e+00 -1.596733e-02
1.076406e+01 1.570796e-02 -8.272975e-05
1.076406e+01 2.346256e-02 -2.233435e-04
1.076406e+01 3.503514e-02 -4.647315e-04
1.076406e+01 5.263151e-02 -9.324633e-04
1.076406e+01 7.314235e-02 -1.871417e-03
1.076406e+01 1.025928e-01 -2.879953e-03
1.076406e+01 1.448116e-01 -4.786232e-03
1.076406e+01 2.023460e-01 -6.961812e-03
1.076406e+01 2.834245e-01 -9.814787e-03
1.076406e+01 3.967448e-01 -1.270416e-02
1.076406e+01 5.552783e-01 -1.513305e-02
1.076406e+01 7.774819e-01 -1.642376e-02
1.076406e+01 1.088445e+00 -1.665560e-02
1.076406e+01 1.523711e+00 -1.678255e-02
1.076406e+01 2.088426e+00 -1.701284e-02
1.076406e+01 2.685505e+00 -1.489170e-02
1.099934e+01 1.570796e-02 -7.066258e-05
1.099934e+01 2.346256e-02 -1.880173e-04
1.099934e+01 3.503514e-02 -3.961539e-04
1.099934e+01 5.263151e-02 -7.928543e-04
1.099934e+01 7.314235e-02 -1.588089e-03
1.099934e+01 1.025928e-01 -2.450831e-03
1.099934e+01 1.448116e-01 -4.057042e-03
1.099934e+01 2.023460e-01 -5.932778e-03
1.099934e+01 2.834245e-01 -8.401257e-03
1.099934e+01 3.967448e-01 -1.097809e-02
1.099934e+01 5.552783e-01 -1.325135e-02
1.099934e+01 7.774819e-01 -1.464920e-02
1.099934e+01 1.088445e+00 -1.509021e-02
1.099934e+01 1.523711e+00 -1.544160e-02
1.099934e+01 2.088426e+00 -1.575229e-02
1.099934e+01 2.685505e+00 -1.374456e-02
1.123932e+01 1.570796e-02 -5.996289e-05
1.123932e+01 2.346256e-02 -1.575907e-04
1.123932e+01 3.503514e-02 -3.344641e-04
1.123932e+01 5.263151e-02 -6.709771e-04
1.123932e+01 7.314235e-02 -1.342469e-03
1.123932e+01 1.025928e-01 -2.075080e-03
1.123932e+01 1.448116e-01 -3.428178e-03
1.123932e+01 2.023460e-01 -5.031325e-03
1.123932e+01 2.834245e-01 -7.144409e-03
1.123932e+01 3.967448e-01 -9.402591e-03
1.123932e+01 5.552783e-01 -1.150427e-02
1.123932e+01 7.774819e-01 -1.293151e-02
1.123932e+01 1.088445e+00 -1.356546e-02
1.123932e+01 1.523711e+00 -1.411304e-02
1.123932e+01 2.088426e+00 -1.450869e-02
1.123932e+01 2.685505e+00 -1.263055e-02
1.148411e+01 1.570796e-02 -5.042179e-05
1.148411e+01 2.346256e-02 -1.300918e-04
1.148411e+01 3.503514e-02 -2.800186e-04
1.148411e+01 5.263151e-02 -5.651935e-04
1.148411e+01 7.314235e-02 -1.129652e-03
1.148411e+01 1.025928e-01 -1.749119e-03
1.148411e+01 1.448116e-01 -2.882544e-03
1.148411e+01 2.023460e-01 -4.247654e-03
1.148411e+01 2.834245e-01 -6.045212e-03
1.148411e+01 3.967448e-01 -8.004506e-03
1.148411e+01 5.552783e-01 -9.913918e-03
1.148411e+01 7.774819e-01 -1.132294e-02
1.148411e+01 1.088445e+00 -1.209729e-02
1.148411e+01 1.523711e+00 -1.277291e-02
1.148411e+01 2.088426e+00 -1.324955e-02
1.148411e+01 2.685505e+00 -1.152545e-02
1.173379e+01 1.570796e-02 -4.223195e-05
1.173379e+01 2.346256e-02 -1.078789e-04
1.173379e+01 3.503514e-02 -2.338485e-04
1.173379e+01 5.263151e-02 -4.740790e-04
1.173379e+01 7.314235e-02 -9.445686e-04
1.173379e+01 1.025928e-01 -1.466349e-03
1.173379e+01 1.448116e-01 -2.418386e-03
1.173379e+01 2.023460e-01 -3.564072e-03
1.173379e+01 2.834245e-01 -5.089701e-03
1.173379e+01 3.967448e-01 -6.773485e-03
1.173379e+01 5.552783e-01 -8.462332e-03
1.173379e+01 7.774819e-01 -9.848524e-03
1.173379e+01 1.088445e+00 -1.071757e-02
1.173379e+01 1.523711e+00 -1.148218e-02
1.173379e+01 2.088426e+00 -1.202163e-02
1.173379e+01 2.685505e+00 -1.048463e-02
1.198847e+01 1.570796e-02 -3.551458e-05
1.198847e+01 2.346256e-02 -8.945277e-05
1.198847e+01 3.503514e-02 -1.951008e-04
1.198847e+01 5.263151e-02 -3.951454e-04
1.198847e+01 7.314235e-02 -7.903392e-04
1.198847e+01 1.025928e-01 -1.222843e-03
1.198847e+01 1.448116e-01 -2.012378e-03
1.198847e+01 2.023460e-01 -2.979708e-03
1.198847e+01 2.834245e-01 -4.252927e-03
1.198847e+01 3.967448e-01 -5.691880e-03
1.198847e+01 5.552783e-01 -7.178247e-03
1.198847e+01 7.774819e-01 -8.504414e-03
1.198847e+01 1.088445e+00 -9.408169e-03
1.198847e+01 1.523711e+00 -1.024832e-02
1.198847e+01 2.088426e+00 -1.082436e-02
1.198847e+01 2.685505e+00 -9.488501e-03
1.224824e+01 1.570796e-02 -2.970866e-05
1.224824e+01 2.346256e-02 -7.303908e-05
1.224824e+01 3.503514e-02 -1.613911e-04
1.224824e+01 5.263151e-02 -3.273469e-04
1.224824e+01 7.314235e-02 -6.530756e-04
1.224824e+01 1.025928e-01 -1.010455e-03
1.224824e+01 1.448116e-01 -1.665838e-03
1.224824e+01 2.023460e-01 -2.469443e-03
1.224824e+01 2.834245e-01 -3.535748e-03
1.224824e+01 3.967448e-01 -4.754596e-03
1.224824e+01 5.552783e-01 -6.049227e-03
1.224824e+01 7.774819e-01 -7.277388e-03
1.224824e+01 1.088445e+00 -8.209118e-03
1.224824e+01 1.523711e+00 -9.078905e-03
1.224824e+01 2.088426e+00 -9.700086e-03
1.224824e+01 2.685505e+00 -8.509984e-03
1.251320e+01 1.570796e-02 -2.420472e-05
1.251320e+01 2.346256e-02 -6.007517e-05
1.251320e+01 3.503514e-02 -1.327385e-04
1.251320e+01 5.263151e-02 -2.696511e-04
1.251320e+01 7.314235e-02 -5.366166e-04
1.251320e+01 1.025928e-01 -8.324557e-04
1.251320e+01 1.448116e-01 -1.370784e-03
1.251320e+01 2.023460e-01 -2.039752e-03
1.251320e+01 2.834245e-01 -2.919228e-03
1.251320e+01 3.967448e-01 -3.938549e-03
1.251320e+01 5.552783e-01 -5.057450e-03
1.251320e+01 7.774819e-01 -6.179285e-03
1.251320e+01 1.088445e+00 -7.106520e-03
1.251320e+01 1.523711e+00 -7.996237e-03
1.251320e+01 2.088426e+00 -8.641605e-03
1.251320e+01 2.685505e+00 -7.606037e-03
1.278347e+01 1.570796e-02 -2.015582e-05
1.278347e+01 2.346256e-02 -4.884414e-05
1.278347e+01 3.503514e-02 -1.097278e-04
1.278347e+01 5.263151e-02 -2.206369e-04
1.278347e+01 7.314235e-02 -4.393920e-04
1.278347e+01 1.025928e-01 -6.825275e-04
1.278347e+01 1.448116e-01 -1.120694e-03
1.278347e+01 2.023460e-01 -1.669524e-03
1.278347e+01 2.834245e-01 -2.396787e-03
1.278347e+01 3.967448e-01 -3.245779e-03
1.278347e+01 5.552783e-01 -4.203560e-03
1.278347e+01 7.774819e-01 -5.210643e-03
1.278347e+01 1.088445e+00 -6.098735e-03
1.278347e+01 1.523711e+00 -6.992247e-03
1.278347e+01 2.088426e+00 -7.630255e-03
1.278347e+01 2.685505e+00 -6.812006e-03
1.305914e+01 1.570796e-02 -1.653655e-05
1.305914e+01 2.346256e-02 -3.973840e-05
1.305914e+01 3.503514e-02 -8.931331e-05
1.305914e+01 5.263151e-02 -1.809255e-04
1.305914e+01 7.314235e-02 -3.576408e-04
1.305914e+01 1.025928e-01 -5.549691e-04
1.305914e+01 1.448116e-01 -9.141401e-04
1.305914e+01 2.023460e-01 -1.364866e-03
1.305914e+01 2.834245e-01 -1.960139e-03
1.305914e+01 3.967448e-01 -2.663798e-03
1.305914e+01 5.552783e-01 -3.483165e-03
1.305914e+01 7.774819e-01 -4.382264e-03
1.305914e+01 1.088445e+00 -5.215617e-03
1.305914e+01 1.523711e+00 -6.091218e-03
1.305914e+01 2.088426e+00 -6.731260e-03
1.305914e+01 2.685505e+00 -6.038762e-03
1.334032e+01 1.570796e-02 -1.363091e-05
1.334032e+01 2.346256e-02 -3.162647e-05
1.334032e+01 3.503514e-02 -7.206984e-05
1.334032e+01 5.263151e-02 -1.456719e-04
1.334032e+01 7.314235e-02 -2.905574e-04
1.334032e+01 1.025928e-01 -4.489834e-04
1.334032e+01 1.448116e-01 -7.420123e-04
1.334032e+01 2.023460e-01 -1.109002e-03
1.334032e+01 2.834245e-01 -1.590644e-03
1.334032e+01 3.967448e-01 -2.174601e-03
1.334032e+01 5.552783e-01 -2.864338e-03
1.334032e+01 7.774819e-01 -3.646761e-03
1.334032e+01 1.088445e+00 -4.426370e-03
1.334032e+01 1.523711e+00 -5.249913e-03
1.334032e+01 2.088426e+00 -5.885079e-03
1.334032e+01 2.685505e+00 -5.337150e-03
1.362713e+01 1.570796e-02 -1.088903e-05
1.362713e+01 2.346256e-02 -2.516847e-05
1.362713e+01 3.503514e-02 -5.804197e-05
1.362713e+01 5.263151e-02 -1.173340e-04
1.362713e+01 7.314235e-02 -2.331019e-04
1.362713e+01 1.025928e-01 -3.612489e-04
1.362713e+01 1.448116e-01 -5.984082e-04
1.362713e+01 2.023460e-01 -8.977458e-04
1.362713e+01 2.834245e-01 -1.286424e-03
1.362713e+01 3.967448e-01 -1.759993e-03
1.362713e+01 5.552783e-01 -2.336164e-03
1.362713e+01 7.774819e-01 -3.009775e-03
1.362713e+01 1.088445e+00 -3.728318e-03
1.362713e+01 1.523711e+00 -4.490419e-03
1.362713e+01 2.088426e+00 -5.100974e-03
1.362713e+01 2.685505e+00 -4.672881e-03
1.391967e+01 1.570796e-02 -8.777391e-06
1.391967e+01 2.346256e-02 -2.002121e-05
1.391967e+01 3.503514e-02 -4.660929e-05
1.391967e+01 5.263151e-02 -9.416404e-05
1.391967e+01 7.314235e-02 -1.867453e-04
1.391967e+01 1.025928e-01 -2.902521e-04
1.391967e+01 1.448116e-01 -4.791567e-04
1.391967e+01 2.023460e-01 -7.205855e-04
1.391967e+01 2.834245e-01 -1.029729e-03
1.391967e+01 3.967448e-01 -1.420100e-03
1.391967e+01 5.552783e-01 -1.899121e-03
1.391967e+01 7.774819e-01 -2.476027e-03
1.391967e+01 1.088445e+00 -3.113129e-03
1.391967e+01 1.523711e+00 -3.822549e-03
1.391967e+01 2.088426e+00 -4.391857e-03
1.391967e+01 2.685505e+00 -4.083119e-03
1.421806e+01 1.570796e-02 -7.167996e-06
1.421806e+01 2.346256e-02 -1.564431e-05
1.421806e+01 3.503514e-02 -3.703725e-05
1.421806e+01 5.263151e-02 -7.515410e-05
1.421806e+01 7.314235e-02 -1.485407e-04
1.421806e+01 1.025928e-01 -2.318784e-04
1.421806e+01 1.448116e-01 -3.836413e-04
1.421806e+01 2.023460e-01 -5.765681e-04
1.421806e+01 2.834245e-01 -8.238780e-04
1.421806e+01 3.967448e-01 -1.141303e-03
1.421806e+01 5.552783e-01 -1.535233e-03
1.421806e+01 7.774819e-01 -2.024532e-03
1.421806e+01 1.088445e+00 -2.592190e-03
1.421806e+01 1.523711e+00 -3.236206e-03
1.421806e+01 2.088426e+00 -3.768544e-03
1.421806e+01 2.685505e+00 -3.533437e-03
1.452242e+01 1.570796e-02 -5.713868e-06
1.452242e+01 2.346256e-02 -1.238891e-05
1.452242e+01 3.503514e-02 -2.959723e-05
1.452242e+01 5.263151e-02 -5.892026e-05
1.452242e+01 7.314235e-02 -1.189376e-04
1.452242e+01 1.025928e-01 -1.843348e-04
1.452242e+01 1.448116e-01 -3.045403e-04
1.452242e+01 2.023460e-01 -4.582194e-04
1.452242e+01 2.834245e-01 -6.540781e-04
1.452242e+01 3.967448e-01 -9.083240e-04
1.452242e+01 5.552783e-01 -1.234758e-03
1.452242e+01 7.774819e-01 -1.642810e-03
1.452242e+01 1.088445e+00 -2.136653e-03
1.452242e+01 1.523711e+00 -2.715614e-03
1.452242e+01 2.088426e+00 -3.195884e-03
1.452242e+01 2.685505e+00 -2.994190e-03
1.483287e+01 1.570796e-02 -4.533964e-06
1.483287e+01 2.346256e-02 -9.708220e-06
1.483287e+01 3.503514e-02 -2.355032e-05
1.483287e+01 5.263151e-02 -4.568155e-05
1.483287e+01 7.314235e-02 -9.363724e-05
1.483287e+01 1.025928e-01 -1.450473e-04
1.483287e+01 1.448116e-01 -2.398189e-04
1.483287e+01 2.023460e-01 -3.611261e-04
1.483287e+01 2.834245e-01 -5.157680e-04
1.483287e+01 3.967448e-01 -7.199284e-04
1.483287e+01 5.552783e-01 -9.837990e-04
1.483287e+01 7.774819e-01 -1.322443e-03
1.483287e+01 1.088445e+00 -1.751257e-03
1.483287e+01 1.523711e+00 -2.257874e-03
1.483287e+01 2.088426e+00 -2.692526e-03
1.483287e+01 2.685505e+00 -2.553024e-03
1.514953e+01 1.570796e-02 -3.518131e-06
1.514953e+01 2.346256e-02 -7.648541e-06
1.514953e+01 3.503514e-02 -1.853817e-05
1.514953e+01 5.263151e-02 -3.572185e-05
1.514953e+01 7.314235e-02 -7.255497e-05
1.514953e+01 1.025928e-01 -1.128545e-04
1.514953e+01 1.448116e-01 -1.886843e-04
1.514953e+01 2.023460e-01 -2.840377e-04
1.514953e+01 2.834245e-01 -4.065233e-04
1.514953e+01 3.967448e-01 -5.679754e-04
1.514953e+01 5.552783e-01 -7.793556e-04
1.514953e+01 7.774819e-01 -1.060931e-03
1.514953e+01 1.088445e+00 -1.426098e-03
1.514953e+01 1.523711e+00 -1.868685e-03
1.514953e+01 2.088426e+00 -2.258606e-03
1.514953e+01 2.685505e+00 -2.147596e-03
1.547252e+01 1.570796e-02 -2.849727e-06
1.547252e+01 2.346256e-02 -6.060388e-06
1.547252e+01 3.503514e-02 -1.473044e-05
1.547252e+01 5.263151e-02 -2.794633e-05
1.547252e+01 7.314235e-02 -5.692561e-05
1.547252e+01 1.025928e-01 -8.766885e-05
1.547252e+01 1.448116e-01 -1.482991e-04
1.547252e+01 2.023460e-01 -2.220706e-04
1.547252e+01 2.834245e-01 -3.181017e-04
1.547252e+01 3.967448e-01 -4.456997e-04
1.547252e+01 5.552783e-01 -6.162938e-04
1.547252e+01 7.774819e-01 -8.454074e-04
1.547252e+01 1.088445e+00 -1.153848e-03
1.547252e+01 1.523711e+00 -1.536240e-03
1.547252e+01 2.088426e+00 -1.869924e-03
1.547252e+01 2.685505e+00 -1.786671e-03
1.580197e+01 1.570796e-02 -2.235714e-06
1.580197e+01 2.346256e-02 -4.555425e-06
1.580197e+01 3.503514e-02 -1.138143e-05
1.580197e+01 5.263151e-02 -2.157041e-05
1.580197e+01 7.314235e-02 -4.402270e-05
1.580197e+01 1.025928e-01 -6.818470e-05
1.580197e+01 1.448116e-01 -1.146517e-04
1.580197e+01 2.023460e-01 -1.718150e-04
1.580197e+01 2.834245e-01 -2.475264e-04
1.580197e+01 3.967448e-01 -3.471804e-04
1.580197e+01 5.552783e-01 -4.823302e-04
1.580197e+01 7.774819e-01 -6.692891e-04
1.580197e+01 1.088445e+00 -9.244515e-04
1.580197e+01 1.523711e+00 -1.248423e-03
1.580197e+01 2.088426e+00 -1.537708e-03
1.580197e+01 2.685505e+00 -1.483782e-03
1.613801e+01 1.570796e-02 -1.806287e-06
1.613801e+01 2.346256e-02 -3.419741e-06
1.613801e+01 3.503514e-02 -8.790163e-06
1.613801e+01 5.263151e-02 -1.664103e-05
1.613801e+01 7.314235e-02 -3.354617e-05
1.613801e+01 1.025928e-01 -5.240846e-05
1.613801e+01 1.448116e-01 -8.809866e-05
1.613801e+01 2.023460e-01 -1.326525e-04
1.613801e+01 2.834245e-01 -1.910857e-04
1.613801e+01 3.967448e-01 -2.698683e-04
1.613801e+01 5.552783e-01 -3.765382e-04
1.613801e+01 7.774819e-01 -5.288458e-04
1.613801e+01 1.088445e+00 -7.344413e-04
1.613801e+01 1.523711e+00 -1.001339e-03
1.613801e+01 2.088426e+00 -1.247012e-03
1.613801e+01 2.685505e+00 -1.214934e-03
1.648077e+01 1.570796e-02 -1.431832e-06
1.648077e+01 2.346256e-02 -2.426516e-06
1.648077e+01 3.503514e-02 -6.730884e-06
1.648077e+01 5.263151e-02 -1.287871e-05
1.648077e+01 7.314235e-02 -2.587218e-05
1.648077e+01 1.025928e-01 -3.956497e-05
1.648077e+01 1.448116e-01 -6.688747e-05
1.648077e+01 2.023460e-01 -1.011459e-04
1.648077e+01 2.834245e-01 -1.462522e-04
1.648077e+01 3.967448e-01 -2.063564e-04
1.648077e+01 5.552783e-01 -2.910430e-04
1.648077e+01 7.774819e-01 -4.143857e-04
1.648077e+01 1.088445e+00 -5.783901e-04
1.648077e+01 1.523711e+00 -7.990777e-04
1.648077e+01 2.088426e+00 -9.981714e-04
1.648077e+01 2.685505e+00 -9.613123e-04
1.683038e+01 1.570796e-02 -1.108319e-06
1.683038e+01 2.346256e-02 -1.816849e-06
1.683038e+01 3.503514e-02 -5.179062e-06
1.683038e+01 5.263151e-02 -9.939879e-06
1.683038e+01 7.314235e-02 -1.924674e-05
1.683038e+01 1.025928e-01 -2.974361e-05
1.683038e+01 1.448116e-01 -5.017585e-05
1.683038e+01 2.023460e-01 -7.667730e-05
1.683038e+01 2.834245e-01 -1.103359e-04
1.683038e+01 3.967448e-01 -1.553976e-04
1.683038e+01 5.552783e-01 -2.212104e-04
1.683038e+01 7.774819e-01 -3.189452e-04
1.683038e+01 1.088445e+00 -4.496054e-04
1.683038e+01 1.523711e+00 -6.282732e-04
1.683038e+01 2.088426e+00 -7.927640e-04
1.683038e+01 2.685505e+00 -7.617130e-04
1.718699e+01 1.570796e-02 -8.195170e-07
1.718699e+01 2.346256e-02 -1.316337e-06
1.718699e+01 3.503514e-02 -3.858838e-06
1.718699e+01 5.263151e-02 -7.391384e-06
1.718699e+01 7.314235e-02 -1.446068e-05
1.718699e+01 1.025928e-01 -2.227422e-05
1.718699e+01 1.448116e-01 -3.770359e-05
1.718699e+01 2.023460e-01 -5.728838e-05
1.718699e+01 2.834245e-01 -8.249975e-05
1.718699e+01 3.967448e-01 -1.170965e-04
1.718699e+01 5.552783e-01 -1.680250e-04
1.718699e+01 7.774819e-01 -2.452516e-04
1.718699e+01 1.088445e+00 -3.460655e-04
1.718699e+01 1.523711e+00 -4.867242e-04
1.718699e+01 2.088426e+00 -6.155015e-04
1.718699e+01 2.685505e+00 -5.892142e-04
1.755073e+01 1.570796e-02 -6.306345e-07
1.755073e+01 2.346256e-02 -9.601244e-07
1.755073e+01 3.503514e-02 -2.769503e-06
1.755073e+01 5.263151e-02 -5.455778e-06
1.755073e+01 7.314235e-02 -1.063514e-05
1.755073e+01 1.025928e-01 -1.618402e-05
1.755073e+01 1.448116e-01 -2.766004e-05
1.755073e+01 2.023460e-01 -4.238431e-05
1.755073e+01 2.834245e-01 -6.039099e-05
1.755073e+01 3.967448e-01 -8.658044e-05
1.755073e+01 5.552783e-01 -1.246459e-04
1.755073e+01 7.774819e-01 -1.832121e-04
1.755073e+01 1.088445e+00 -2.605919e-04
1.755073e+01 1.523711e+00 -3.681060e-04
1.755073e+01 2.088426e+00 -4.684468e-04
1.755073e+01 2.685505e+00 -4.502417e-04
1.792175e+01 1.570796e-02 -4.737080e-07
1.792175e+01 2.346256e-02 -6.684136e-07
1.792175e+01 3.503514e-02 -1.994266e-06
1.792175e+01 5.263151e-02 -3.981981e-06
1.792175e+01 7.314235e-02 -7.661232e-06
1.792175e+01 1.025928e-01 -1.174065e-05
1.792175e+01 1.448116e-01 -1.991689e-05
1.792175e+01 2.023460e-01 -3.084681e-05
1.792175e+01 2.834245e-01 -4.395120e-05
1.792175e+01 3.967448e-01 -6.314803e-05
1.792175e+01 5.552783e-01 -9.107176e-05
1.792175e+01 7.774819e-01 -1.359759e-04
1.792175e+01 1.088445e+00 -1.931289e-04
1.792175e+01 1.523711e+00 -2.742583e-04
1.792175e+01 2.088426e+00 -3.506724e-04
1.792175e+01 2.685505e+00 -3.353168e-04
1.830018e+01 1.570796e-02 -3.265325e-07
1.830018e+01 2.346256e-02 -4.884499e-07
1.830018e+01 3.503514e-02 -1.375019e-06
1.830018e+01 5.263151e-02 -2.879051e-06
1.830018e+01 7.314235e-02 -5.453154e-06
1.830018e+01 1.025928e-01 -8.183418e-06
1.830018e+01 1.448116e-01 -1.434193e-05
1.830018e+01 2.023460e-01 -2.194430e-05
1.830018e+01 2.834245e-01 -3.119976e-05
1.830018e+01 3.967448e-01 -4.535409e-05
1.830018e+01 5.552783e-01 -6.602522e-05
1.830018e+01 7.774819e-01 -9.834208e-05
1.830018e+01 1.088445e+00 -1.401196e-04
1.830018e+01 1.523711e+00 -1.992117e-04
1.830018e+01 2.088426e+00 -2.555069e-04
1.830018e+01 2.685505e+00 -2.442894e-04
1.868618e+01 1.570796e-02 -2.521384e-07
1.868618e+01 2.346256e-02 -2.978052e-07
1.868618e+01 3.503514e-02 -9.605363e-07
1.868618e+01 5.263151e-02 -1.976437e-06
1.868618e+01 7.314235e-02 -3.738444e-06
1.868618e+01 1.025928e-01 -5.587041e-06
1.868618e+01 1.448116e-01 -9.965768e-06
1.868618e+01 2.023460e-01 -1.540241e-05
1.868618e+01 2.834245e-01 -2.178510e-05
1.868618e+01 3.967448e-01 -3.168562e-05
1.868618e+01 5.552783e-01 -4.680632e-05
1.868618e+01 7.774819e-01 -7.027793e-05
1.868618e+01 1.088445e+00 -1.002551e-04
1.868618e+01 1.523711e+00 -1.421869e-04
1.868618e+01 2.088426e+00 -1.837845e-04
1.868618e+01 2.685505e+00 -1.747066e-04
1.907991e+01 1.570796e-02 -1.580498e-07
1.907991e+01 2.346256e-02 -2.025832e-07
1.907991e+01 3.503514e-02 -6.598054e-07
1.907991e+01 5.263151e-02 -1.289944e-06
1.907991e+01 7.314235e-02 -2.528143e-06
1.907991e+01 1.025928e-01 -3.727506e-06
1.907991e+01 1.448116e-01 -6.717977e-06
1.907991e+01 2.023460e-01 -1.047160e-05
1.907991e+01 2.834245e-01 -1.466024e-05
1.907991e+01 3.967448e-01 -2.184791e-05
1.907991e+01 5.552783e-01 -3.215721e-05
1.907991e+01 7.774819e-01 -4.877766e-05
1.907991e+01 1.088445e+00 -6.900411e-05
1.907991e+01 1.523711e+00 -9.912677e-05
1.907991e+01 2.088426e+00 -1.291490e-04
1.907991e+01 2.685505e+00 -1.244717e-04
1.948151e+01 1.570796e-02 -1.127128e-07
1.948151e+01 2.346256e-02 -1.149102e-07
1.948151e+01 3.503514e-02 -4.749061e-07
1.948151e+01 5.263151e-02 -8.554138e-07
1.948151e+01 7.314235e-02 -1.650268e-06
1.948151e+01 1.025928e-01 -2.491572e-06
1.948151e+01 1.448116e-01 -4.493730e-06
1.948151e+01 2.023460e-01 -6.946915e-06
1.948151e+01 2.834245e-01 -9.902568e-06
1.948151e+01 3.967448e-01 -1.474459e-05
1.948151e+01 5.552783e-01 -2.188550e-05
1.948151e+01 7.774819e-01 -3.319584e-05
1.948151e+01 1.088445e+00 -4.690217e-05
1.948151e+01 1.523711e+00 -6.711208e-05
1.948151e+01 2.088426e+00 -8.923780e-05
1.948151e+01 2.685505e+00 -8.717016e-05
1.989114e+01 1.570796e-02 -7.722708e-08
1.989114e+01 2.346256e-02 -6.716980e-08
1.989114e+01 3.503514e-02 -2.979563e-07
1.989114e+01 5.263151e-02 -5.394029e-07
1.989114e+01 7.314235e-02 -1.085920e-06
1.989114e+01 1.025928e-01 -1.653404e-06
1.989114e+01 1.448116e-01 -2.926913e-06
1.989114e+01 2.023460e-01 -4.522383e-06
1.989114e+01 2.834245e-01 -6.519911e-06
1.989114e+01 3.967448e-01 -9.773403e-06
1.989114e+01 5.552783e-01 -1.474558e-05
1.989114e+01 7.774819e-01 -2.230269e-05
1.989114e+01 1.088445e+00 -3.189879e-05
1.989114e+01 1.523711e+00 -4.512915e-05
1.989114e+01 2.088426e+00 -6.046788e-05
1.989114e+01 2.685505e+00 -6.045912e-05
2.030896e+01 1.570796e-02 -4.626833e-08
2.030896e+01 2.346256e-02 -3.714226e-08
2.030896e+01 3.503514e-02 -2.034873e-07
2.030896e+01 5.263151e-02 -3.235521e-07
2.030896e+01 7.314235e-02 -6.696626e-07
2.030896e+01 1.025928e-01 -1.049491e-06
2.030896e+01 1.448116e-01 -1.900661e-06
2.030896e+01 2.023460e-01 -2.941159e-06
2.030896e+01 2.834245e-01 -4.185359e-06
2.030896e+01 3.967448e-01 -6.388701e-06
2.030896e+01 5.552783e-01 -9.717004e-06
2.030896e+01 7.774819e-01 -1.477705e-05
2.030896e+01 1.088445e+00 -2.092775e-05
2.030896e+01 1.523711e+00 -3.007169e-05
2.030896e+01 2.088426e+00 -4.032572e-05
2.030896e+01 2.685505e+00 -3.995020e-05
2.073514e+01 1.570796e-02 -2.906875e-08
2.073514e+01 2.346256e-02 -2.038632e-08
2.073514e+01 3.503514e-02 -1.245359e-07
2.073514e+01 5.263151e-02 -2.157032e-07
2.073514e+01 7.314235e-02 -4.012698e-07
2.073514e+01 1.025928e-01 -6.424186e-07
2.073514e+01 1.448116e-01 -1.179921e-06
2.073514e+01 2.023460e-01 -1.873108e-06
2.073514e+01 2.834245e-01 -2.618999e-06
2.073514e+01 3.967448e-01 -3.989800e-06
2.073514e+01 5.552783e-01 -6.093839e-06
2.073514e+01 7.774819e-01 -9.409442e-06
2.073514e+01 1.088445e+00 -1.337519e-05
2.073514e+01 1.523711e+00 -1.957014e-05
2.073514e+01 2.088426e+00 -2.600556e-05
2.073514e+01 2.685505e+00 -2.507643e-05
2.116984e+01 1.570796e-02 -1.876364e-08
2.116984e+01 2.346256e-02 -1.019361e-08
2.116984e+01 3.503514e-02 -6.960387e-08
2.116984e+01 5.263151e-02 -1.262042e-07
2.116984e+01 7.314235e-02 -2.458062e-07
2.116984e+01 1.025928e-01 -3.834238e-07
2.116984e+01 1.448116e-01 -7.265764e-07
2.116984e+01 2.023460e-01 -1.157624e-06
2.116984e+01 2.834245e-01 -1.593452e-06
2.116984e+01 3.967448e-01 -2.465163e-06
2.116984e+01 5.552783e-01 -3.821030e-06
2.116984e+01 7.774819e-01 -5.855293e-06
2.116984e+01 1.088445e+00 -8.393703e-06
2.116984e+01 1.523711e+00 -1.248863e-05
2.116984e+01 2.088426e+00 -1.650809e-05
2.116984e+01 2.685505e+00 -1.586688e-05
2.161324e+01 1.570796e-02 4.675988e-10
2.161324e+01 2.346256e-02 1.190159e-09
2.161324e+01 3.503514e-02 2.404095e-09
2.161324e+01 5.263151e-02 4.927673e-09
2.161324e+01 7.314235e-02 1.031181e-08
2.161324e+01 1.025928e-01 1.535856e-08
2.161324e+01 1.448116e-01 2.603688e-08
2.161324e+01 2.023460e-01 3.803552e-08
2.161324e+01 2.834245e-01 5.532327e-08
2.161324e+01 3.967448e-01 7.765517e-08
2.161324e+01 5.552783e-01 1.067065e-07
2.161324e+01 7.774819e-01 1.353516e-07
2.161324e+01 1.088445e+00 1.454234e-07
2.161324e+01 1.523711e+00 1.204268e-07
2.161324e+01 2.088426e+00 7.580114e-08
2.161324e+01 2.685505e+00 3.657938e-08
2.206550e+01 1.570796e-02 4.415268e-10
2.206550e+01 2.346256e-02 1.122854e-09
2.206550e+01 3.503514e-02 2.270152e-09
2.206550e+01 5.263151e-02 4.649544e-09
2.206550e+01 7.314235e-02 9.736935e-09
2.206550e+01 1.025928e-01 1.449810e-08
2.206550e+01 1.448116e-01 2.460115e-08
2.206550e+01 2.023460e-01 3.604430e-08
2.206550e+01 2.834245e-01 5.269109e-08
2.206550e+01 3.967448e-01 7.444091e-08
2.206550e+01 5.552783e-01 1.029756e-07
2.206550e+01 7.774819e-01 1.313276e-07
2.206550e+01 1.088445e+00 1.419234e-07
2.206550e+01 1.523711e+00 1.184115e-07
2.206550e+01 2.088426e+00 7.519971e-08
2.206550e+01 2.685505e+00 3.633375e-08
2.252681e+01 1.570796e-02 4.158675e-10
2.252681e+01 2.346256e-02 1.057121e-09
2.252681e+01 3.503514e-02 2.139386e-09
2.252681e+01 5.263151e-02 4.376295e-09
2.252681e+01 7.314235e-02 9.173018e-09
2.252681e+01 1.025928e-01 1.365609e-08
2.252681e+01 1.448116e-01 2.320360e-08
2.252681e+01 2.023460e-01 3.409275e-08
2.252681e+01 2.834245e-01 5.010330e-08
2.252681e+01 3.967448e-01 7.127331e-08
2.252681e+01 5.552783e-01 9.923678e-08
2.252681e+01 7.774819e-01 1.272110e-07
2.252681e+01 1.088445e+00 1.382827e-07
2.252681e+01 1.523711e+00 1.165242e-07
2.252681e+01 2.088426e+00 7.477076e-08
2.252681e+01 2.685505e+00 3.613259e-08
2.299735e+01 1.570796e-02 3.907473e-10
2.299735e+01 2.346256e-02 9.930956e-10
2.299735e+01 3.503514e-02 2.010932e-09
2.299735e+01 5.263151e-02 4.109427e-09
2.299735e+01 7.314235e-02 8.623371e-09
2.299735e+01 1.025928e-01 1.283393e-08
2.299735e+01 1.448116e-01 2.184027e-08
2.299735e+01 2.023460e-01 3.218899e-08
2.299735e+01 2.834245e-01 4.757803e-08
2.299735e+01 3.967448e-01 6.813515e-08
2.299735e+01 5.552783e-01 9.543401e-08
2.299735e+01 7.774819e-01 1.229664e-07
2.299735e+01 1.088445e+00 1.344691e-07
2.299735e+01 1.523711e+00 1.145933e-07
2.299735e+01 2.088426e+00 7.445056e-08
2.299735e+01 2.685505e+00 3.587099e-08
2.347730e+01 1.570796e-02 3.662081e-10
2.347730e+01 2.346256e-02 9.313131e-10
2.347730e+01 3.503514e-02 1.885459e-09
2.347730e+01 5.263151e-02 3.850286e-09
2.347730e+01 7.314235e-02 8.086812e-09
2.347730e+01 1.025928e-01 1.203089e-08
2.347730e+01 1.448116e-01 2.051032e-08
2.347730e+01 2.023460e-01 3.033863e-08
2.347730e+01 2.834245e-01 4.510242e-08
2.347730e+01 3.967448e-01 6.501521e-08
2.347730e+01 5.552783e-01 9.159054e-08
2.347730e+01 7.774819e-01 1.185952e-07
2.347730e+01 1.088445e+00 1.306021e-07
2.347730e+01 1.523711e+00 1.126399e-07
2.347730e+01 2.088426e+00 7.423088e-08
2.347730e+01 2.685505e+00 3.567143e-08
2.396684e+01 1.570796e-02 3.423897e-10
2.396684e+01 2.346256e-02 8.716879e-10
2.396684e+01 3.503514e-02 1.763064e-09
2.396684e+01 5.263151e-02 3.598803e-09
2.396684e+01 7.314235e-02 7.564074e-09
2.396684e+01 1.025928e-01 1.125289e-08
2.396684e+01 1.448116e-01 1.921403e-08
2.396684e+01 2.023460e-01 2.854018e-08
2.396684e+01 2.834245e-01 4.267149e-08
2.396684e+01 3.967448e-01 6.190232e-08
2.396684e+01 5.552783e-01 8.770253e-08
2.396684e+01 7.774819e-01 1.141314e-07
2.396684e+01 1.088445e+00 1.265928e-07
2.396684e+01 1.523711e+00 1.107484e-07
2.396684e+01 2.088426e+00 7.402335e-08
2.396684e+01 2.685505e+00 3.557685e-08
2.446618e+01 1.570796e-02 3.192178e-10
2.446618e+01 2.346256e-02 8.128938e-10
2.446618e+01 3.503514e-02 1.643833e-09
2.446618e+01 5.263151e-02 3.354112e-09
2.446618e+01 7.314235e-02 7.056306e-09
2.446618e+01 1.025928e-01 1.049792e-08
2.446618e+01 1.448116e-01 1.795591e-08
2.446618e+01 2.023460e-01 2.678311e-08
2.446618e+01 2.834245e-01 4.028615e-08
2.446618e+01 3.967448e-01 5.879845e-08
2.446618e+01 5.552783e-01 8.373731e-08
2.446618e+01 7.774819e-01 1.095086e-07
2.446618e+01 1.088445e+00 1.224757e-07
2.446618e+01 1.523711e+00 1.087963e-07
2.446618e+01 2.088426e+00 7.401091e-08
2.446618e+01 2.685505e+00 3.550665e-08
2.497550e+01 1.570796e-02 2.966592e-10
2.497550e+01 2.346256e-02 7.561082e-10
2.497550e+01 3.503514e-02 1.527981e-09
2.497550e+01 5.263151e-02 3.116146e-09
2.497550e+01 7.314235e-02 6.563016e-09
2.497550e+01 1.025928e-01 9.762934e-09
2.497550e+01 1.448116e-01 1.672961e-08
2.497550e+01 2.023460e-01 2.507556e-08
2.497550e+01 2.834245e-01 3.793544e-08
2.497550e+01 3.967448e-01 5.568220e-08
2.497550e+01 5.552783e-01 7.970199e-08
2.497550e+01 7.774819e-01 1.047676e-07
2.497550e+01 1.088445e+00 1.181930e-07
2.497550e+01 1.523711e+00 1.067807e-07
2.497550e+01 2.088426e+00 7.399886e-08
2.497550e+01 2.685505e+00 3.579546e-08
2.549501e+01 1.570796e-02 2.747267e-10
2.549501e+01 2.346256e-02 7.012266e-10
2.549501e+01 3.503514e-02 1.415124e-09
2.549501e+01 5.263151e-02 2.885421e-09
2.549501e+01 7.314235e-02 6.081433e-09
2.549501e+01 1.025928e-01 9.053620e-09
2.549501e+01 1.448116e-01 1.553475e-08
2.549501e+01 2.023460e-01 2.340194e-08
2.549501e+01 2.834245e-01 3.560400e-08
2.549501e+01 3.967448e-01 5.254199e-08
2.549501e+01 5.552783e-01 7.558067e-08
2.549501e+01 7.774819e-01 9.990136e-08
2.549501e+01 1.088445e+00 1.137756e-07
2.549501e+01 1.523711e+00 1.046268e-07
2.549501e+01 2.088426e+00 7.405178e-08
2.549501e+01 2.685505e+00 3.622338e-08
2.602491e+01 1.570796e-02 2.533377e-10
2.602491e+01 2.346256e-02 6.475628e-10
2.602491e+01 3.503514e-02 1.304718e-09
2.602491e+01 5.263151e-02 2.661039e-09
2.602491e+01 7.314235e-02 5.613150e-09
2.602491e+01 1.025928e-01 8.361537e-09
2.602491e+01 1.448116e-01 1.436931e-08
2.602491e+01 2.023460e-01 2.175725e-08
2.602491e+01 2.834245e-01 3.328520e-08
2.602491e+01 3.967448e-01 4.937427e-08
2.602491e+01 5.552783e-01 7.138573e-08
2.602491e+01 7.774819e-01 9.489740e-08
2.602491e+01 1.088445e+00 1.091496e-07
2.602491e+01 1.523711e+00 1.023585e-07
2.602491e+01 2.088426e+00 7.421017e-08
2.602491e+01 2.685505e+00 3.691091e-08
2.656541e+01 1.570796e-02 2.324858e-10
2.656541e+01 2.346256e-02 5.954027e-10
2.656541e+01 3.503514e-02 1.197215e-09
2.656541e+01 5.263151e-02 2.442777e-09
2.656541e+01 7.314235e-02 5.157484e-09
2.656541e+01 1.025928e-01 7.687185e-09
2.656541e+01 1.448116e-01 1.323089e-08
2.656541e+01 2.023460e-01 2.014217e-08
2.656541e+01 2.834245e-01 3.097582e-08
2.656541e+01 3.967448e-01 4.617864e-08
2.656541e+01 5.552783e-01 6.708331e-08
2.656541e+01 7.774819e-01 8.969037e-08
2.656541e+01 1.088445e+00 1.043349e-07
2.656541e+01 1.523711e+00 9.984149e-08
2.656541e+01 2.088426e+00 7.440994e-08
2.656541e+01 2.685505e+00 3.789845e-08
2.711672e+01 1.570796e-02 2.122084e-10
2.711672e+01 2.346256e-02 5.441953e-10
2.711672e+01 3.503514e-02 1.092644e-09
2.711672e+01 5.263151e-02 2.230199e-09
2.711672e+01 7.314235e-02 4.713576e-09
2.711672e+01 1.025928e-01 7.030421e-09
2.711672e+01 1.448116e-01 1.212151e-08
2.711672e+01 2.023460e-01 1.855306e-08
2.711672e+01 2.834245e-01 2.868617e-08
2.711672e+01 3.967448e-01 4.295036e-08
2.711672e+01 5.552783e-01 6.269299e-08
2.711672e+01 7.774819e-01 8.431722e-08
2.711672e+01 1.088445e+00 9.921464e-08
2.711672e+01 1.523711e+00 9.704289e-08
2.711672e+01 2.088426e+00 7.444464e-08
2.711672e+01 2.685505e+00 3.915157e-08
2.767905e+01 1.570796e-02 1.924136e-10
2.767905e+01 2.346256e-02 4.948207e-10
2.767905e+01 3.503514e-02 9.907798e-10
2.767905e+01 5.263151e-02 2.023709e-09
2.767905e+01 7.314235e-02 4.281585e-09
2.767905e+01 1.025928e-01 6.392964e-09
2.767905e+01 1.448116e-01 1.103413e-08
2.767905e+01 2.023460e-01 1.698294e-08
2.767905e+01 2.834245e-01 2.638867e-08
2.767905e+01 3.967448e-01 3.967800e-08
2.767905e+01 5.552783e-01 5.819603e-08
2.767905e+01 7.774819e-01 7.871925e-08
2.767905e+01 1.088445e+00 9.380881e-08
2.767905e+01 1.523711e+00 9.380752e-08
2.767905e+01 2.088426e+00 7.439150e-08
2.767905e+01 2.685505e+00 4.071719e-08
2.825263e+01 1.570796e-02 1.731902e-10
2.825263e+01 2.346256e-02 4.462863e-10
2.825263e+01 3.503514e-02 8.912990e-10
2.825263e+01 5.263151e-02 1.822262e-09
2.825263e+01 7.314235e-02 3.859906e-09
2.825263e+01 1.025928e-01 5.769147e-09
2.825263e+01 1.448116e-01 9.975916e-09
2.825263e+01 2.023460e-01 1.542983e-08
2.825263e+01 2.834245e-01 2.409465e-08
2.825263e+01 3.967448e-01 3.637666e-08
2.825263e+01 5.552783e-01 5.358145e-08
2.825263e+01 7.774819e-01 7.296989e-08
2.825263e+01 1.088445e+00 8.802104e-08
2.825263e+01 1.523711e+00 9.019473e-08
2.825263e+01 2.088426e+00 7.412816e-08
2.825263e+01 2.685505e+00 4.272530e-08
2.883769e+01 1.570796e-02 1.544236e-10
2.883769e+01 2.346256e-02 3.989173e-10
2.883769e+01 3.503514e-02 7.946073e-10
2.883769e+01 5.263151e-02 1.626501e-09
2.883769e+01 7.314235e-02 3.448568e-09
2.883769e+01 1.025928e-01 5.161987e-09
2.883769e+01 1.448116e-01 8.937729e-09
2.883769e+01 2.023460e-01 1.389444e-08
2.883769e+01 2.834245e-01 2.179547e-08
2.883769e+01 3.967448e-01 3.301586e-08
2.883769e+01 5.552783e-01 4.886408e-08
2.883769e+01 7.774819e-01 6.696805e-08
2.883769e+01 1.088445e+00 8.187979e-08
2.883769e+01 1.523711e+00 8.594185e-08
2.883769e+01 2.088426e+00 7.344266e-08
2.883769e+01 2.685505e+00 4.498567e-08
2.943444e+01 1.570796e-02 1.361200e-10
2.943444e+01 2.346256e-02 3.524819e-10
2.943444e+01 3.503514e-02 7.001456e-10
2.943444e+01 5.263151e-02 1.434952e-09
2.943444e+01 7.314235e-02 3.047490e-09
2.943444e+01 1.025928e-01 4.568454e-09
2.943444e+01 1.448116e-01 7.920027e-09
2.943444e+01 2.023460e-01 1.237392e-08
2.943444e+01 2.834245e-01 1.949026e-08
2.943444e+01 3.967448e-01 2.961949e-08
2.943444e+01 5.552783e-01 4.403641e-08
2.943444e+01 7.774819e-01 6.075601e-08
2.943444e+01 1.088445e+00 7.531058e-08
2.943444e+01 1.523711e+00 8.111919e-08
2.943444e+01 2.088426e+00 7.228256e-08
2.943444e+01 2.685505e+00 4.752901e-08
3.004313e+01 1.570796e-02 1.182274e-10
3.004313e+01 2.346256e-02 3.071669e-10
3.004313e+01 3.503514e-02 6.084137e-10
3.004313e+01 5.263151e-02 1.248446e-09
3.004313e+01 7.314235e-02 2.655649e-09
3.004313e+01 1.025928e-01 3.986796e-09
3.004313e+01 1.448116e-01 6.920619e-09
3.004313e+01 2.023460e-01 1.086493e-08
3.004313e+01 2.834245e-01 1.718573e-08
3.004313e+01 3.967448e-01 2.618342e-08
3.004313e+01 5.552783e-01 3.910477e-08
3.004313e+01 7.774819e-01 5.428281e-08
3.004313e+01 1.088445e+00 6.824444e-08
3.004313e+01 1.523711e+00 7.544482e-08
3.004313e+01 2.088426e+00 7.038562e-08
3.004313e+01 2.685505e+00 4.993134e-08
3.066399e+01 1.570796e-02 1.009760e-10
3.066399e+01 2.346256e-02 2.630298e-10
3.066399e+01 3.503514e-02 5.188802e-10
3.066399e+01 5.263151e-02 1.066558e-09
3.066399e+01 7.314235e-02 2.272534e-09
3.066399e+01 1.025928e-01 3.416550e-09
3.066399e+01 1.448116e-01 5.940176e-09
3.066399e+01 2.023460e-01 9.371074e-09
3.066399e+01 2.834245e-01 1.487657e-08
3.066399e+01 3.967448e-01 2.271493e-08
3.066399e+01 5.552783e-01 3.407178e-08
3.066399e+01 7.774819e-01 4.760160e-08
3.066399e+01 1.088445e+00 6.070976e-08
3.066399e+01 1.523711e+00 6.900597e-08
3.066399e+01 2.088426e+00 6.754694e-08
3.066399e+01 2.685505e+00 5.199095e-08
3.129727e+01 1.570796e-02 8.406081e-11
3.129727e+01 2.346256e-02 2.199590e-10
3.129727e+01 3.503514e-02 4.318948e-10
3.129727e+01 5.263151e-02 8.895149e-10
3.129727e+01 7.314235e-02 1.898403e-09
3.129727e+01 1.025928e-01 2.858892e-09
3.129727e+01 1.448116e-01 4.977810e-09
3.129727e+01 2.023460e-01 7.886103e-09
3.129727e+01 2.834245e-01 1.256339e-08
3.129727e+01 3.967448e-01 1.922366e-08
3.129727e+01 5.552783e-01 2.895021e-08
3.129727e+01 7.774819e-01 4.068332e-08
3.129727e+01 1.088445e+00 5.265284e-08
3.129727e+01 1.523711e+00 6.160267e-08
3.129727e+01 2.088426e+00 6.346591e-08
3.129727e+01 2.685505e+00 5.315782e-08
3.194322e+01 1.570796e-02 6.767589e-11
3.194322e+01 2.346256e-02 1.774274e-10
3.194322e+01 3.503514e-02 3.471055e-10
3.194322e+01 5.263151e-02 7.166179e-10
3.194322e+01 7.314235e-02 1.532551e-09
3.194322e+01 1.025928e-01 2.311218e-09
3.194322e+01 1.448116e-01 4.030320e-09
3.194322e+01 2.023460e-01 6.412544e-09
3.194322e+01 2.834245e-01 1.024626e-08
3.194322e+01 3.967448e-01 1.570601e-08
3.194322e+01 5.552783e-01 2.374453e-08
3.194322e+01 7.774819e-01 3.358677e-08
3.194322e+01 1.088445e+00 4.407852e-08
3.194322e+01 1.523711e+00 5.314500e-08
3.194322e+01 2.088426e+00 5.775386e-08
3.194322e+01 2.685505e+00 5.296319e-08
3.260208e+01 1.570796e-02 5.175191e-11
3.260208e+01 2.346256e-02 1.361916e-10
3.260208e+01 3.503514e-02 2.649764e-10
3.260208e+01 5.263151e-02 5.484828e-10
3.260208e+01 7.314235e-02 1.175633e-09
3.260208e+01 1.025928e-01 1.775688e-09
3.260208e+01 1.448116e-01 3.100578e-09
3.260208e+01 2.023460e-01 4.952219e-09
3.260208e+01 2.834245e-01 7.935104e-09
3.260208e+01 3.967448e-01 1.218240e-08
3.260208e+01 5.552783e-01 1.846886e-08
3.260208e+01 7.774819e-01 2.629793e-08
3.260208e+01 1.088445e+00 3.496870e-08
3.260208e+01 1.523711e+00 4.345682e-08
3.260208e+01 2.088426e+00 4.999858e-08
3.260208e+01 2.685505e+00 5.022089e-08
3.327412e+01 1.570796e-02 3.618588e-11
3.327412e+01 2.346256e-02 9.566296e-11
3.327412e+01 3.503514e-02 1.853063e-10
3.327412e+01 5.263151e-02 3.842728e-10
3.327412e+01 7.314235e-02 8.253226e-10
3.327412e+01 1.025928e-01 1.248841e-09
3.327412e+01 1.448116e-01 2.184338e-09
3.327412e+01 2.023460e-01 3.502898e-09
3.327412e+01 2.834245e-01 5.628548e-09
3.327412e+01 3.967448e-01 8.650505e-09
3.327412e+01 5.552783e-01 1.316408e-08
3.327412e+01 7.774819e-01 1.885714e-08
3.327412e+01 1.088445e+00 2.539469e-08
3.327412e+01 1.523711e+00 3.253876e-08
3.327412e+01 2.088426e+00 3.974233e-08
3.327412e+01 2.685505e+00 4.368993e-08
3.395961e+01 1.570796e-02 2.206495e-11
3.395961e+01 2.346256e-02 5.848461e-11
3.395961e+01 3.503514e-02 1.127273e-10
3.395961e+01 5.263151e-02 2.345064e-10
3.395961e+01 7.314235e-02 5.047464e-10
3.395961e+01 1.025928e-01 7.637035e-10
3.395961e+01 1.448116e-01 1.333609e-09
3.395961e+01 2.023460e-01 2.134478e-09
3.395961e+01 2.834245e-01 3.418107e-09
3.395961e+01 3.967448e-01 5.223447e-09
3.395961e+01 5.552783e-01 7.914157e-09
3.395961e+01 7.774819e-01 1.134429e-08
3.395961e+01 1.088445e+00 1.540213e-08
3.395961e+01 1.523711e+00 2.027831e-08
3.395961e+01 2.088426e+00 2.616415e-08
3.395961e+01 2.685505e+00 3.098469e-08
3.465880e+01 1.570796e-02 7.087460e-12
3.465880e+01 2.346256e-02 1.631733e-11
3.465880e+01 3.503514e-02 3.720051e-11
3.465880e+01 5.263151e-02 7.113165e-11
3.465880e+01 7.314235e-02 1.565362e-10
3.465880e+01 1.025928e-01 2.358655e-10
3.465880e+01 1.448116e-01 4.134332e-10
3.465880e+01 2.023460e-01 6.729414e-10
3.465880e+01 2.834245e-01 1.090463e-09
3.465880e+01 3.967448e-01 1.684443e-09
3.465880e+01 5.552783e-01 2.569175e-09
3.465880e+01 7.774819e-01 3.719182e-09
3.465880e+01 1.088445e+00 5.124300e-09
3.465880e+01 1.523711e+00 6.932460e-09
3.465880e+01 2.088426e+00 9.444644e-09
3.465880e+01 2.685505e+00 1.211935e-08
3.537197e+01 1.570796e-02 0.000000e+00
3.537197e+01 2.346256e-02 0.000000e+00
3.537197e+01 3.503514e-02 0.000000e+00
3.537197e+01 5.263151e-02 0.000000e+00
3.537197e+01 7.314235e-02 0.000000e+00
3.537197e+01 1.025928e-01 0.000000e+00
3.537197e+01 1.448116e-01 0.000000e+00
3.537197e+01 2.023460e-01 0.000000e+00
3.537197e+01 2.834245e-01 0.000000e+00
3.537197e+01 3.967448e-01 0.000000e+00
3.537197e+01 5.552783e-01 0.000000e+00
3.537197e+01 7.774819e-01 0.000000e+00
3.537197e+01 1.088445e+00 0.000000e+00
3.537197e+01 1.523711e+00 0.000000e+00
3.537197e+01 2.088426e+00 0.000000e+00
3.537197e+01 2.685505e+00 0.000000e+00
