5.000000e+00 1.570796e-02 0.000000e+00
5.000000e+00 2.346256e-02 0.000000e+00
5.000000e+00 3.503514e-02 0.000000e+00
5.000000e+00 5.263151e-02 0.000000e+00
5.000000e+00 7.314235e-02 0.000000e+00
5.000000e+00 1.025928e-01 0.000000e+00
5.000000e+00 1.448116e-01 0.000000e+00
5.000000e+00 2.023460e-01 0.000000e+00
5.000000e+00 2.834245e-01 0.000000e+00
5.000000e+00 3.967448e-01 0.000000e+00
5.000000e+00 5.552783e-01 0.000000e+00
5.000000e+00 7.774819e-01 0.000000e+00
5.000000e+00 1.088445e+00 0.000000e+00
5.000000e+00 1.523711e+00 0.000000e+00
5.000000e+00 2.088426e+00 0.000000e+00
5.000000e+00 2.685505e+00 0.000000e+00
5.120000e+00 1.570796e-02 0.000000e+00
5.120000e+00 2.346256e-02 0.000000e+00
5.120000e+00 3.503514e-02 0.000000e+00
5.120000e+00 5.263151e-02 0.000000e+00
5.120000e+00 7.314235e-02 0.000000e+00
5.120000e+00 1.025928e-01 0.000000e+00
5.120000e+00 1.448116e-01 0.000000e+00
5.120000e+00 2.023460e-01 0.000000e+00
5.120000e+00 2.834245e-01 0.000000e+00
5.120000e+00 3.967448e-01 0.000000e+00
5.120000e+00 5.552783e-01 0.000000e+00
5.120000e+00 7.774819e-01 0.000000e+00
5.120000e+00 1.088445e+00 0.000000e+00
5.120000e+00 1.523711e+00 0.000000e+00
5.120000e+00 2.088426e+00 0.000000e+00
5.120000e+00 2.685505e+00 0.000000e+00
5.242400e+00 1.570796e-02 0.000000e+00
5.242400e+00 2.346256e-02 0.000000e+00
5.242400e+00 3.503514e-02 0.000000e+00
5.242400e+00 5.263151e-02 0.000000e+00
5.242400e+00 7.314235e-02 0.000000e+00
5.242400e+00 1.025928e-01 0.000000e+00
5.242400e+00 1.448116e-01 0.000000e+00
5.242400e+00 2.023460e-01 0.000000e+00
5.242400e+00 2.834245e-01 0.000000e+00
5.242400e+00 3.967448e-01 0.000000e+00
5.242400e+00 5.552783e-01 0.000000e+00
5.242400e+00 7.774819e-01 0.000000e+00
5.242400e+00 1.088445e+00 0.000000e+00
5.242400e+00 1.523711e+00 0.000000e+00
5.242400e+00 2.088426e+00 0.000000e+00
5.242400e+00 2.685505e+00 0.000000e+00
5.367248e+00 1.570796e-02 0.000000e+00
5.367248e+00 2.346256e-02 0.000000e+00
5.367248e+00 3.503514e-02 0.000000e+00
5.367248e+00 5.263151e-02 0.000000e+00
5.367248e+00 7.314235e-02 0.000000e+00
5.367248e+00 1.025928e-01 0.000000e+00
5.367248e+00 1.448116e-01 0.000000e+00
5.367248e+00 2.023460e-01 0.000000e+00
5.367248e+00 2.834245e-01 0.000000e+00
5.367248e+00 3.967448e-01 0.000000e+00
5.367248e+00 5.552783e-01 0.000000e+00
5.367248e+00 7.774819e-01 0.000000e+00
5.367248e+00 1.088445e+00 0.000000e+00
5.367248e+00 1.523711e+00 0.000000e+00
5.367248e+00 2.088426e+00 0.000000e+00
5.367248e+00 2.685505e+00 0.000000e+00
5.494593e+00 1.570796e-02 0.000000e+00
5.494593e+00 2.346256e-02 0.000000e+00
5.494593e+00 3.503514e-02 0.000000e+00
5.494593e+00 5.263151e-02 0.000000e+00
5.494593e+00 7.314235e-02 0.000000e+00
5.494593e+00 1.025928e-01 0.000000e+00
5.494593e+00 1.448116e-01 0.000000e+00
5.494593e+00 2.023460e-01 0.000000e+00
5.494593e+00 2.834245e-01 0.000000e+00
5.494593e+00 3.967448e-01 0.000000e+00
5.494593e+00 5.552783e-01 0.000000e+00
5.494593e+00 7.774819e-01 0.000000e+00
5.494593e+00 1.088445e+00 0.000000e+00
5.494593e+00 1.523711e+00 0.000000e+00
5.494593e+00 2.088426e+00 0.000000e+00
5.494593e+00 2.685505e+00 0.000000e+00
5.624485e+00 1.570796e-02 0.000000e+00
5.624485e+00 2.346256e-02 0.000000e+00
5.624485e+00 3.503514e-02 0.000000e+00
5.624485e+00 5.263151e-02 0.000000e+00
5.624485e+00 7.314235e-02 0.000000e+00
5.624485e+00 1.025928e-01 0.000000e+00
5.624485e+00 1.448116e-01 0.000000e+00
5.624485e+00 2.023460e-01 0.000000e+00
5.624485e+00 2.834245e-01 0.000000e+00
5.624485e+00 3.967448e-01 0.000000e+00
5.624485e+00 5.552783e-01 0.000000e+00
5.624485e+00 7.774819e-01 0.000000e+00
5.624485e+00 1.088445e+00 0.000000e+00
5.624485e+00 1.523711e+00 0.000000e+00
5.624485e+00 2.088426e+00 0.000000e+00
5.624485e+00 2.685505e+00 0.000000e+00
5.756975e+00 1.570796e-02 0.000000e+00
5.756975e+00 2.346256e-02 0.000000e+00
5.756975e+00 3.503514e-02 0.000000e+00
5.756975e+00 5.263151e-02 0.000000e+00
5.756975e+00 7.314235e-02 0.000000e+00
5.756975e+00 1.025928e-01 0.000000e+00
5.756975e+00 1.448116e-01 0.000000e+00
5.756975e+00 2.023460e-01 0.000000e+00
5.756975e+00 2.834245e-01 0.000000e+00
5.756975e+00 3.967448e-01 0.000000e+00
5.756975e+00 5.552783e-01 0.000000e+00
5.756975e+00 7.774819e-01 0.000000e+00
5.756975e+00 1.088445e+00 0.000000e+00
5.756975e+00 1.523711e+00 0.000000e+00
5.756975e+00 2.088426e+00 0.000000e+00
5.756975e+00 2.685505e+00 0.000000e+00
5.892114e+00 1.570796e-02 0.000000e+00
5.892114e+00 2.346256e-02 0.000000e+00
5.892114e+00 3.503514e-02 0.000000e+00
5.892114e+00 5.263151e-02 0.000000e+00
5.892114e+00 7.314235e-02 0.000000e+00
5.892114e+00 1.025928e-01 0.000000e+00
5.892114e+00 1.448116e-01 0.000000e+00
5.892114e+00 2.023460e-01 0.000000e+00
5.892114e+00 2.834245e-01 0.000000e+00
5.892114e+00 3.967448e-01 0.000000e+00
5.892114e+00 5.552783e-01 0.000000e+00
5.892114e+00 7.774819e-01 0.000000e+00
5.892114e+00 1.088445e+00 0.000000e+00
5.892114e+00 1.523711e+00 0.000000e+00
5.892114e+00 2.088426e+00 0.000000e+00
5.892114e+00 2.685505e+00 0.000000e+00
6.029956e+00 1.570796e-02 0.000000e+00
6.029956e+00 2.346256e-02 0.000000e+00
6.029956e+00 3.503514e-02 0.000000e+00
6.029956e+00 5.263151e-02 0.000000e+00
6.029956e+00 7.314235e-02 0.000000e+00
6.029956e+00 1.025928e-01 0.000000e+00
6.029956e+00 1.448116e-01 0.000000e+00
6.029956e+00 2.023460e-01 0.000000e+00
6.029956e+00 2.834245e-01 0.000000e+00
6.029956e+00 3.967448e-01 0.000000e+00
6.029956e+00 5.552783e-01 0.000000e+00
6.029956e+00 7.774819e-01 0.000000e+00
6.029956e+00 1.088445e+00 0.000000e+00
6.029956e+00 1.523711e+00 0.000000e+00
6.029956e+00 2.088426e+00 0.000000e+00
6.029956e+00 2.685505e+00 0.000000e+00
6.170555e+00 1.570796e-02 0.000000e+00
6.170555e+00 2.346256e-02 0.000000e+00
6.170555e+00 3.503514e-02 0.000000e+00
6.170555e+00 5.263151e-02 0.000000e+00
6.170555e+00 7.314235e-02 0.000000e+00
6.170555e+00 1.025928e-01 0.000000e+00
6.170555e+00 1.448116e-01 0.000000e+00
6.170555e+00 2.023460e-01 0.000000e+00
6.170555e+00 2.834245e-01 0.000000e+00
6.170555e+00 3.967448e-01 0.000000e+00
6.170555e+00 5.552783e-01 0.000000e+00
6.170555e+00 7.774819e-01 0.000000e+00
6.170555e+00 1.088445e+00 0.000000e+00
6.170555e+00 1.523711e+00 0.000000e+00
6.170555e+00 2.088426e+00 0.000000e+00
6.170555e+00 2.685505e+00 0.000000e+00
6.313967e+00 1.570796e-02 0.000000e+00
6.313967e+00 2.346256e-02 0.000000e+00
6.313967e+00 3.503514e-02 0.000000e+00
6.313967e+00 5.263151e-02 0.000000e+00
6.313967e+00 7.314235e-02 0.000000e+00
6.313967e+00 1.025928e-01 0.000000e+00
6.313967e+00 1.448116e-01 0.000000e+00
6.313967e+00 2.023460e-01 0.000000e+00
6.313967e+00 2.834245e-01 0.000000e+00
6.313967e+00 3.967448e-01 0.000000e+00
6.313967e+00 5.552783e-01 0.000000e+00
6.313967e+00 7.774819e-01 0.000000e+00
6.313967e+00 1.088445e+00 0.000000e+00
6.313967e+00 1.523711e+00 0.000000e+00
6.313967e+00 2.088426e+00 0.000000e+00
6.313967e+00 2.685505e+00 0.000000e+00
6.460246e+00 1.570796e-02 0.000000e+00
6.460246e+00 2.346256e-02 0.000000e+00
6.460246e+00 3.503514e-02 0.000000e+00
6.460246e+00 5.263151e-02 0.000000e+00
6.460246e+00 7.314235e-02 0.000000e+00
6.460246e+00 1.025928e-01 0.000000e+00
6.460246e+00 1.448116e-01 0.000000e+00
6.460246e+00 2.023460e-01 0.000000e+00
6.460246e+00 2.834245e-01 0.000000e+00
6.460246e+00 3.967448e-01 0.000000e+00
6.460246e+00 5.552783e-01 0.000000e+00
6.460246e+00 7.774819e-01 0.000000e+00
6.460246e+00 1.088445e+00 0.000000e+00
6.460246e+00 1.523711e+00 0.000000e+00
6.460246e+00 2.088426e+00 0.000000e+00
6.460246e+00 2.685505e+00 0.000000e+00
6.609451e+00 1.570796e-02 -6.952725e-06
6.609451e+00 2.346256e-02 -5.136021e-06
6.609451e+00 3.503514e-02 -9.129862e-06
6.609451e+00 5.263151e-02 -2.683589e-06
6.609451e+00 7.314235e-02 -1.775925e-05
6.609451e+00 1.025928e-01 -8.298887e-06
6.609451e+00 1.448116e-01 9.099642e-07
6.609451e+00 2.023460e-01 -4.997931e-06
6.609451e+00 2.834245e-01 2.177891e-06
6.609451e+00 3.967448e-01 -4.984533e-06
6.609451e+00 5.552783e-01 -6.068541e-06
6.609451e+00 7.774819e-01 -2.570873e-06
6.609451e+00 1.088445e+00 -3.655527e-06
6.609451e+00 1.523711e+00 -3.712353e-06
6.609451e+00 2.088426e+00 -4.273165e-06
6.609451e+00 2.685505e+00 -4.693067e-06
6.761640e+00 1.570796e-02 -1.095682e-04
6.761640e+00 2.346256e-02 -8.018780e-05
6.761640e+00 3.503514e-02 -1.462739e-04
6.761640e+00 5.263151e-02 -2.196829e-04
6.761640e+00 7.314235e-02 -2.356134e-04
6.761640e+00 1.025928e-01 -7.831018e-05
6.761640e+00 1.448116e-01 -2.173738e-04
6.761640e+00 2.023460e-01 -1.045842e-04
6.761640e+00 2.834245e-01 -2.222405e-04
6.761640e+00 3.967448e-01 -1.118806e-04
6.761640e+00 5.552783e-01 -9.588022e-05
6.761640e+00 7.774819e-01 -9.052235e-05
6.761640e+00 1.088445e+00 -8.248796e-05
6.761640e+00 1.523711e+00 -7.490862e-05
6.761640e+00 2.088426e+00 -8.636268e-05
6.761640e+00 2.685505e+00 -8.861538e-05
6.916873e+00 1.570796e-02 -2.651139e-04
6.916873e+00 2.346256e-02 -2.606681e-04
6.916873e+00 3.503514e-02 -3.021109e-04
6.916873e+00 5.263151e-02 -5.441806e-04
6.916873e+00 7.314235e-02 -6.559770e-04
6.916873e+00 1.025928e-01 -4.787812e-04
6.916873e+00 1.448116e-01 -5.948473e-04
6.916873e+00 2.023460e-01 -5.307920e-04
6.916873e+00 2.834245e-01 -6.742580e-04
6.916873e+00 3.967448e-01 -4.484467e-04
6.916873e+00 5.552783e-01 -4.017857e-04
6.916873e+00 7.774819e-01 -3.569383e-04
6.916873e+00 1.088445e+00 -3.024226e-04
6.916873e+00 1.523711e+00 -2.911972e-04
6.916873e+00 2.088426e+00 -3.155351e-04
6.916873e+00 2.685505e+00 -3.292479e-04
7.075210e+00 1.570796e-02 -5.777913e-04
7.075210e+00 2.346256e-02 -6.808330e-04
7.075210e+00 3.503514e-02 -1.073959e-03
7.075210e+00 5.263151e-02 -1.838167e-03
7.075210e+00 7.314235e-02 -2.463004e-03
7.075210e+00 1.025928e-01 -1.924442e-03
7.075210e+00 1.448116e-01 -2.472695e-03
7.075210e+00 2.023460e-01 -2.129656e-03
7.075210e+00 2.834245e-01 -2.267432e-03
7.075210e+00 3.967448e-01 -1.669014e-03
7.075210e+00 5.552783e-01 -1.490300e-03
7.075210e+00 7.774819e-01 -1.302528e-03
7.075210e+00 1.088445e+00 -1.099585e-03
7.075210e+00 1.523711e+00 -1.044604e-03
7.075210e+00 2.088426e+00 -1.130535e-03
7.075210e+00 2.685505e+00 -1.183697e-03
7.236714e+00 1.570796e-02 -8.146663e-04
7.236714e+00 2.346256e-02 -1.457407e-03
7.236714e+00 3.503514e-02 -2.320167e-03
7.236714e+00 5.263151e-02 -3.565083e-03
7.236714e+00 7.314235e-02 -5.648644e-03
7.236714e+00 1.025928e-01 -4.221457e-03
7.236714e+00 1.448116e-01 -5.031559e-03
7.236714e+00 2.023460e-01 -5.097798e-03
7.236714e+00 2.834245e-01 -4.908311e-03
7.236714e+00 3.967448e-01 -3.999263e-03
7.236714e+00 5.552783e-01 -3.610466e-03
7.236714e+00 7.774819e-01 -3.031634e-03
7.236714e+00 1.088445e+00 -2.581045e-03
7.236714e+00 1.523711e+00 -2.434446e-03
7.236714e+00 2.088426e+00 -2.585616e-03
7.236714e+00 2.685505e+00 -2.663240e-03
7.401449e+00 1.570796e-02 -8.743494e-04
7.401449e+00 2.346256e-02 -2.067364e-03
7.401449e+00 3.503514e-02 -3.796480e-03
7.401449e+00 5.263151e-02 -5.652735e-03
7.401449e+00 7.314235e-02 -9.206135e-03
7.401449e+00 1.025928e-01 -7.913956e-03
7.401449e+00 1.448116e-01 -9.071107e-03
7.401449e+00 2.023460e-01 -9.316566e-03
7.401449e+00 2.834245e-01 -8.930008e-03
7.401449e+00 3.967448e-01 -7.611428e-03
7.401449e+00 5.552783e-01 -6.728252e-03
7.401449e+00 7.774819e-01 -5.708544e-03
7.401449e+00 1.088445e+00 -4.774794e-03
7.401449e+00 1.523711e+00 -4.414805e-03
7.401449e+00 2.088426e+00 -4.629806e-03
7.401449e+00 2.685505e+00 -4.729773e-03
7.569477e+00 1.570796e-02 -9.124654e-04
7.569477e+00 2.346256e-02 -2.397492e-03
7.569477e+00 3.503514e-02 -4.725545e-03
7.569477e+00 5.263151e-02 -7.399724e-03
7.569477e+00 7.314235e-02 -1.234298e-02
7.569477e+00 1.025928e-01 -1.213515e-02
7.569477e+00 1.448116e-01 -1.444826e-02
7.569477e+00 2.023460e-01 -1.469112e-02
7.569477e+00 2.834245e-01 -1.424259e-02
7.569477e+00 3.967448e-01 -1.210114e-02
7.569477e+00 5.552783e-01 -1.080769e-02
7.569477e+00 7.774819e-01 -9.096544e-03
7.569477e+00 1.088445e+00 -7.629662e-03
7.569477e+00 1.523711e+00 -6.924216e-03
7.569477e+00 2.088426e+00 -7.165925e-03
7.569477e+00 2.685505e+00 -7.166586e-03
7.740867e+00 1.570796e-02 -9.278999e-04
7.740867e+00 2.346256e-02 -2.345995e-03
7.740867e+00 3.503514e-02 -5.061516e-03
7.740867e+00 5.263151e-02 -8.639481e-03
7.740867e+00 7.314235e-02 -1.461341e-02
7.740867e+00 1.025928e-01 -1.607988e-02
7.740867e+00 1.448116e-01 -1.939455e-02
7.740867e+00 2.023460e-01 -1.996111e-02
7.740867e+00 2.834245e-01 -1.950342e-02
7.740867e+00 3.967448e-01 -1.711431e-02
7.740867e+00 5.552783e-01 -1.531327e-02
7.740867e+00 7.774819e-01 -1.288383e-02
7.740867e+00 1.088445e+00 -1.072794e-02
7.740867e+00 1.523711e+00 -9.628796e-03
7.740867e+00 2.088426e+00 -9.803394e-03
7.740867e+00 2.685505e+00 -9.706256e-03
7.915684e+00 1.570796e-02 -9.220217e-04
7.915684e+00 2.346256e-02 -2.177676e-03
7.915684e+00 3.503514e-02 -4.950489e-03
7.915684e+00 5.263151e-02 -8.839994e-03
7.915684e+00 7.314235e-02 -1.575137e-02
7.915684e+00 1.025928e-01 -1.879356e-02
7.915684e+00 1.448116e-01 -2.411769e-02
7.915684e+00 2.023460e-01 -2.489252e-02
7.915684e+00 2.834245e-01 -2.458433e-02
7.915684e+00 3.967448e-01 -2.215330e-02
7.915684e+00 5.552783e-01 -1.975897e-02
7.915684e+00 7.774819e-01 -1.675496e-02
7.915684e+00 1.088445e+00 -1.388467e-02
7.915684e+00 1.523711e+00 -1.240101e-02
7.915684e+00 2.088426e+00 -1.242403e-02
7.915684e+00 2.685505e+00 -1.219599e-02
8.093998e+00 1.570796e-02 -8.402195e-04
8.093998e+00 2.346256e-02 -2.032194e-03
8.093998e+00 3.503514e-02 -4.556831e-03
8.093998e+00 5.263151e-02 -8.530719e-03
8.093998e+00 7.314235e-02 -1.583428e-02
8.093998e+00 1.025928e-01 -2.025779e-02
8.093998e+00 1.448116e-01 -2.698539e-02
8.093998e+00 2.023460e-01 -2.876626e-02
8.093998e+00 2.834245e-01 -2.886860e-02
8.093998e+00 3.967448e-01 -2.661426e-02
8.093998e+00 5.552783e-01 -2.383848e-02
8.093998e+00 7.774819e-01 -2.022242e-02
8.093998e+00 1.088445e+00 -1.680578e-02
8.093998e+00 1.523711e+00 -1.486507e-02
8.093998e+00 2.088426e+00 -1.472021e-02
8.093998e+00 2.685505e+00 -1.425190e-02
8.275878e+00 1.570796e-02 -7.429310e-04
8.275878e+00 2.346256e-02 -1.822455e-03
8.275878e+00 3.503514e-02 -4.206352e-03
8.275878e+00 5.263151e-02 -8.035951e-03
8.275878e+00 7.314235e-02 -1.520296e-02
8.275878e+00 1.025928e-01 -2.059649e-02
8.275878e+00 1.448116e-01 -2.836594e-02
8.275878e+00 2.023460e-01 -3.129990e-02
8.275878e+00 2.834245e-01 -3.200047e-02
8.275878e+00 3.967448e-01 -3.002625e-02
8.275878e+00 5.552783e-01 -2.725840e-02
8.275878e+00 7.774819e-01 -2.321664e-02
8.275878e+00 1.088445e+00 -1.925810e-02
8.275878e+00 1.523711e+00 -1.692707e-02
8.275878e+00 2.088426e+00 -1.664671e-02
8.275878e+00 2.685505e+00 -1.597757e-02
8.461396e+00 1.570796e-02 -6.543028e-04
8.461396e+00 2.346256e-02 -1.646803e-03
8.461396e+00 3.503514e-02 -3.728862e-03
8.461396e+00 5.263151e-02 -7.304032e-03
8.461396e+00 7.314235e-02 -1.408752e-02
8.461396e+00 1.025928e-01 -1.995761e-02
8.461396e+00 1.448116e-01 -2.846337e-02
8.461396e+00 2.023460e-01 -3.243676e-02
8.461396e+00 2.834245e-01 -3.396062e-02
8.461396e+00 3.967448e-01 -3.261739e-02
8.461396e+00 5.552783e-01 -2.995132e-02
8.461396e+00 7.774819e-01 -2.571490e-02
8.461396e+00 1.088445e+00 -2.132655e-02
8.461396e+00 1.523711e+00 -1.863285e-02
8.461396e+00 2.088426e+00 -1.824666e-02
8.461396e+00 2.685505e+00 -1.733028e-02
8.650623e+00 1.570796e-02 -5.862363e-04
8.650623e+00 2.346256e-02 -1.488445e-03
8.650623e+00 3.503514e-02 -3.237488e-03
8.650623e+00 5.263151e-02 -6.523538e-03
8.650623e+00 7.314235e-02 -1.283273e-02
8.650623e+00 1.025928e-01 -1.863749e-02
8.650623e+00 1.448116e-01 -2.765847e-02
8.650623e+00 2.023460e-01 -3.244609e-02
8.650623e+00 2.834245e-01 -3.491436e-02
8.650623e+00 3.967448e-01 -3.434199e-02
8.650623e+00 5.552783e-01 -3.187426e-02
8.650623e+00 7.774819e-01 -2.765413e-02
8.650623e+00 1.088445e+00 -2.298435e-02
8.650623e+00 1.523711e+00 -2.004175e-02
8.650623e+00 2.088426e+00 -1.949087e-02
8.650623e+00 2.685505e+00 -1.837225e-02
8.843636e+00 1.570796e-02 -5.226105e-04
8.843636e+00 2.346256e-02 -1.325812e-03
8.843636e+00 3.503514e-02 -2.778684e-03
8.843636e+00 5.263151e-02 -5.797084e-03
8.843636e+00 7.314235e-02 -1.149776e-02
8.843636e+00 1.025928e-01 -1.712433e-02
8.843636e+00 1.448116e-01 -2.608862e-02
8.843636e+00 2.023460e-01 -3.158089e-02
8.843636e+00 2.834245e-01 -3.498341e-02
8.843636e+00 3.967448e-01 -3.515222e-02
8.843636e+00 5.552783e-01 -3.308840e-02
8.843636e+00 7.774819e-01 -2.896794e-02
8.843636e+00 1.088445e+00 -2.426113e-02
8.843636e+00 1.523711e+00 -2.108485e-02
8.843636e+00 2.088426e+00 -2.046183e-02
8.843636e+00 2.685505e+00 -1.917966e-02
9.040509e+00 1.570796e-02 -4.606569e-04
9.040509e+00 2.346256e-02 -1.188732e-03
9.040509e+00 3.503514e-02 -2.425338e-03
9.040509e+00 5.263151e-02 -5.115036e-03
9.040509e+00 7.314235e-02 -1.020523e-02
9.040509e+00 1.025928e-01 -1.542395e-02
9.040509e+00 1.448116e-01 -2.400822e-02
9.040509e+00 2.023460e-01 -2.999042e-02
9.040509e+00 2.834245e-01 -3.422385e-02
9.040509e+00 3.967448e-01 -3.521140e-02
9.040509e+00 5.552783e-01 -3.365874e-02
9.040509e+00 7.774819e-01 -2.976251e-02
9.040509e+00 1.088445e+00 -2.509859e-02
9.040509e+00 1.523711e+00 -2.180723e-02
9.040509e+00 2.088426e+00 -2.111624e-02
9.040509e+00 2.685505e+00 -1.964791e-02
9.241319e+00 1.570796e-02 -3.999857e-04
9.241319e+00 2.346256e-02 -1.056112e-03
9.241319e+00 3.503514e-02 -2.128754e-03
9.241319e+00 5.263151e-02 -4.496346e-03
9.241319e+00 7.314235e-02 -8.971123e-03
9.241319e+00 1.025928e-01 -1.366902e-02
9.241319e+00 1.448116e-01 -2.171402e-02
9.241319e+00 2.023460e-01 -2.794709e-02
9.241319e+00 2.834245e-01 -3.285411e-02
9.241319e+00 3.967448e-01 -3.461273e-02
9.241319e+00 5.552783e-01 -3.364847e-02
9.241319e+00 7.774819e-01 -3.009809e-02
9.241319e+00 1.088445e+00 -2.557212e-02
9.241319e+00 1.523711e+00 -2.230215e-02
9.241319e+00 2.088426e+00 -2.150602e-02
9.241319e+00 2.685505e+00 -1.985457e-02
9.446145e+00 1.570796e-02 -3.440814e-04
9.446145e+00 2.346256e-02 -9.420068e-04
9.446145e+00 3.503514e-02 -1.858423e-03
9.446145e+00 5.263151e-02 -3.941190e-03
9.446145e+00 7.314235e-02 -7.856262e-03
9.446145e+00 1.025928e-01 -1.198729e-02
9.446145e+00 1.448116e-01 -1.940841e-02
9.446145e+00 2.023460e-01 -2.564265e-02
9.446145e+00 2.834245e-01 -3.103388e-02
9.446145e+00 3.967448e-01 -3.346843e-02
9.446145e+00 5.552783e-01 -3.303191e-02
9.446145e+00 7.774819e-01 -2.998419e-02
9.446145e+00 1.088445e+00 -2.567234e-02
9.446145e+00 1.523711e+00 -2.252064e-02
9.446145e+00 2.088426e+00 -2.169656e-02
9.446145e+00 2.685505e+00 -1.992437e-02
9.655068e+00 1.570796e-02 -2.934019e-04
9.655068e+00 2.346256e-02 -8.394011e-04
9.655068e+00 3.503514e-02 -1.629306e-03
9.655068e+00 5.263151e-02 -3.429921e-03
9.655068e+00 7.314235e-02 -6.860345e-03
9.655068e+00 1.025928e-01 -1.047486e-02
9.655068e+00 1.448116e-01 -1.718384e-02
9.655068e+00 2.023460e-01 -2.323997e-02
9.655068e+00 2.834245e-01 -2.887981e-02
9.655068e+00 3.967448e-01 -3.185277e-02
9.655068e+00 5.552783e-01 -3.199878e-02
9.655068e+00 7.774819e-01 -2.946336e-02
9.655068e+00 1.088445e+00 -2.544060e-02
9.655068e+00 1.523711e+00 -2.248296e-02
9.655068e+00 2.088426e+00 -2.170675e-02
9.655068e+00 2.685505e+00 -1.979700e-02
9.868170e+00 1.570796e-02 -2.514315e-04
9.868170e+00 2.346256e-02 -7.355849e-04
9.868170e+00 3.503514e-02 -1.424591e-03
9.868170e+00 5.263151e-02 -2.987204e-03
9.868170e+00 7.314235e-02 -5.971590e-03
9.868170e+00 1.025928e-01 -9.106286e-03
9.868170e+00 1.448116e-01 -1.507633e-02
9.868170e+00 2.023460e-01 -2.084708e-02
9.868170e+00 2.834245e-01 -2.648817e-02
9.868170e+00 3.967448e-01 -2.987138e-02
9.868170e+00 5.552783e-01 -3.060161e-02
9.868170e+00 7.774819e-01 -2.856782e-02
9.868170e+00 1.088445e+00 -2.493259e-02
9.868170e+00 1.523711e+00 -2.222023e-02
9.868170e+00 2.088426e+00 -2.145536e-02
9.868170e+00 2.685505e+00 -1.950366e-02
1.008553e+01 1.570796e-02 -2.165090e-04
1.008553e+01 2.346256e-02 -6.455638e-04
1.008553e+01 3.503514e-02 -1.241682e-03
1.008553e+01 5.263151e-02 -2.592833e-03
1.008553e+01 7.314235e-02 -5.180219e-03
1.008553e+01 1.025928e-01 -7.915802e-03
1.008553e+01 1.448116e-01 -1.317874e-02
1.008553e+01 2.023460e-01 -1.850739e-02
1.008553e+01 2.834245e-01 -2.399825e-02
1.008553e+01 3.967448e-01 -2.764572e-02
1.008553e+01 5.552783e-01 -2.886896e-02
1.008553e+01 7.774819e-01 -2.734049e-02
1.008553e+01 1.088445e+00 -2.419568e-02
1.008553e+01 1.523711e+00 -2.175396e-02
1.008553e+01 2.088426e+00 -2.103946e-02
1.008553e+01 2.685505e+00 -1.910893e-02
1.030724e+01 1.570796e-02 -1.876645e-04
1.030724e+01 2.346256e-02 -5.592014e-04
1.030724e+01 3.503514e-02 -1.084110e-03
1.030724e+01 5.263151e-02 -2.247890e-03
1.030724e+01 7.314235e-02 -4.490601e-03
1.030724e+01 1.025928e-01 -6.886039e-03
1.030724e+01 1.448116e-01 -1.147988e-02
1.030724e+01 2.023460e-01 -1.628898e-02
1.030724e+01 2.834245e-01 -2.150261e-02
1.030724e+01 3.967448e-01 -2.528349e-02
1.030724e+01 5.552783e-01 -2.691045e-02
1.030724e+01 7.774819e-01 -2.592011e-02
1.030724e+01 1.088445e+00 -2.325069e-02
1.030724e+01 1.523711e+00 -2.112749e-02
1.030724e+01 2.088426e+00 -2.050260e-02
1.030724e+01 2.685505e+00 -1.848564e-02
1.053339e+01 1.570796e-02 -1.630241e-04
1.053339e+01 2.346256e-02 -4.860412e-04
1.053339e+01 3.503514e-02 -9.480151e-04
1.053339e+01 5.263151e-02 -1.944365e-03
1.053339e+01 7.314235e-02 -3.882775e-03
1.053339e+01 1.025928e-01 -5.982730e-03
1.053339e+01 1.448116e-01 -9.969917e-03
1.053339e+01 2.023460e-01 -1.425208e-02
1.053339e+01 2.834245e-01 -1.909576e-02
1.053339e+01 3.967448e-01 -2.287624e-02
1.053339e+01 5.552783e-01 -2.483326e-02
1.053339e+01 7.774819e-01 -2.430271e-02
1.053339e+01 1.088445e+00 -2.216117e-02
1.053339e+01 1.523711e+00 -2.034548e-02
1.053339e+01 2.088426e+00 -1.983546e-02
1.053339e+01 2.685505e+00 -1.775502e-02
1.076406e+01 1.570796e-02 -1.415761e-04
1.076406e+01 2.346256e-02 -4.210823e-04
1.076406e+01 3.503514e-02 -8.234008e-04
1.076406e+01 5.263151e-02 -1.670229e-03
1.076406e+01 7.314235e-02 -3.349339e-03
1.076406e+01 1.025928e-01 -5.167755e-03
1.076406e+01 1.448116e-01 -8.613594e-03
1.076406e+01 2.023460e-01 -1.236712e-02
1.076406e+01 2.834245e-01 -1.681478e-02
1.076406e+01 3.967448e-01 -2.049618e-02
1.076406e+01 5.552783e-01 -2.267294e-02
1.076406e+01 7.774819e-01 -2.257970e-02
1.076406e+01 1.088445e+00 -2.091277e-02
1.076406e+01 1.523711e+00 -1.945864e-02
1.076406e+01 2.088426e+00 -1.907137e-02
1.076406e+01 2.685505e+00 -1.701125e-02
1.099934e+01 1.570796e-02 -1.226905e-04
1.099934e+01 2.346256e-02 -3.597286e-04
1.099934e+01 3.503514e-02 -7.144403e-04
1.099934e+01 5.263151e-02 -1.433842e-03
1.099934e+01 7.314235e-02 -2.882343e-03
1.099934e+01 1.025928e-01 -4.450554e-03
1.099934e+01 1.448116e-01 -7.405451e-03
1.099934e+01 2.023460e-01 -1.067274e-02
1.099934e+01 2.834245e-01 -1.469551e-02
1.099934e+01 3.967448e-01 -1.820404e-02
1.099934e+01 5.552783e-01 -2.049614e-02
1.099934e+01 7.774819e-01 -2.076957e-02
1.099934e+01 1.088445e+00 -1.956467e-02
1.099934e+01 1.523711e+00 -1.845931e-02
1.099934e+01 2.088426e+00 -1.815123e-02
1.099934e+01 2.685505e+00 -1.614065e-02
1.123932e+01 1.570796e-02 -1.073374e-04
1.123932e+01 2.346256e-02 -3.036946e-04
1.123932e+01 3.503514e-02 -6.119736e-04
1.123932e+01 5.263151e-02 -1.229058e-03
1.123932e+01 7.314235e-02 -2.471594e-03
1.123932e+01 1.025928e-01 -3.806255e-03
1.123932e+01 1.448116e-01 -6.334980e-03
1.123932e+01 2.023460e-01 -9.155446e-03
1.123932e+01 2.834245e-01 -1.275123e-02
1.123932e+01 3.967448e-01 -1.604408e-02
1.123932e+01 5.552783e-01 -1.837229e-02
1.123932e+01 7.774819e-01 -1.893823e-02
1.123932e+01 1.088445e+00 -1.812778e-02
1.123932e+01 1.523711e+00 -1.733933e-02
1.123932e+01 2.088426e+00 -1.712547e-02
1.123932e+01 2.685505e+00 -1.511473e-02
1.148411e+01 1.570796e-02 -9.234434e-05
1.148411e+01 2.346256e-02 -2.566856e-04
1.148411e+01 3.503514e-02 -5.218118e-04
1.148411e+01 5.263151e-02 -1.048708e-03
1.148411e+01 7.314235e-02 -2.109504e-03
1.148411e+01 1.025928e-01 -3.241398e-03
1.148411e+01 1.448116e-01 -5.398621e-03
1.148411e+01 2.023460e-01 -7.827339e-03
1.148411e+01 2.834245e-01 -1.098241e-02
1.148411e+01 3.967448e-01 -1.401881e-02
1.148411e+01 5.552783e-01 -1.631306e-02
1.148411e+01 7.774819e-01 -1.709791e-02
1.148411e+01 1.088445e+00 -1.663511e-02
1.148411e+01 1.523711e+00 -1.612987e-02
1.148411e+01 2.088426e+00 -1.603614e-02
1.148411e+01 2.685505e+00 -1.409780e-02
1.173379e+01 1.570796e-02 -7.910599e-05
1.173379e+01 2.346256e-02 -2.162007e-04
1.173379e+01 3.503514e-02 -4.433299e-04
1.173379e+01 5.263151e-02 -8.930749e-04
1.173379e+01 7.314235e-02 -1.789221e-03
1.173379e+01 1.025928e-01 -2.753737e-03
1.173379e+01 1.448116e-01 -4.565219e-03
1.173379e+01 2.023460e-01 -6.662834e-03
1.173379e+01 2.834245e-01 -9.402638e-03
1.173379e+01 3.967448e-01 -1.215754e-02
1.173379e+01 5.552783e-01 -1.436485e-02
1.173379e+01 7.774819e-01 -1.533345e-02
1.173379e+01 1.088445e+00 -1.514251e-02
1.173379e+01 1.523711e+00 -1.486636e-02
1.173379e+01 2.088426e+00 -1.493470e-02
1.173379e+01 2.685505e+00 -1.310790e-02
1.198847e+01 1.570796e-02 -6.696802e-05
1.198847e+01 2.346256e-02 -1.795410e-04
1.198847e+01 3.503514e-02 -3.773894e-04
1.198847e+01 5.263151e-02 -7.557273e-04
1.198847e+01 7.314235e-02 -1.511867e-03
1.198847e+01 1.025928e-01 -2.333146e-03
1.198847e+01 1.448116e-01 -3.860827e-03
1.198847e+01 2.023460e-01 -5.655537e-03
1.198847e+01 2.834245e-01 -8.017746e-03
1.198847e+01 3.967448e-01 -1.047052e-02
1.198847e+01 5.552783e-01 -1.253262e-02
1.198847e+01 7.774819e-01 -1.361234e-02
1.198847e+01 1.088445e+00 -1.367668e-02
1.198847e+01 1.523711e+00 -1.366698e-02
1.198847e+01 2.088426e+00 -1.381431e-02
1.198847e+01 2.685505e+00 -1.207381e-02
1.224824e+01 1.570796e-02 -5.693948e-05
1.224824e+01 2.346256e-02 -1.490365e-04
1.224824e+01 3.503514e-02 -3.184721e-04
1.224824e+01 5.263151e-02 -6.383863e-04
1.224824e+01 7.314235e-02 -1.271875e-03
1.224824e+01 1.025928e-01 -1.968765e-03
1.224824e+01 1.448116e-01 -3.252534e-03
1.224824e+01 2.023460e-01 -4.788384e-03
1.224824e+01 2.834245e-01 -6.802503e-03
1.224824e+01 3.967448e-01 -8.955763e-03
1.224824e+01 5.552783e-01 -1.086187e-02
1.224824e+01 7.774819e-01 -1.198120e-02
1.224824e+01 1.088445e+00 -1.226412e-02
1.224824e+01 1.523711e+00 -1.244178e-02
1.224824e+01 2.088426e+00 -1.270528e-02
1.224824e+01 2.685505e+00 -1.104010e-02
1.251320e+01 1.570796e-02 -4.811793e-05
1.251320e+01 2.346256e-02 -1.247221e-04
1.251320e+01 3.503514e-02 -2.665329e-04
1.251320e+01 5.263151e-02 -5.359819e-04
1.251320e+01 7.314235e-02 -1.066876e-03
1.251320e+01 1.025928e-01 -1.655333e-03
1.251320e+01 1.448116e-01 -2.729908e-03
1.251320e+01 2.023460e-01 -4.028494e-03
1.251320e+01 2.834245e-01 -5.736269e-03
1.251320e+01 3.967448e-01 -7.617999e-03
1.251320e+01 5.552783e-01 -9.335872e-03
1.251320e+01 7.774819e-01 -1.046252e-02
1.251320e+01 1.088445e+00 -1.089459e-02
1.251320e+01 1.523711e+00 -1.124212e-02
1.251320e+01 2.088426e+00 -1.158788e-02
1.251320e+01 2.685505e+00 -1.008841e-02
1.278347e+01 1.570796e-02 -4.040371e-05
1.278347e+01 2.346256e-02 -1.014660e-04
1.278347e+01 3.503514e-02 -2.220785e-04
1.278347e+01 5.263151e-02 -4.483173e-04
1.278347e+01 7.314235e-02 -8.878031e-04
1.278347e+01 1.025928e-01 -1.385542e-03
1.278347e+01 1.448116e-01 -2.280054e-03
1.278347e+01 2.023460e-01 -3.374548e-03
1.278347e+01 2.834245e-01 -4.812773e-03
1.278347e+01 3.967448e-01 -6.431629e-03
1.278347e+01 5.552783e-01 -7.960868e-03
1.278347e+01 7.774819e-01 -9.075785e-03
1.278347e+01 1.088445e+00 -9.616791e-03
1.278347e+01 1.523711e+00 -1.009388e-02
1.278347e+01 2.088426e+00 -1.050079e-02
1.278347e+01 2.685505e+00 -9.177126e-03
1.305914e+01 1.570796e-02 -3.370983e-05
1.305914e+01 2.346256e-02 -8.225585e-05
1.305914e+01 3.503514e-02 -1.838815e-04
1.305914e+01 5.263151e-02 -3.723130e-04
1.305914e+01 7.314235e-02 -7.389619e-04
1.305914e+01 1.025928e-01 -1.152892e-03
1.305914e+01 1.448116e-01 -1.887954e-03
1.305914e+01 2.023460e-01 -2.808685e-03
1.305914e+01 2.834245e-01 -4.013033e-03
1.305914e+01 3.967448e-01 -5.383786e-03
1.305914e+01 5.552783e-01 -6.739851e-03
1.305914e+01 7.774819e-01 -7.813187e-03
1.305914e+01 1.088445e+00 -8.426457e-03
1.305914e+01 1.523711e+00 -8.987304e-03
1.305914e+01 2.088426e+00 -9.466797e-03
1.305914e+01 2.685505e+00 -8.306301e-03
1.334032e+01 1.570796e-02 -2.807929e-05
1.334032e+01 2.346256e-02 -6.750932e-05
1.334032e+01 3.503514e-02 -1.518731e-04
1.334032e+01 5.263151e-02 -3.087610e-04
1.334032e+01 7.314235e-02 -6.112496e-04
1.334032e+01 1.025928e-01 -9.527752e-04
1.334032e+01 1.448116e-01 -1.559431e-03
1.334032e+01 2.023460e-01 -2.324047e-03
1.334032e+01 2.834245e-01 -3.333615e-03
1.334032e+01 3.967448e-01 -4.482485e-03
1.334032e+01 5.552783e-01 -5.663026e-03
1.334032e+01 7.774819e-01 -6.684654e-03
1.334032e+01 1.088445e+00 -7.333802e-03
1.334032e+01 1.523711e+00 -7.961235e-03
1.334032e+01 2.088426e+00 -8.485575e-03
1.334032e+01 2.685505e+00 -7.510233e-03
1.362713e+01 1.570796e-02 -2.307259e-05
1.362713e+01 2.346256e-02 -5.543496e-05
1.362713e+01 3.503514e-02 -1.250060e-04
1.362713e+01 5.263151e-02 -2.518594e-04
1.362713e+01 7.314235e-02 -5.035826e-04
1.362713e+01 1.025928e-01 -7.837758e-04
1.362713e+01 1.448116e-01 -1.282638e-03
1.362713e+01 2.023460e-01 -1.914089e-03
1.362713e+01 2.834245e-01 -2.742642e-03
1.362713e+01 3.967448e-01 -3.706034e-03
1.362713e+01 5.552783e-01 -4.725981e-03
1.362713e+01 7.774819e-01 -5.668407e-03
1.362713e+01 1.088445e+00 -6.331553e-03
1.362713e+01 1.523711e+00 -6.992871e-03
1.362713e+01 2.088426e+00 -7.548985e-03
1.362713e+01 2.685505e+00 -6.752471e-03
1.391967e+01 1.570796e-02 -1.893807e-05
1.391967e+01 2.346256e-02 -4.448813e-05
1.391967e+01 3.503514e-02 -1.011635e-04
1.391967e+01 5.263151e-02 -2.049319e-04
1.391967e+01 7.314235e-02 -4.101999e-04
1.391967e+01 1.025928e-01 -6.378643e-04
1.391967e+01 1.448116e-01 -1.045098e-03
1.391967e+01 2.023460e-01 -1.567629e-03
1.391967e+01 2.834245e-01 -2.248480e-03
1.391967e+01 3.967448e-01 -3.048422e-03
1.391967e+01 5.552783e-01 -3.916277e-03
1.391967e+01 7.774819e-01 -4.767254e-03
1.391967e+01 1.088445e+00 -5.434633e-03
1.391967e+01 1.523711e+00 -6.096929e-03
1.391967e+01 2.088426e+00 -6.673718e-03
1.391967e+01 2.685505e+00 -5.976172e-03
1.421806e+01 1.570796e-02 -1.551451e-05
1.421806e+01 2.346256e-02 -3.586865e-05
1.421806e+01 3.503514e-02 -8.258971e-05
1.421806e+01 5.263151e-02 -1.669270e-04
1.421806e+01 7.314235e-02 -3.317899e-04
1.421806e+01 1.025928e-01 -5.177004e-04
1.421806e+01 1.448116e-01 -8.497581e-04
1.421806e+01 2.023460e-01 -1.275178e-03
1.421806e+01 2.834245e-01 -1.831922e-03
1.421806e+01 3.967448e-01 -2.492308e-03
1.421806e+01 5.552783e-01 -3.228768e-03
1.421806e+01 7.774819e-01 -3.988953e-03
1.421806e+01 1.088445e+00 -4.634594e-03
1.421806e+01 1.523711e+00 -5.312401e-03
1.421806e+01 2.088426e+00 -5.872011e-03
1.421806e+01 2.685505e+00 -5.283423e-03
1.452242e+01 1.570796e-02 -1.261312e-05
1.452242e+01 2.346256e-02 -2.941770e-05
1.452242e+01 3.503514e-02 -6.669435e-05
1.452242e+01 5.263151e-02 -1.356396e-04
1.452242e+01 7.314235e-02 -2.677495e-04
1.452242e+01 1.025928e-01 -4.171242e-04
1.452242e+01 1.448116e-01 -6.863105e-04
1.452242e+01 2.023460e-01 -1.033138e-03
1.452242e+01 2.834245e-01 -1.482888e-03
1.452242e+01 3.967448e-01 -2.029084e-03
1.452242e+01 5.552783e-01 -2.649341e-03
1.452242e+01 7.774819e-01 -3.324354e-03
1.452242e+01 1.088445e+00 -3.922079e-03
1.452242e+01 1.523711e+00 -4.584271e-03
1.452242e+01 2.088426e+00 -5.128655e-03
1.452242e+01 2.685505e+00 -4.664550e-03
1.483287e+01 1.570796e-02 -1.029934e-05
1.483287e+01 2.346256e-02 -2.336101e-05
1.483287e+01 3.503514e-02 -5.383794e-05
1.483287e+01 5.263151e-02 -1.099521e-04
1.483287e+01 7.314235e-02 -2.153138e-04
1.483287e+01 1.025928e-01 -3.364401e-04
1.483287e+01 1.448116e-01 -5.529018e-04
1.483287e+01 2.023460e-01 -8.330792e-04
1.483287e+01 2.834245e-01 -1.198223e-03
1.483287e+01 3.967448e-01 -1.642696e-03
1.483287e+01 5.552783e-01 -2.168956e-03
1.483287e+01 7.774819e-01 -2.746536e-03
1.483287e+01 1.088445e+00 -3.300685e-03
1.483287e+01 1.523711e+00 -3.930807e-03
1.483287e+01 2.088426e+00 -4.442740e-03
1.483287e+01 2.685505e+00 -4.045045e-03
1.514953e+01 1.570796e-02 -8.236951e-06
1.514953e+01 2.346256e-02 -1.836642e-05
1.514953e+01 3.503514e-02 -4.270125e-05
1.514953e+01 5.263151e-02 -8.754927e-05
1.514953e+01 7.314235e-02 -1.721066e-04
1.514953e+01 1.025928e-01 -2.675172e-04
1.514953e+01 1.448116e-01 -4.420640e-04
1.514953e+01 2.023460e-01 -6.686102e-04
1.514953e+01 2.834245e-01 -9.592779e-04
1.514953e+01 3.967448e-01 -1.320964e-03
1.514953e+01 5.552783e-01 -1.754725e-03
1.514953e+01 7.774819e-01 -2.251113e-03
1.514953e+01 1.088445e+00 -2.761093e-03
1.514953e+01 1.523711e+00 -3.344527e-03
1.514953e+01 2.088426e+00 -3.832478e-03
1.514953e+01 2.685505e+00 -3.526481e-03
1.547252e+01 1.570796e-02 -6.684443e-06
1.547252e+01 2.346256e-02 -1.410199e-05
1.547252e+01 3.503514e-02 -3.372234e-05
1.547252e+01 5.263151e-02 -6.914754e-05
1.547252e+01 7.314235e-02 -1.361552e-04
1.547252e+01 1.025928e-01 -2.130450e-04
1.547252e+01 1.448116e-01 -3.504215e-04
1.547252e+01 2.023460e-01 -5.331189e-04
1.547252e+01 2.834245e-01 -7.616534e-04
1.547252e+01 3.967448e-01 -1.055252e-03
1.547252e+01 5.552783e-01 -1.410055e-03
1.547252e+01 7.774819e-01 -1.830137e-03
1.547252e+01 1.088445e+00 -2.290239e-03
1.547252e+01 1.523711e+00 -2.813051e-03
1.547252e+01 2.088426e+00 -3.264365e-03
1.547252e+01 2.685505e+00 -3.023823e-03
1.580197e+01 1.570796e-02 -5.302581e-06
1.580197e+01 2.346256e-02 -1.109886e-05
1.580197e+01 3.503514e-02 -2.655920e-05
1.580197e+01 5.263151e-02 -5.428840e-05
1.580197e+01 7.314235e-02 -1.076392e-04
1.580197e+01 1.025928e-01 -1.695424e-04
1.580197e+01 1.448116e-01 -2.775769e-04
1.580197e+01 2.023460e-01 -4.217006e-04
1.580197e+01 2.834245e-01 -6.016222e-04
1.580197e+01 3.967448e-01 -8.383768e-04
1.580197e+01 5.552783e-01 -1.127909e-03
1.580197e+01 7.774819e-01 -1.477498e-03
1.580197e+01 1.088445e+00 -1.877558e-03
1.580197e+01 1.523711e+00 -2.346898e-03
1.580197e+01 2.088426e+00 -2.752150e-03
1.580197e+01 2.685505e+00 -2.582028e-03
1.613801e+01 1.570796e-02 -4.275914e-06
1.613801e+01 2.346256e-02 -8.766284e-06
1.613801e+01 3.503514e-02 -2.108174e-05
1.613801e+01 5.263151e-02 -4.251749e-05
1.613801e+01 7.314235e-02 -8.446234e-05
1.613801e+01 1.025928e-01 -1.327148e-04
1.613801e+01 1.448116e-01 -2.195061e-04
1.613801e+01 2.023460e-01 -3.320203e-04
1.613801e+01 2.834245e-01 -4.746967e-04
1.613801e+01 3.967448e-01 -6.612996e-04
1.613801e+01 5.552783e-01 -8.969021e-04
1.613801e+01 7.774819e-01 -1.185605e-03
1.613801e+01 1.088445e+00 -1.534241e-03
1.613801e+01 1.523711e+00 -1.955976e-03
1.613801e+01 2.088426e+00 -2.323028e-03
1.613801e+01 2.685505e+00 -2.191462e-03
1.648077e+01 1.570796e-02 -3.494056e-06
1.648077e+01 2.346256e-02 -6.875771e-06
1.648077e+01 3.503514e-02 -1.676521e-05
1.648077e+01 5.263151e-02 -3.266162e-05
1.648077e+01 7.314235e-02 -6.668129e-05
1.648077e+01 1.025928e-01 -1.038798e-04
1.648077e+01 1.448116e-01 -1.712073e-04
1.648077e+01 2.023460e-01 -2.608479e-04
1.648077e+01 2.834245e-01 -3.731446e-04
1.648077e+01 3.967448e-01 -5.213511e-04
1.648077e+01 5.552783e-01 -7.111638e-04
1.648077e+01 7.774819e-01 -9.476786e-04
1.648077e+01 1.088445e+00 -1.245414e-03
1.648077e+01 1.523711e+00 -1.617222e-03
1.648077e+01 2.088426e+00 -1.936851e-03
1.648077e+01 2.685505e+00 -1.805796e-03
1.683038e+01 1.570796e-02 -2.648413e-06
1.683038e+01 2.346256e-02 -5.288963e-06
1.683038e+01 3.503514e-02 -1.302395e-05
1.683038e+01 5.263151e-02 -2.528938e-05
1.683038e+01 7.314235e-02 -5.145915e-05
1.683038e+01 1.025928e-01 -8.013972e-05
1.683038e+01 1.448116e-01 -1.327589e-04
1.683038e+01 2.023460e-01 -2.024089e-04
1.683038e+01 2.834245e-01 -2.895223e-04
1.683038e+01 3.967448e-01 -4.047441e-04
1.683038e+01 5.552783e-01 -5.566397e-04
1.683038e+01 7.774819e-01 -7.492499e-04
1.683038e+01 1.088445e+00 -1.002370e-03
1.683038e+01 1.523711e+00 -1.320627e-03
1.683038e+01 2.088426e+00 -1.596089e-03
1.683038e+01 2.685505e+00 -1.484175e-03
1.718699e+01 1.570796e-02 -2.081684e-06
1.718699e+01 2.346256e-02 -4.023340e-06
1.718699e+01 3.503514e-02 -1.010374e-05
1.718699e+01 5.263151e-02 -1.952005e-05
1.718699e+01 7.314235e-02 -3.922616e-05
1.718699e+01 1.025928e-01 -6.117209e-05
1.718699e+01 1.448116e-01 -1.027854e-04
1.718699e+01 2.023460e-01 -1.565353e-04
1.718699e+01 2.834245e-01 -2.232060e-04
1.718699e+01 3.967448e-01 -3.142645e-04
1.718699e+01 5.552783e-01 -4.329154e-04
1.718699e+01 7.774819e-01 -5.891752e-04
1.718699e+01 1.088445e+00 -7.954340e-04
1.718699e+01 1.523711e+00 -1.066678e-03
1.718699e+01 2.088426e+00 -1.303187e-03
1.718699e+01 2.685505e+00 -1.217328e-03
1.755073e+01 1.570796e-02 -1.652163e-06
1.755073e+01 2.346256e-02 -3.045009e-06
1.755073e+01 3.503514e-02 -7.881386e-06
1.755073e+01 5.263151e-02 -1.509331e-05
1.755073e+01 7.314235e-02 -2.999439e-05
1.755073e+01 1.025928e-01 -4.671504e-05
1.755073e+01 1.448116e-01 -7.904233e-05
1.755073e+01 2.023460e-01 -1.200637e-04
1.755073e+01 2.834245e-01 -1.725438e-04
1.755073e+01 3.967448e-01 -2.423757e-04
1.755073e+01 5.552783e-01 -3.354990e-04
1.755073e+01 7.774819e-01 -4.599251e-04
1.755073e+01 1.088445e+00 -6.275591e-04
1.755073e+01 1.523711e+00 -8.517948e-04
1.755073e+01 2.088426e+00 -1.049008e-03
1.755073e+01 2.685505e+00 -9.869441e-04
1.792175e+01 1.570796e-02 -1.258702e-06
1.792175e+01 2.346256e-02 -2.201851e-06
1.792175e+01 3.503514e-02 -6.061555e-06
1.792175e+01 5.263151e-02 -1.131945e-05
1.792175e+01 7.314235e-02 -2.256134e-05
1.792175e+01 1.025928e-01 -3.484142e-05
1.792175e+01 1.448116e-01 -5.936451e-05
1.792175e+01 2.023460e-01 -9.103766e-05
1.792175e+01 2.834245e-01 -1.297564e-04
1.792175e+01 3.967448e-01 -1.830721e-04
1.792175e+01 5.552783e-01 -2.544811e-04
1.792175e+01 7.774819e-01 -3.532484e-04
1.792175e+01 1.088445e+00 -4.876246e-04
1.792175e+01 1.523711e+00 -6.691713e-04
1.792175e+01 2.088426e+00 -8.329519e-04
1.792175e+01 2.685505e+00 -7.902233e-04
1.830018e+01 1.570796e-02 -1.009375e-06
1.830018e+01 2.346256e-02 -1.586118e-06
1.830018e+01 3.503514e-02 -4.589720e-06
1.830018e+01 5.263151e-02 -8.344333e-06
1.830018e+01 7.314235e-02 -1.685716e-05
1.830018e+01 1.025928e-01 -2.603290e-05
1.830018e+01 1.448116e-01 -4.432429e-05
1.830018e+01 2.023460e-01 -6.842269e-05
1.830018e+01 2.834245e-01 -9.737396e-05
1.830018e+01 3.967448e-01 -1.385655e-04
1.830018e+01 5.552783e-01 -1.930077e-04
1.830018e+01 7.774819e-01 -2.716251e-04
1.830018e+01 1.088445e+00 -3.763701e-04
1.830018e+01 1.523711e+00 -5.200422e-04
1.830018e+01 2.088426e+00 -6.530390e-04
1.830018e+01 2.685505e+00 -6.234214e-04
1.868618e+01 1.570796e-02 -7.603383e-07
1.868618e+01 2.346256e-02 -1.060499e-06
1.868618e+01 3.503514e-02 -3.400486e-06
1.868618e+01 5.263151e-02 -6.396459e-06
1.868618e+01 7.314235e-02 -1.249842e-05
1.868618e+01 1.025928e-01 -1.921805e-05
1.868618e+01 1.448116e-01 -3.253877e-05
1.868618e+01 2.023460e-01 -5.015651e-05
1.868618e+01 2.834245e-01 -7.206707e-05
1.868618e+01 3.967448e-01 -1.024511e-04
1.868618e+01 5.552783e-01 -1.441305e-04
1.868618e+01 7.774819e-01 -2.044628e-04
1.868618e+01 1.088445e+00 -2.846185e-04
1.868618e+01 1.523711e+00 -3.977633e-04
1.868618e+01 2.088426e+00 -4.988484e-04
1.868618e+01 2.685505e+00 -4.738177e-04
1.907991e+01 1.570796e-02 -5.665022e-07
1.907991e+01 2.346256e-02 -7.621868e-07
1.907991e+01 3.503514e-02 -2.422828e-06
1.907991e+01 5.263151e-02 -4.743974e-06
1.907991e+01 7.314235e-02 -8.956384e-06
1.907991e+01 1.025928e-01 -1.376056e-05
1.907991e+01 1.448116e-01 -2.373378e-05
1.907991e+01 2.023460e-01 -3.633564e-05
1.907991e+01 2.834245e-01 -5.189503e-05
1.907991e+01 3.967448e-01 -7.407565e-05
1.907991e+01 5.552783e-01 -1.049726e-04
1.907991e+01 7.774819e-01 -1.519189e-04
1.907991e+01 1.088445e+00 -2.112773e-04
1.907991e+01 1.523711e+00 -2.966825e-04
1.907991e+01 2.088426e+00 -3.737707e-04
1.907991e+01 2.685505e+00 -3.538993e-04
1.948151e+01 1.570796e-02 -4.145077e-07
1.948151e+01 2.346256e-02 -5.533796e-07
1.948151e+01 3.503514e-02 -1.702970e-06
1.948151e+01 5.263151e-02 -3.432979e-06
1.948151e+01 7.314235e-02 -6.369412e-06
1.948151e+01 1.025928e-01 -9.701658e-06
1.948151e+01 1.448116e-01 -1.689739e-05
1.948151e+01 2.023460e-01 -2.607036e-05
1.948151e+01 2.834245e-01 -3.735016e-05
1.948151e+01 3.967448e-01 -5.338881e-05
1.948151e+01 5.552783e-01 -7.611374e-05
1.948151e+01 7.774819e-01 -1.112344e-04
1.948151e+01 1.088445e+00 -1.550524e-04
1.948151e+01 1.523711e+00 -2.188020e-04
1.948151e+01 2.088426e+00 -2.766049e-04
1.948151e+01 2.685505e+00 -2.593965e-04
1.989114e+01 1.570796e-02 -3.034212e-07
1.989114e+01 2.346256e-02 -3.441013e-07
1.989114e+01 3.503514e-02 -1.165636e-06
1.989114e+01 5.263151e-02 -2.472888e-06
1.989114e+01 7.314235e-02 -4.522157e-06
1.989114e+01 1.025928e-01 -6.736869e-06
1.989114e+01 1.448116e-01 -1.197764e-05
1.989114e+01 2.023460e-01 -1.850233e-05
1.989114e+01 2.834245e-01 -2.624011e-05
1.989114e+01 3.967448e-01 -3.794263e-05
1.989114e+01 5.552783e-01 -5.417520e-05
1.989114e+01 7.774819e-01 -8.004542e-05
1.989114e+01 1.088445e+00 -1.115519e-04
1.989114e+01 1.523711e+00 -1.575105e-04
1.989114e+01 2.088426e+00 -2.011937e-04
1.989114e+01 2.685505e+00 -1.932552e-04
2.030896e+01 1.570796e-02 -2.262545e-07
2.030896e+01 2.346256e-02 -2.420074e-07
2.030896e+01 3.503514e-02 -8.593311e-07
2.030896e+01 5.263151e-02 -1.716140e-06
2.030896e+01 7.314235e-02 -3.084404e-06
2.030896e+01 1.025928e-01 -4.553237e-06
2.030896e+01 1.448116e-01 -8.365789e-06
2.030896e+01 2.023460e-01 -1.317293e-05
2.030896e+01 2.834245e-01 -1.821928e-05
2.030896e+01 3.967448e-01 -2.672417e-05
2.030896e+01 5.552783e-01 -3.832857e-05
2.030896e+01 7.774819e-01 -5.659620e-05
2.030896e+01 1.088445e+00 -7.906794e-05
2.030896e+01 1.523711e+00 -1.114821e-04
2.030896e+01 2.088426e+00 -1.441953e-04
2.030896e+01 2.685505e+00 -1.400507e-04
2.073514e+01 1.570796e-02 -1.490880e-07
2.073514e+01 2.346256e-02 -1.469650e-07
2.073514e+01 3.503514e-02 -5.626157e-07
2.073514e+01 5.263151e-02 -1.136845e-06
2.073514e+01 7.314235e-02 -1.999064e-06
2.073514e+01 1.025928e-01 -3.008828e-06
2.073514e+01 1.448116e-01 -5.697712e-06
2.073514e+01 2.023460e-01 -9.019869e-06
2.073514e+01 2.834245e-01 -1.230157e-05
2.073514e+01 3.967448e-01 -1.819292e-05
2.073514e+01 5.552783e-01 -2.640414e-05
2.073514e+01 7.774819e-01 -3.919919e-05
2.073514e+01 1.088445e+00 -5.433039e-05
2.073514e+01 1.523711e+00 -7.703003e-05
2.073514e+01 2.088426e+00 -1.000580e-04
2.073514e+01 2.685505e+00 -9.792171e-05
2.116984e+01 1.570796e-02 -1.051623e-07
2.116984e+01 2.346256e-02 -1.116900e-07
2.116984e+01 3.503514e-02 -3.982113e-07
2.116984e+01 5.263151e-02 -7.165060e-07
2.116984e+01 7.314235e-02 -1.318888e-06
2.116984e+01 1.025928e-01 -1.981379e-06
2.116984e+01 1.448116e-01 -3.773316e-06
2.116984e+01 2.023460e-01 -5.985370e-06
2.116984e+01 2.834245e-01 -8.224885e-06
2.116984e+01 3.967448e-01 -1.204856e-05
2.116984e+01 5.552783e-01 -1.788988e-05
2.116984e+01 7.774819e-01 -2.667891e-05
2.116984e+01 1.088445e+00 -3.691730e-05
2.116984e+01 1.523711e+00 -5.258703e-05
2.116984e+01 2.088426e+00 -6.931690e-05
2.116984e+01 2.685505e+00 -6.741163e-05
2.161324e+01 1.570796e-02 -6.666128e-08
2.161324e+01 2.346256e-02 -5.612023e-08
2.161324e+01 3.503514e-02 -2.535037e-07
2.161324e+01 5.263151e-02 -4.517791e-07
2.161324e+01 7.314235e-02 -8.174085e-07
2.161324e+01 1.025928e-01 -1.293115e-06
2.161324e+01 1.448116e-01 -2.442124e-06
2.161324e+01 2.023460e-01 -3.861332e-06
2.161324e+01 2.834245e-01 -5.338685e-06
2.161324e+01 3.967448e-01 -8.003513e-06
2.161324e+01 5.552783e-01 -1.175320e-05
2.161324e+01 7.774819e-01 -1.768549e-05
2.161324e+01 1.088445e+00 -2.450406e-05
2.161324e+01 1.523711e+00 -3.498978e-05
2.161324e+01 2.088426e+00 -4.624347e-05
2.161324e+01 2.685505e+00 -4.550472e-05
2.206550e+01 1.570796e-02 -4.191359e-08
2.206550e+01 2.346256e-02 -2.788242e-08
2.206550e+01 3.503514e-02 -1.731725e-07
2.206550e+01 5.263151e-02 -2.905468e-07
2.206550e+01 7.314235e-02 -5.276737e-07
2.206550e+01 1.025928e-01 -8.341203e-07
2.206550e+01 1.448116e-01 -1.580308e-06
2.206550e+01 2.023460e-01 -2.461017e-06
2.206550e+01 2.834245e-01 -3.442897e-06
2.206550e+01 3.967448e-01 -5.162600e-06
2.206550e+01 5.552783e-01 -7.689755e-06
2.206550e+01 7.774819e-01 -1.159412e-05
2.206550e+01 1.088445e+00 -1.620859e-05
2.206550e+01 1.523711e+00 -2.290825e-05
2.206550e+01 2.088426e+00 -3.042571e-05
2.206550e+01 2.685505e+00 -3.031433e-05
2.252681e+01 1.570796e-02 -2.516053e-08
2.252681e+01 2.346256e-02 -1.778073e-08
2.252681e+01 3.503514e-02 -1.024596e-07
2.252681e+01 5.263151e-02 -1.640212e-07
2.252681e+01 7.314235e-02 -3.143813e-07
2.252681e+01 1.025928e-01 -5.108776e-07
2.252681e+01 1.448116e-01 -9.619540e-07
2.252681e+01 2.023460e-01 -1.523665e-06
2.252681e+01 2.834245e-01 -2.083058e-06
2.252681e+01 3.967448e-01 -3.210243e-06
2.252681e+01 5.552783e-01 -4.864129e-06
2.252681e+01 7.774819e-01 -7.311375e-06
2.252681e+01 1.088445e+00 -1.038831e-05
2.252681e+01 1.523711e+00 -1.470721e-05
2.252681e+01 2.088426e+00 -1.971405e-05
2.252681e+01 2.685505e+00 -1.924940e-05
2.299735e+01 1.570796e-02 -1.589888e-08
2.299735e+01 2.346256e-02 -7.983918e-09
2.299735e+01 3.503514e-02 -5.712487e-08
2.299735e+01 5.263151e-02 -1.049459e-07
2.299735e+01 7.314235e-02 -1.868271e-07
2.299735e+01 1.025928e-01 -3.113426e-07
2.299735e+01 1.448116e-01 -5.861674e-07
2.299735e+01 2.023460e-01 -9.445447e-07
2.299735e+01 2.834245e-01 -1.270281e-06
2.299735e+01 3.967448e-01 -1.963689e-06
2.299735e+01 5.552783e-01 -2.991613e-06
2.299735e+01 7.774819e-01 -4.643843e-06
2.299735e+01 1.088445e+00 -6.496575e-06
2.299735e+01 1.523711e+00 -9.389225e-06
2.299735e+01 2.088426e+00 -1.260890e-05
2.299735e+01 2.685505e+00 -1.191216e-05
2.347730e+01 1.570796e-02 4.643397e-10
2.347730e+01 2.346256e-02 1.179759e-09
2.347730e+01 3.503514e-02 2.393520e-09
2.347730e+01 5.263151e-02 4.906307e-09
2.347730e+01 7.314235e-02 1.024195e-08
2.347730e+01 1.025928e-01 1.527538e-08
2.347730e+01 1.448116e-01 2.590201e-08
2.347730e+01 2.023460e-01 3.773675e-08
2.347730e+01 2.834245e-01 5.468878e-08
2.347730e+01 3.967448e-01 7.699850e-08
2.347730e+01 5.552783e-01 1.070923e-07
2.347730e+01 7.774819e-01 1.393782e-07
2.347730e+01 1.088445e+00 1.554759e-07
2.347730e+01 1.523711e+00 1.365574e-07
2.347730e+01 2.088426e+00 9.060290e-08
2.347730e+01 2.685505e+00 4.047495e-08
2.396684e+01 1.570796e-02 4.349185e-10
2.396684e+01 2.346256e-02 1.103902e-09
2.396684e+01 3.503514e-02 2.240545e-09
2.396684e+01 5.263151e-02 4.588813e-09
2.396684e+01 7.314235e-02 9.585475e-09
2.396684e+01 1.025928e-01 1.429384e-08
2.396684e+01 1.448116e-01 2.426101e-08
2.396684e+01 2.023460e-01 3.542611e-08
2.396684e+01 2.834245e-01 5.158488e-08
2.396684e+01 3.967448e-01 7.310559e-08
2.396684e+01 5.552783e-01 1.024603e-07
2.396684e+01 7.774819e-01 1.341444e-07
2.396684e+01 1.088445e+00 1.507583e-07
2.396684e+01 1.523711e+00 1.340770e-07
2.396684e+01 2.088426e+00 9.050930e-08
2.396684e+01 2.685505e+00 4.085284e-08
2.446618e+01 1.570796e-02 4.057331e-10
2.446618e+01 2.346256e-02 1.028990e-09
2.446618e+01 3.503514e-02 2.090786e-09
2.446618e+01 5.263151e-02 4.277471e-09
2.446618e+01 7.314235e-02 8.942766e-09
2.446618e+01 1.025928e-01 1.333100e-08
2.446618e+01 1.448116e-01 2.265517e-08
2.446618e+01 2.023460e-01 3.316729e-08
2.446618e+01 2.834245e-01 4.854270e-08
2.446618e+01 3.967448e-01 6.927662e-08
2.446618e+01 5.552783e-01 9.777357e-08
2.446618e+01 7.774819e-01 1.287575e-07
2.446618e+01 1.088445e+00 1.457636e-07
2.446618e+01 1.523711e+00 1.314973e-07
2.446618e+01 2.088426e+00 9.037237e-08
2.446618e+01 2.685505e+00 4.131608e-08
2.497550e+01 1.570796e-02 3.772518e-10
2.497550e+01 2.346256e-02 9.561604e-10
2.497550e+01 3.503514e-02 1.944005e-09
2.497550e+01 5.263151e-02 3.974080e-09
2.497550e+01 7.314235e-02 8.314806e-09
2.497550e+01 1.025928e-01 1.239293e-08
2.497550e+01 1.448116e-01 2.108833e-08
2.497550e+01 2.023460e-01 3.096187e-08
2.497550e+01 2.834245e-01 4.555726e-08
2.497550e+01 3.967448e-01 6.546834e-08
2.497550e+01 5.552783e-01 9.302877e-08
2.497550e+01 7.774819e-01 1.231581e-07
2.497550e+01 1.088445e+00 1.405181e-07
2.497550e+01 1.523711e+00 1.286165e-07
2.497550e+01 2.088426e+00 9.036346e-08
2.497550e+01 2.685505e+00 4.191896e-08
2.549501e+01 1.570796e-02 3.493825e-10
2.549501e+01 2.346256e-02 8.851156e-10
2.549501e+01 3.503514e-02 1.801545e-09
2.549501e+01 5.263151e-02 3.677952e-09
2.549501e+01 7.314235e-02 7.703923e-09
2.549501e+01 1.025928e-01 1.147970e-08
2.549501e+01 1.448116e-01 1.956335e-08
2.549501e+01 2.023460e-01 2.880502e-08
2.549501e+01 2.834245e-01 4.262450e-08
2.549501e+01 3.967448e-01 6.168096e-08
2.549501e+01 5.552783e-01 8.819663e-08
2.549501e+01 7.774819e-01 1.174036e-07
2.549501e+01 1.088445e+00 1.349782e-07
2.549501e+01 1.523711e+00 1.256164e-07
2.549501e+01 2.088426e+00 9.030271e-08
2.549501e+01 2.685505e+00 4.266944e-08
2.602491e+01 1.570796e-02 3.221695e-10
2.602491e+01 2.346256e-02 8.160811e-10
2.602491e+01 3.503514e-02 1.662089e-09
2.602491e+01 5.263151e-02 3.390202e-09
2.602491e+01 7.314235e-02 7.107834e-09
2.602491e+01 1.025928e-01 1.058711e-08
2.602491e+01 1.448116e-01 1.807364e-08
2.602491e+01 2.023460e-01 2.669665e-08
2.602491e+01 2.834245e-01 3.973477e-08
2.602491e+01 3.967448e-01 5.789024e-08
2.602491e+01 5.552783e-01 8.325993e-08
2.602491e+01 7.774819e-01 1.114000e-07
2.602491e+01 1.088445e+00 1.291739e-07
2.602491e+01 1.523711e+00 1.223602e-07
2.602491e+01 2.088426e+00 9.020836e-08
2.602491e+01 2.685505e+00 4.366389e-08
2.656541e+01 1.570796e-02 2.956880e-10
2.656541e+01 2.346256e-02 7.497227e-10
2.656541e+01 3.503514e-02 1.525851e-09
2.656541e+01 5.263151e-02 3.110529e-09
2.656541e+01 7.314235e-02 6.527264e-09
2.656541e+01 1.025928e-01 9.719096e-09
2.656541e+01 1.448116e-01 1.662209e-08
2.656541e+01 2.023460e-01 2.464269e-08
2.656541e+01 2.834245e-01 3.687994e-08
2.656541e+01 3.967448e-01 5.409952e-08
2.656541e+01 5.552783e-01 7.823167e-08
2.656541e+01 7.774819e-01 1.051993e-07
2.656541e+01 1.088445e+00 1.230819e-07
2.656541e+01 1.523711e+00 1.187933e-07
2.656541e+01 2.088426e+00 8.999216e-08
2.656541e+01 2.685505e+00 4.494228e-08
2.711672e+01 1.570796e-02 2.700464e-10
2.711672e+01 2.346256e-02 6.850240e-10
2.711672e+01 3.503514e-02 1.393367e-09
2.711672e+01 5.263151e-02 2.839283e-09
2.711672e+01 7.314235e-02 5.961524e-09
2.711672e+01 1.025928e-01 8.877694e-09
2.711672e+01 1.448116e-01 1.520586e-08
2.711672e+01 2.023460e-01 2.263325e-08
2.711672e+01 2.834245e-01 3.407116e-08
2.711672e+01 3.967448e-01 5.027920e-08
2.711672e+01 5.552783e-01 7.308845e-08
2.711672e+01 7.774819e-01 9.877124e-08
2.711672e+01 1.088445e+00 1.166773e-07
2.711672e+01 1.523711e+00 1.149027e-07
2.711672e+01 2.088426e+00 8.949177e-08
2.711672e+01 2.685505e+00 4.661274e-08
2.767905e+01 1.570796e-02 2.449602e-10
2.767905e+01 2.346256e-02 6.216244e-10
2.767905e+01 3.503514e-02 1.264300e-09
2.767905e+01 5.263151e-02 2.575710e-09
2.767905e+01 7.314235e-02 5.412559e-09
2.767905e+01 1.025928e-01 8.057922e-09
2.767905e+01 1.448116e-01 1.382809e-08
2.767905e+01 2.023460e-01 2.066868e-08
2.767905e+01 2.834245e-01 3.129323e-08
2.767905e+01 3.967448e-01 4.644091e-08
2.767905e+01 5.552783e-01 6.782734e-08
2.767905e+01 7.774819e-01 9.211590e-08
2.767905e+01 1.088445e+00 1.099288e-07
2.767905e+01 1.523711e+00 1.105569e-07
2.767905e+01 2.088426e+00 8.889153e-08
2.767905e+01 2.685505e+00 4.853661e-08
2.825263e+01 1.570796e-02 2.206290e-10
2.825263e+01 2.346256e-02 5.605921e-10
2.825263e+01 3.503514e-02 1.138604e-09
2.825263e+01 5.263151e-02 2.318695e-09
2.825263e+01 7.314235e-02 4.877554e-09
2.825263e+01 1.025928e-01 7.263568e-09
2.825263e+01 1.448116e-01 1.248034e-08
2.825263e+01 2.023460e-01 1.874314e-08
2.825263e+01 2.834245e-01 2.852937e-08
2.825263e+01 3.967448e-01 4.256428e-08
2.825263e+01 5.552783e-01 6.243923e-08
2.825263e+01 7.774819e-01 8.527190e-08
2.825263e+01 1.088445e+00 1.028359e-07
2.825263e+01 1.523711e+00 1.058014e-07
2.825263e+01 2.088426e+00 8.788731e-08
2.825263e+01 2.685505e+00 5.075067e-08
2.883769e+01 1.570796e-02 1.968828e-10
2.883769e+01 2.346256e-02 5.009120e-10
2.883769e+01 3.503514e-02 1.016204e-09
2.883769e+01 5.263151e-02 2.069194e-09
2.883769e+01 7.314235e-02 4.355655e-09
2.883769e+01 1.025928e-01 6.488805e-09
2.883769e+01 1.448116e-01 1.116568e-08
2.883769e+01 2.023460e-01 1.684723e-08
2.883769e+01 2.834245e-01 2.578107e-08
2.883769e+01 3.967448e-01 3.864699e-08
2.883769e+01 5.552783e-01 5.694206e-08
2.883769e+01 7.774819e-01 7.820520e-08
2.883769e+01 1.088445e+00 9.533656e-08
2.883769e+01 1.523711e+00 1.003372e-07
2.883769e+01 2.088426e+00 8.643847e-08
2.883769e+01 2.685505e+00 5.303602e-08
2.943444e+01 1.570796e-02 1.738342e-10
2.943444e+01 2.346256e-02 4.426672e-10
2.943444e+01 3.503514e-02 8.965453e-10
2.943444e+01 5.263151e-02 1.826076e-09
2.943444e+01 7.314235e-02 3.846789e-09
2.943444e+01 1.025928e-01 5.733778e-09
2.943444e+01 1.448116e-01 9.879734e-09
2.943444e+01 2.023460e-01 1.497962e-08
2.943444e+01 2.834245e-01 2.304079e-08
2.943444e+01 3.967448e-01 3.469060e-08
2.943444e+01 5.552783e-01 5.132231e-08
2.943444e+01 7.774819e-01 7.088449e-08
2.943444e+01 1.088445e+00 8.740603e-08
2.943444e+01 1.523711e+00 9.425637e-08
2.943444e+01 2.088426e+00 8.436932e-08
2.943444e+01 2.685505e+00 5.538131e-08
3.004313e+01 1.570796e-02 1.512987e-10
3.004313e+01 2.346256e-02 3.857813e-10
3.004313e+01 3.503514e-02 7.803802e-10
3.004313e+01 5.263151e-02 1.589811e-09
3.004313e+01 7.314235e-02 3.351085e-09
3.004313e+01 1.025928e-01 4.997820e-09
3.004313e+01 1.448116e-01 8.623914e-09
3.004313e+01 2.023460e-01 1.313632e-08
3.004313e+01 2.834245e-01 2.029988e-08
3.004313e+01 3.967448e-01 3.069752e-08
3.004313e+01 5.552783e-01 4.558269e-08
3.004313e+01 7.774819e-01 6.331358e-08
3.004313e+01 1.088445e+00 7.904834e-08
3.004313e+01 1.523711e+00 8.736500e-08
3.004313e+01 2.088426e+00 8.150435e-08
3.004313e+01 2.685505e+00 5.746451e-08
3.066399e+01 1.570796e-02 1.292855e-10
3.066399e+01 2.346256e-02 3.305379e-10
3.066399e+01 3.503514e-02 6.668881e-10
3.066399e+01 5.263151e-02 1.359179e-09
3.066399e+01 7.314235e-02 2.867996e-09
3.066399e+01 1.025928e-01 4.279471e-09
3.066399e+01 1.448116e-01 7.392403e-09
3.066399e+01 2.023460e-01 1.131953e-08
3.066399e+01 2.834245e-01 1.757361e-08
3.066399e+01 3.967448e-01 2.666248e-08
3.066399e+01 5.552783e-01 3.974241e-08
3.066399e+01 7.774819e-01 5.549313e-08
3.066399e+01 1.088445e+00 7.016024e-08
3.066399e+01 1.523711e+00 7.954517e-08
3.066399e+01 2.088426e+00 7.749595e-08
3.066399e+01 2.685505e+00 5.892383e-08
3.129727e+01 1.570796e-02 1.079327e-10
3.129727e+01 2.346256e-02 2.762769e-10
3.129727e+01 3.503514e-02 5.563170e-10
3.129727e+01 5.263151e-02 1.134605e-09
3.129727e+01 7.314235e-02 2.395828e-09
3.129727e+01 1.025928e-01 3.578912e-09
3.129727e+01 1.448116e-01 6.188221e-09
3.129727e+01 2.023460e-01 9.519218e-09
3.129727e+01 2.834245e-01 1.484432e-08
3.129727e+01 3.967448e-01 2.259138e-08
3.129727e+01 5.552783e-01 3.378760e-08
3.129727e+01 7.774819e-01 4.743614e-08
3.129727e+01 1.088445e+00 6.072487e-08
3.129727e+01 1.523711e+00 7.068420e-08
3.129727e+01 2.088426e+00 7.214951e-08
3.129727e+01 2.685505e+00 5.941790e-08
3.194322e+01 1.570796e-02 8.705648e-11
3.194322e+01 2.346256e-02 2.233968e-10
3.194322e+01 3.503514e-02 4.486612e-10
3.194322e+01 5.263151e-02 9.156743e-10
3.194322e+01 7.314235e-02 1.935330e-09
3.194322e+01 1.025928e-01 2.893817e-09
3.194322e+01 1.448116e-01 5.009152e-09
3.194322e+01 2.023460e-01 7.740344e-09
3.194322e+01 2.834245e-01 1.211761e-08
3.194322e+01 3.967448e-01 1.849386e-08
3.194322e+01 5.552783e-01 2.773570e-08
3.194322e+01 7.774819e-01 3.915046e-08
3.194322e+01 1.088445e+00 5.076733e-08
3.194322e+01 1.523711e+00 6.071457e-08
3.194322e+01 2.088426e+00 6.507602e-08
3.194322e+01 2.685505e+00 5.814200e-08
3.260208e+01 1.570796e-02 6.667321e-11
3.260208e+01 2.346256e-02 1.713670e-10
3.260208e+01 3.503514e-02 3.434060e-10
3.260208e+01 5.263151e-02 7.022480e-10
3.260208e+01 7.314235e-02 1.485662e-09
3.260208e+01 1.025928e-01 2.223471e-09
3.260208e+01 1.448116e-01 3.853862e-09
3.260208e+01 2.023460e-01 5.979430e-09
3.260208e+01 2.834245e-01 9.394580e-09
3.260208e+01 3.967448e-01 1.436673e-08
3.260208e+01 5.552783e-01 2.161255e-08
3.260208e+01 7.774819e-01 3.066124e-08
3.260208e+01 1.088445e+00 4.025402e-08
3.260208e+01 1.523711e+00 4.947973e-08
3.260208e+01 2.088426e+00 5.584168e-08
3.260208e+01 2.685505e+00 5.418832e-08
3.327412e+01 1.570796e-02 4.682107e-11
3.327412e+01 2.346256e-02 1.207760e-10
3.327412e+01 3.503514e-02 2.411571e-10
3.327412e+01 5.263151e-02 4.936968e-10
3.327412e+01 7.314235e-02 1.045029e-09
3.327412e+01 1.025928e-01 1.566622e-09
3.327412e+01 1.448116e-01 2.717663e-09
3.327412e+01 2.023460e-01 4.234985e-09
3.327412e+01 2.834245e-01 6.676908e-09
3.327412e+01 3.967448e-01 1.022828e-08
3.327412e+01 5.552783e-01 1.542947e-08
3.327412e+01 7.774819e-01 2.198118e-08
3.327412e+01 1.088445e+00 2.923366e-08
3.327412e+01 1.523711e+00 3.692400e-08
3.327412e+01 2.088426e+00 4.400111e-08
3.327412e+01 2.685505e+00 4.635991e-08
3.395961e+01 1.570796e-02 2.814422e-11
3.395961e+01 2.346256e-02 7.304689e-11
3.395961e+01 3.503514e-02 1.448524e-10
3.395961e+01 5.263151e-02 2.977502e-10
3.395961e+01 7.314235e-02 6.307732e-10
3.395961e+01 1.025928e-01 9.465415e-10
3.395961e+01 1.448116e-01 1.641065e-09
3.395961e+01 2.023460e-01 2.559906e-09
3.395961e+01 2.834245e-01 4.033084e-09
3.395961e+01 3.967448e-01 6.156994e-09
3.395961e+01 5.552783e-01 9.271462e-09
3.395961e+01 7.774819e-01 1.320691e-08
3.395961e+01 1.088445e+00 1.772767e-08
3.395961e+01 1.523711e+00 2.297125e-08
3.395961e+01 2.088426e+00 2.881586e-08
3.395961e+01 2.685505e+00 3.262036e-08
3.465880e+01 1.570796e-02 9.005938e-12
3.465880e+01 2.346256e-02 2.236554e-11
3.465880e+01 3.503514e-02 4.777218e-11
3.465880e+01 5.263151e-02 9.230636e-11
3.465880e+01 7.314235e-02 2.012368e-10
3.465880e+01 1.025928e-01 2.995902e-10
3.465880e+01 1.448116e-01 5.189222e-10
3.465880e+01 2.023460e-01 8.207982e-10
3.465880e+01 2.834245e-01 1.304706e-09
3.465880e+01 3.967448e-01 2.003483e-09
3.465880e+01 5.552783e-01 3.027048e-09
3.465880e+01 7.774819e-01 4.335070e-09
3.465880e+01 1.088445e+00 5.877864e-09
3.465880e+01 1.523711e+00 7.785994e-09
3.465880e+01 2.088426e+00 1.022539e-08
3.465880e+01 2.685505e+00 1.236053e-08
3.537197e+01 1.570796e-02 0.000000e+00
3.537197e+01 2.346256e-02 0.000000e+00
3.537197e+01 3.503514e-02 0.000000e+00
3.537197e+01 5.263151e-02 0.000000e+00
3.537197e+01 7.314235e-02 0.000000e+00
3.537197e+01 1.025928e-01 0.000000e+00
3.537197e+01 1.448116e-01 0.000000e+00
3.537197e+01 2.023460e-01 0.000000e+00
3.537197e+01 2.834245e-01 0.000000e+00
3.537197e+01 3.967448e-01 0.000000e+00
3.537197e+01 5.552783e-01 0.000000e+00
3.537197e+01 7.774819e-01 0.000000e+00
3.537197e+01 1.088445e+00 0.000000e+00
3.537197e+01 1.523711e+00 0.000000e+00
3.537197e+01 2.088426e+00 0.000000e+00
3.537197e+01 2.685505e+00 0.000000e+00
