3.537197473298937211e+01 9.997801780700683594e-01
3.465879875783272013e+01 9.997801780700683594e-01
3.395960662532619523e+01 9.997802376747131348e-01
3.327412414247665851e+01 9.997802972793579102e-01
3.260208249262417723e+01 9.997802972793579102e-01
3.194321813002370192e+01 9.997805356979370117e-01
3.129727267649382583e+01 9.997805953025817871e-01
3.066399282009198757e+01 9.997806549072265625e-01
3.004313021577645770e+01 9.997806549072265625e-01
2.943444138801613619e+01 9.997844099998474121e-01
2.883768763530993695e+01 9.997844696044921875e-01
2.825263493657836733e+01 9.997845292091369629e-01
2.767905385939055662e+01 9.997845888137817383e-01
2.711671946999074123e+01 9.997845888137817383e-01
2.656541124508895990e+01 9.997848272323608398e-01
2.602491298538133435e+01 9.997848272323608398e-01
2.549501273076601393e+01 9.997848868370056152e-01
2.497550267722158068e+01 9.997849464416503906e-01
2.446617909531527602e+01 9.997849464416503906e-01
2.396684225030909232e+01 9.997853636741638184e-01
2.347729632383244436e+01 9.997859001159667969e-01
2.299734933709063256e+01 9.997805953025817871e-01
2.252681307557904944e+01 9.997766017913818359e-01
2.206550301527357760e+01 9.997699260711669922e-01
2.161323825026821410e+01 9.997590780258178711e-01
2.116984142183158113e+01 9.997417926788330078e-01
2.073513864885449109e+01 9.997122287750244141e-01
2.030895945966126703e+01 9.996656775474548340e-01
1.989113672515810549e+01 9.995988011360168457e-01
1.948150659329225931e+01 9.995052814483642578e-01
1.907990842479633287e+01 9.993765950202941895e-01
1.868618473019248327e+01 9.992085099220275879e-01
1.830018110803184683e+01 9.989953637123107910e-01
1.792174618434494704e+01 9.987245202064514160e-01
1.755073155327935908e+01 9.983766078948974609e-01
1.718699171890133215e+01 9.979510903358459473e-01
1.683038403813856121e+01 9.974149465560913086e-01
1.648076866484172598e+01 9.967557787895202637e-01
1.613800849494286993e+01 9.959642887115478516e-01
1.580196911268908622e+01 9.949783682823181152e-01
1.547251873793047494e+01 9.937838912010192871e-01
1.514952817444164168e+01 9.923396706581115723e-01
1.483287075925650988e+01 9.906312227249145508e-01
1.452242231299657860e+01 9.885336160659790039e-01
1.421806109117311578e+01 9.860044121742248535e-01
1.391966773644423050e+01 9.830826520919799805e-01
1.362712523180806912e+01 9.796421527862548828e-01
1.334031885471379297e+01 9.755817651748657227e-01
1.305913613207234647e+01 9.709322452545166016e-01
1.278346679614935866e+01 9.655929803848266602e-01
1.251320274132289967e+01 9.594123959541320801e-01
1.224823798168911715e+01 9.523730874061584473e-01
1.198846860949913484e+01 9.444986581802368164e-01
1.173379275441091707e+01 9.354694485664367676e-01
1.148411054354011540e+01 9.247792363166809082e-01
1.123932406229423009e+01 9.131456017494201660e-01
1.099933731597473496e+01 9.004504084587097168e-01
1.076405619213209341e+01 8.862037658691406250e-01
1.053338842365891459e+01 8.703901767730712891e-01
1.030724355260677960e+01 8.530488014221191406e-01
1.008553289471252867e+01 8.339457511901855469e-01
9.868169504620125210e+00 8.128583431243896484e-01
9.655068141784436619e+00 7.898298501968383789e-01
9.446145237043564791e+00 7.646945118904113770e-01
9.241318859846632705e+00 7.366316914558410645e-01
9.040508686124150373e+00 7.063075900077819824e-01
8.843635966788381708e+00 6.734357476234436035e-01
8.650623496851354233e+00 6.377928256988525391e-01
8.461395585148386189e+00 5.993298292160034180e-01
8.275878024655280996e+00 5.579569339752197266e-01
8.093998063387530806e+00 5.132158994674682617e-01
7.915684375870128520e+00 4.650140404701232910e-01
7.740867035166791865e+00 4.135543107986450195e-01
7.569477485457639432e+00 3.587340712547302246e-01
7.401448515154548602e+00 3.006586134433746338e-01
7.236714230543675797e+00 2.398059070110321045e-01
7.075210029944779322e+00 1.809809356927871704e-01
6.916872578377233793e+00 1.252247840166091919e-01
6.761639782722777881e+00 7.819923013448715210e-02
6.609450767375272484e+00 4.264222830533981323e-02
6.460245850367914322e+00 1.779724657535552979e-02
6.313966519968543523e+00 4.641305189579725266e-03
6.170555411733865903e+00 8.748162654228508472e-04
6.029956286013593569e+00 3.312492822260537650e-07
5.892114005895679796e+00 0.000000000000000000e+00
5.756974515583999974e+00 0.000000000000000000e+00
5.624484819200000096e+00 0.000000000000000000e+00
5.494592960000000303e+00 0.000000000000000000e+00
5.367248000000000019e+00 0.000000000000000000e+00
5.242399999999999949e+00 0.000000000000000000e+00
5.120000000000000107e+00 0.000000000000000000e+00
5.000000000000000000e+00 0.000000000000000000e+00
