3.537197473298937211e+01 9.997801780700683594e-01
3.465879875783272013e+01 9.997801780700683594e-01
3.395960662532619523e+01 9.997802376747131348e-01
3.327412414247665851e+01 9.997802972793579102e-01
3.260208249262417723e+01 9.997802972793579102e-01
3.194321813002370192e+01 9.997805356979370117e-01
3.129727267649382583e+01 9.997805953025817871e-01
3.066399282009198757e+01 9.997806549072265625e-01
3.004313021577645770e+01 9.997806549072265625e-01
2.943444138801613619e+01 9.997844696044921875e-01
2.883768763530993695e+01 9.997844696044921875e-01
2.825263493657836733e+01 9.997845292091369629e-01
2.767905385939055662e+01 9.997845888137817383e-01
2.711671946999074123e+01 9.997845888137817383e-01
2.656541124508895990e+01 9.997848272323608398e-01
2.602491298538133435e+01 9.997848272323608398e-01
2.549501273076601393e+01 9.997848868370056152e-01
2.497550267722158068e+01 9.997849464416503906e-01
2.446617909531527602e+01 9.997849464416503906e-01
2.396684225030909232e+01 9.997781515121459961e-01
2.347729632383244436e+01 9.997724294662475586e-01
2.299734933709063256e+01 9.997648000717163086e-01
2.252681307557904944e+01 9.997513890266418457e-01
2.206550301527357760e+01 9.997255802154541016e-01
2.161323825026821410e+01 9.996863007545471191e-01
2.116984142183158113e+01 9.996269345283508301e-01
2.073513864885449109e+01 9.995476007461547852e-01
2.030895945966126703e+01 9.994425177574157715e-01
1.989113672515810549e+01 9.993064403533935547e-01
1.948150659329225931e+01 9.991278052330017090e-01
1.907990842479633287e+01 9.989006519317626953e-01
1.868618473019248327e+01 9.986100196838378906e-01
1.830018110803184683e+01 9.982412457466125488e-01
1.792174618434494704e+01 9.977851510047912598e-01
1.755073155327935908e+01 9.971946477890014648e-01
1.718699171890133215e+01 9.964549541473388672e-01
1.683038403813856121e+01 9.955423474311828613e-01
1.648076866484172598e+01 9.943966269493103027e-01
1.613800849494286993e+01 9.929501414299011230e-01
1.580196911268908622e+01 9.912080168724060059e-01
1.547251873793047494e+01 9.890787601470947266e-01
1.514952817444164168e+01 9.864712357521057129e-01
1.483287075925650988e+01 9.833416938781738281e-01
1.452242231299657860e+01 9.795784950256347656e-01
1.421806109117311578e+01 9.751188158988952637e-01
1.391966773644423050e+01 9.698486328125000000e-01
1.362712523180806912e+01 9.636848568916320801e-01
1.334031885471379297e+01 9.564799666404724121e-01
1.305913613207234647e+01 9.482488632202148438e-01
1.278346679614935866e+01 9.388619661331176758e-01
1.251320274132289967e+01 9.279695153236389160e-01
1.224823798168911715e+01 9.154648780822753906e-01
1.198846860949913484e+01 9.011939764022827148e-01
1.173379275441091707e+01 8.850780129432678223e-01
1.148411054354011540e+01 8.668714761734008789e-01
1.123932406229423009e+01 8.463523983955383301e-01
1.099933731597473496e+01 8.233366608619689941e-01
1.076405619213209341e+01 7.976382970809936523e-01
1.053338842365891459e+01 7.691581249237060547e-01
1.030724355260677960e+01 7.373775839805603027e-01
1.008553289471252867e+01 7.020288705825805664e-01
9.868169504620125210e+00 6.628910303115844727e-01
9.655068141784436619e+00 6.196706891059875488e-01
9.446145237043564791e+00 5.722677707672119141e-01
9.241318859846632705e+00 5.204148888587951660e-01
9.040508686124150373e+00 4.633925855159759521e-01
8.843635966788381708e+00 4.011370837688446045e-01
8.650623496851354233e+00 3.336025178432464600e-01
8.461395585148386189e+00 2.600783407688140869e-01
8.275878024655280996e+00 1.845333278179168701e-01
8.093998063387530806e+00 1.141655147075653076e-01
7.915684375870128520e+00 5.858299136161804199e-02
7.740867035166791865e+00 2.259833551943302155e-02
7.569477485457639432e+00 4.673618357628583908e-03
7.401448515154548602e+00 9.214147576130926609e-04
7.236714230543675797e+00 0.000000000000000000e+00
7.075210029944779322e+00 0.000000000000000000e+00
6.916872578377233793e+00 0.000000000000000000e+00
6.761639782722777881e+00 0.000000000000000000e+00
6.609450767375272484e+00 0.000000000000000000e+00
6.460245850367914322e+00 0.000000000000000000e+00
6.313966519968543523e+00 0.000000000000000000e+00
6.170555411733865903e+00 0.000000000000000000e+00
6.029956286013593569e+00 0.000000000000000000e+00
5.892114005895679796e+00 0.000000000000000000e+00
5.756974515583999974e+00 0.000000000000000000e+00
5.624484819200000096e+00 0.000000000000000000e+00
5.494592960000000303e+00 0.000000000000000000e+00
5.367248000000000019e+00 0.000000000000000000e+00
5.242399999999999949e+00 0.000000000000000000e+00
5.120000000000000107e+00 0.000000000000000000e+00
5.000000000000000000e+00 0.000000000000000000e+00
