3.537197473298937211e+01 9.997801780700683594e-01
3.465879875783272013e+01 9.997801780700683594e-01
3.395960662532619523e+01 9.997802376747131348e-01
3.327412414247665851e+01 9.997802972793579102e-01
3.260208249262417723e+01 9.997802972793579102e-01
3.194321813002370192e+01 9.997805356979370117e-01
3.129727267649382583e+01 9.997805953025817871e-01
3.066399282009198757e+01 9.997806549072265625e-01
3.004313021577645770e+01 9.997806549072265625e-01
2.943444138801613619e+01 9.997844696044921875e-01
2.883768763530993695e+01 9.997844696044921875e-01
2.825263493657836733e+01 9.997845292091369629e-01
2.767905385939055662e+01 9.997845888137817383e-01
2.711671946999074123e+01 9.997845888137817383e-01
2.656541124508895990e+01 9.997848272323608398e-01
2.602491298538133435e+01 9.997848272323608398e-01
2.549501273076601393e+01 9.997848868370056152e-01
2.497550267722158068e+01 9.997849464416503906e-01
2.446617909531527602e+01 9.997849464416503906e-01
2.396684225030909232e+01 9.997853636741638184e-01
2.347729632383244436e+01 9.997859001159667969e-01
2.299734933709063256e+01 9.997859001159667969e-01
2.252681307557904944e+01 9.997859597206115723e-01
2.206550301527357760e+01 9.997860193252563477e-01
2.161323825026821410e+01 9.997860193252563477e-01
2.116984142183158113e+01 9.997862577438354492e-01
2.073513864885449109e+01 9.997862577438354492e-01
2.030895945966126703e+01 9.997862577438354492e-01
1.989113672515810549e+01 9.997797012329101562e-01
1.948150659329225931e+01 9.997739791870117188e-01
1.907990842479633287e+01 9.997658133506774902e-01
1.868618473019248327e+01 9.997520446777343750e-01
1.830018110803184683e+01 9.997310638427734375e-01
1.792174618434494704e+01 9.996961355209350586e-01
1.755073155327935908e+01 9.996449351310729980e-01
1.718699171890133215e+01 9.995754957199096680e-01
1.683038403813856121e+01 9.994783997535705566e-01
1.648076866484172598e+01 9.993492364883422852e-01
1.613800849494286993e+01 9.991853237152099609e-01
1.580196911268908622e+01 9.989760518074035645e-01
1.547251873793047494e+01 9.987047314643859863e-01
1.514952817444164168e+01 9.983751177787780762e-01
1.483287075925650988e+01 9.979574680328369141e-01
1.452242231299657860e+01 9.974370598793029785e-01
1.421806109117311578e+01 9.967969655990600586e-01
1.391966773644423050e+01 9.960160851478576660e-01
1.362712523180806912e+01 9.950298666954040527e-01
1.334031885471379297e+01 9.938220977783203125e-01
1.305913613207234647e+01 9.923781156539916992e-01
1.278346679614935866e+01 9.906343221664428711e-01
1.251320274132289967e+01 9.885326027870178223e-01
1.224823798168911715e+01 9.860278964042663574e-01
1.198846860949913484e+01 9.830229878425598145e-01
1.173379275441091707e+01 9.794630408287048340e-01
1.148411054354011540e+01 9.753147959709167480e-01
1.123932406229423009e+01 9.704117178916931152e-01
1.099933731597473496e+01 9.646055698394775391e-01
1.076405619213209341e+01 9.579595923423767090e-01
1.053338842365891459e+01 9.503244757652282715e-01
1.030724355260677960e+01 9.414883255958557129e-01
1.008553289471252867e+01 9.313426613807678223e-01
9.868169504620125210e+00 9.197611212730407715e-01
9.655068141784436619e+00 9.065355062484741211e-01
9.446145237043564791e+00 8.916265964508056641e-01
9.241318859846632705e+00 8.748378157615661621e-01
9.040508686124150373e+00 8.558850884437561035e-01
8.843635966788381708e+00 8.345103859901428223e-01
8.650623496851354233e+00 8.103327751159667969e-01
8.461395585148386189e+00 7.830043435096740723e-01
8.275878024655280996e+00 7.523907423019409180e-01
8.093998063387530806e+00 7.180198431015014648e-01
7.915684375870128520e+00 6.795753240585327148e-01
7.740867035166791865e+00 6.367442607879638672e-01
7.569477485457639432e+00 5.890827178955078125e-01
7.401448515154548602e+00 5.360198616981506348e-01
7.236714230543675797e+00 4.767879545688629150e-01
7.075210029944779322e+00 4.114626049995422363e-01
6.916872578377233793e+00 3.389977514743804932e-01
6.761639782722777881e+00 2.616803348064422607e-01
6.609450767375272484e+00 1.866451203823089600e-01
6.460245850367914322e+00 1.181548163294792175e-01
6.313966519968543523e+00 6.485559791326522827e-02
6.170555411733865903e+00 2.816697955131530762e-02
6.029956286013593569e+00 7.667820900678634644e-03
5.892114005895679796e+00 2.129903296008706093e-03
5.756974515583999974e+00 6.836971442680805922e-05
5.624484819200000096e+00 0.000000000000000000e+00
5.494592960000000303e+00 0.000000000000000000e+00
5.367248000000000019e+00 0.000000000000000000e+00
5.242399999999999949e+00 0.000000000000000000e+00
5.120000000000000107e+00 0.000000000000000000e+00
5.000000000000000000e+00 0.000000000000000000e+00
