3.537197473298937211e+01 9.997801780700683594e-01
3.465879875783272013e+01 9.997801780700683594e-01
3.395960662532619523e+01 9.997802376747131348e-01
3.327412414247665851e+01 9.997802972793579102e-01
3.260208249262417723e+01 9.997802972793579102e-01
3.194321813002370192e+01 9.997805356979370117e-01
3.129727267649382583e+01 9.997805953025817871e-01
3.066399282009198757e+01 9.997806549072265625e-01
3.004313021577645770e+01 9.997806549072265625e-01
2.943444138801613619e+01 9.997844696044921875e-01
2.883768763530993695e+01 9.997844696044921875e-01
2.825263493657836733e+01 9.997845292091369629e-01
2.767905385939055662e+01 9.997845888137817383e-01
2.711671946999074123e+01 9.997845888137817383e-01
2.656541124508895990e+01 9.997848272323608398e-01
2.602491298538133435e+01 9.997848272323608398e-01
2.549501273076601393e+01 9.997848868370056152e-01
2.497550267722158068e+01 9.997849464416503906e-01
2.446617909531527602e+01 9.997849464416503906e-01
2.396684225030909232e+01 9.997853636741638184e-01
2.347729632383244436e+01 9.997797012329101562e-01
2.299734933709063256e+01 9.997748136520385742e-01
2.252681307557904944e+01 9.997680783271789551e-01
2.206550301527357760e+01 9.997575283050537109e-01
2.161323825026821410e+01 9.997397065162658691e-01
2.116984142183158113e+01 9.997079968452453613e-01
2.073513864885449109e+01 9.996601939201354980e-01
2.030895945966126703e+01 9.995929598808288574e-01
1.989113672515810549e+01 9.995046854019165039e-01
1.948150659329225931e+01 9.993882179260253906e-01
1.907990842479633287e+01 9.992391467094421387e-01
1.868618473019248327e+01 9.990527629852294922e-01
1.830018110803184683e+01 9.988082647323608398e-01
1.792174618434494704e+01 9.985052943229675293e-01
1.755073155327935908e+01 9.981277585029602051e-01
1.718699171890133215e+01 9.976541399955749512e-01
1.683038403813856121e+01 9.970672726631164551e-01
1.648076866484172598e+01 9.963359236717224121e-01
1.613800849494286993e+01 9.954240918159484863e-01
1.580196911268908622e+01 9.943343997001647949e-01
1.547251873793047494e+01 9.930133223533630371e-01
1.514952817444164168e+01 9.913881421089172363e-01
1.483287075925650988e+01 9.894519448280334473e-01
1.452242231299657860e+01 9.871510863304138184e-01
1.421806109117311578e+01 9.844099283218383789e-01
1.391966773644423050e+01 9.811654686927795410e-01
1.362712523180806912e+01 9.773772358894348145e-01
1.334031885471379297e+01 9.729425311088562012e-01
1.305913613207234647e+01 9.677839279174804688e-01
1.278346679614935866e+01 9.619138836860656738e-01
1.251320274132289967e+01 9.551302790641784668e-01
1.224823798168911715e+01 9.474101066589355469e-01
1.198846860949913484e+01 9.387441873550415039e-01
1.173379275441091707e+01 9.290634989738464355e-01
1.148411054354011540e+01 9.182484745979309082e-01
1.123932406229423009e+01 9.061545729637145996e-01
1.099933731597473496e+01 8.926790952682495117e-01
1.076405619213209341e+01 8.777202963829040527e-01
1.053338842365891459e+01 8.612461686134338379e-01
1.030724355260677960e+01 8.431102037429809570e-01
1.008553289471252867e+01 8.232875466346740723e-01
9.868169504620125210e+00 8.015582561492919922e-01
9.655068141784436619e+00 7.779159545898437500e-01
9.446145237043564791e+00 7.523223161697387695e-01
9.241318859846632705e+00 7.246670126914978027e-01
9.040508686124150373e+00 6.946689486503601074e-01
8.843635966788381708e+00 6.622273921966552734e-01
8.650623496851354233e+00 6.272045373916625977e-01
8.461395585148386189e+00 5.895752310752868652e-01
8.275878024655280996e+00 5.492843985557556152e-01
8.093998063387530806e+00 5.065094828605651855e-01
7.915684375870128520e+00 4.609063267707824707e-01
7.740867035166791865e+00 4.122953116893768311e-01
7.569477485457639432e+00 3.612555265426635742e-01
7.401448515154548602e+00 3.073746562004089355e-01
7.236714230543675797e+00 2.508489489555358887e-01
7.075210029944779322e+00 1.923880726099014282e-01
6.916872578377233793e+00 1.373615711927413940e-01
6.761639782722777881e+00 8.729433268308639526e-02
6.609450767375272484e+00 4.825580120086669922e-02
6.460245850367914322e+00 2.175452001392841339e-02
6.313966519968543523e+00 5.533691961318254471e-03
6.170555411733865903e+00 1.053373911418020725e-03
6.029956286013593569e+00 1.677684835499348992e-08
5.892114005895679796e+00 0.000000000000000000e+00
5.756974515583999974e+00 0.000000000000000000e+00
5.624484819200000096e+00 0.000000000000000000e+00
5.494592960000000303e+00 0.000000000000000000e+00
5.367248000000000019e+00 0.000000000000000000e+00
5.242399999999999949e+00 0.000000000000000000e+00
5.120000000000000107e+00 0.000000000000000000e+00
5.000000000000000000e+00 0.000000000000000000e+00
