3.537197473298937211e+01 9.997801780700683594e-01
3.465879875783272013e+01 9.997801780700683594e-01
3.395960662532619523e+01 9.997802376747131348e-01
3.327412414247665851e+01 9.997802972793579102e-01
3.260208249262417723e+01 9.997802972793579102e-01
3.194321813002370192e+01 9.997805356979370117e-01
3.129727267649382583e+01 9.997805953025817871e-01
3.066399282009198757e+01 9.997806549072265625e-01
3.004313021577645770e+01 9.997806549072265625e-01
2.943444138801613619e+01 9.997844099998474121e-01
2.883768763530993695e+01 9.997844696044921875e-01
2.825263493657836733e+01 9.997845292091369629e-01
2.767905385939055662e+01 9.997845888137817383e-01
2.711671946999074123e+01 9.997845888137817383e-01
2.656541124508895990e+01 9.997848272323608398e-01
2.602491298538133435e+01 9.997848272323608398e-01
2.549501273076601393e+01 9.997848868370056152e-01
2.497550267722158068e+01 9.997849464416503906e-01
2.446617909531527602e+01 9.997849464416503906e-01
2.396684225030909232e+01 9.997854232788085938e-01
2.347729632383244436e+01 9.997859001159667969e-01
2.299734933709063256e+01 9.997859001159667969e-01
2.252681307557904944e+01 9.997859597206115723e-01
2.206550301527357760e+01 9.997860193252563477e-01
2.161323825026821410e+01 9.997860193252563477e-01
2.116984142183158113e+01 9.997801780700683594e-01
2.073513864885449109e+01 9.997755885124206543e-01
2.030895945966126703e+01 9.997686743736267090e-01
1.989113672515810549e+01 9.997565746307373047e-01
1.948150659329225931e+01 9.997382164001464844e-01
1.907990842479633287e+01 9.997087717056274414e-01
1.868618473019248327e+01 9.996673464775085449e-01
1.830018110803184683e+01 9.996054172515869141e-01
1.792174618434494704e+01 9.995241761207580566e-01
1.755073155327935908e+01 9.994164705276489258e-01
1.718699171890133215e+01 9.992704987525939941e-01
1.683038403813856121e+01 9.990810751914978027e-01
1.648076866484172598e+01 9.988467097282409668e-01
1.613800849494286993e+01 9.985480904579162598e-01
1.580196911268908622e+01 9.981745481491088867e-01
1.547251873793047494e+01 9.977169632911682129e-01
1.514952817444164168e+01 9.971588253974914551e-01
1.483287075925650988e+01 9.964756965637207031e-01
1.452242231299657860e+01 9.956405758857727051e-01
1.421806109117311578e+01 9.946526885032653809e-01
1.391966773644423050e+01 9.934619665145874023e-01
1.362712523180806912e+01 9.920263290405273438e-01
1.334031885471379297e+01 9.903377294540405273e-01
1.305913613207234647e+01 9.883470535278320312e-01
1.278346679614935866e+01 9.859642386436462402e-01
1.251320274132289967e+01 9.831567406654357910e-01
1.224823798168911715e+01 9.799562096595764160e-01
1.198846860949913484e+01 9.762464165687561035e-01
1.173379275441091707e+01 9.719623327255249023e-01
1.148411054354011540e+01 9.670383334159851074e-01
1.123932406229423009e+01 9.614635109901428223e-01
1.099933731597473496e+01 9.551664590835571289e-01
1.076405619213209341e+01 9.479647278785705566e-01
1.053338842365891459e+01 9.399054050445556641e-01
1.030724355260677960e+01 9.308526515960693359e-01
1.008553289471252867e+01 9.205077886581420898e-01
9.868169504620125210e+00 9.087857604026794434e-01
9.655068141784436619e+00 8.960077166557312012e-01
9.446145237043564791e+00 8.818804025650024414e-01
9.241318859846632705e+00 8.661525249481201172e-01
9.040508686124150373e+00 8.490273952484130859e-01
8.843635966788381708e+00 8.302142620086669922e-01
8.650623496851354233e+00 8.093511462211608887e-01
8.461395585148386189e+00 7.864001989364624023e-01
8.275878024655280996e+00 7.612872123718261719e-01
8.093998063387530806e+00 7.335211634635925293e-01
7.915684375870128520e+00 7.031178474426269531e-01
7.740867035166791865e+00 6.703641414642333984e-01
7.569477485457639432e+00 6.346793174743652344e-01
7.401448515154548602e+00 5.959603190422058105e-01
7.236714230543675797e+00 5.539731383323669434e-01
7.075210029944779322e+00 5.086148381233215332e-01
6.916872578377233793e+00 4.591797590255737305e-01
6.761639782722777881e+00 4.062622785568237305e-01
6.609450767375272484e+00 3.498519062995910645e-01
6.460245850367914322e+00 2.896892726421356201e-01
6.313966519968543523e+00 2.287983894348144531e-01
6.170555411733865903e+00 1.705467998981475830e-01
6.029956286013593569e+00 1.168884113430976868e-01
5.892114005895679796e+00 7.296982407569885254e-02
5.756974515583999974e+00 4.019747674465179443e-02
5.624484819200000096e+00 1.603699661791324615e-02
5.494592960000000303e+00 4.605505615472793579e-03
5.367248000000000019e+00 8.596846018917858601e-04
5.242399999999999949e+00 0.000000000000000000e+00
5.120000000000000107e+00 0.000000000000000000e+00
5.000000000000000000e+00 0.000000000000000000e+00
