3.537197473298937211e+01 9.997801780700683594e-01
3.465879875783272013e+01 9.997801780700683594e-01
3.395960662532619523e+01 9.997802376747131348e-01
3.327412414247665851e+01 9.997802972793579102e-01
3.260208249262417723e+01 9.997802972793579102e-01
3.194321813002370192e+01 9.997805356979370117e-01
3.129727267649382583e+01 9.997805953025817871e-01
3.066399282009198757e+01 9.997806549072265625e-01
3.004313021577645770e+01 9.997806549072265625e-01
2.943444138801613619e+01 9.997844099998474121e-01
2.883768763530993695e+01 9.997844696044921875e-01
2.825263493657836733e+01 9.997845292091369629e-01
2.767905385939055662e+01 9.997845888137817383e-01
2.711671946999074123e+01 9.997845888137817383e-01
2.656541124508895990e+01 9.997757673263549805e-01
2.602491298538133435e+01 9.997704625129699707e-01
2.549501273076601393e+01 9.997630119323730469e-01
2.497550267722158068e+01 9.997510910034179688e-01
2.446617909531527602e+01 9.997304677963256836e-01
2.396684225030909232e+01 9.996942877769470215e-01
2.347729632383244436e+01 9.996419548988342285e-01
2.299734933709063256e+01 9.995703697204589844e-01
2.252681307557904944e+01 9.994763731956481934e-01
2.206550301527357760e+01 9.993522167205810547e-01
2.161323825026821410e+01 9.991959333419799805e-01
2.116984142183158113e+01 9.989969730377197266e-01
2.073513864885449109e+01 9.987389445304870605e-01
2.030895945966126703e+01 9.984217882156372070e-01
1.989113672515810549e+01 9.980258345603942871e-01
1.948150659329225931e+01 9.975292682647705078e-01
1.907990842479633287e+01 9.969102144241333008e-01
1.868618473019248327e+01 9.961359500885009766e-01
1.830018110803184683e+01 9.951898455619812012e-01
1.792174618434494704e+01 9.940538406372070312e-01
1.755073155327935908e+01 9.926729202270507812e-01
1.718699171890133215e+01 9.909799695014953613e-01
1.683038403813856121e+01 9.889657497406005859e-01
1.648076866484172598e+01 9.865682125091552734e-01
1.613800849494286993e+01 9.837246537208557129e-01
1.580196911268908622e+01 9.803735017776489258e-01
1.547251873793047494e+01 9.764431715011596680e-01
1.514952817444164168e+01 9.718629717826843262e-01
1.483287075925650988e+01 9.665644168853759766e-01
1.452242231299657860e+01 9.605073332786560059e-01
1.421806109117311578e+01 9.535391926765441895e-01
1.391966773644423050e+01 9.456447362899780273e-01
1.362712523180806912e+01 9.368008971214294434e-01
1.334031885471379297e+01 9.269259572029113770e-01
1.305913613207234647e+01 9.158796668052673340e-01
1.278346679614935866e+01 9.035696983337402344e-01
1.251320274132289967e+01 8.898750543594360352e-01
1.224823798168911715e+01 8.746899962425231934e-01
1.198846860949913484e+01 8.580207228660583496e-01
1.173379275441091707e+01 8.396810889244079590e-01
1.148411054354011540e+01 8.196571469306945801e-01
1.123932406229423009e+01 7.977558970451354980e-01
1.099933731597473496e+01 7.740019559860229492e-01
1.076405619213209341e+01 7.483516931533813477e-01
1.053338842365891459e+01 7.206678986549377441e-01
1.030724355260677960e+01 6.907117366790771484e-01
1.008553289471252867e+01 6.584138274192810059e-01
9.868169504620125210e+00 6.235900521278381348e-01
9.655068141784436619e+00 5.862991809844970703e-01
9.446145237043564791e+00 5.464829206466674805e-01
9.241318859846632705e+00 5.042802691459655762e-01
9.040508686124150373e+00 4.594099223613739014e-01
8.843635966788381708e+00 4.117425680160522461e-01
8.650623496851354233e+00 3.618492782115936279e-01
8.461395585148386189e+00 3.090983331203460693e-01
8.275878024655280996e+00 2.540457844734191895e-01
8.093998063387530806e+00 1.968024373054504395e-01
7.915684375870128520e+00 1.423334330320358276e-01
7.740867035166791865e+00 9.235658496618270874e-02
7.569477485457639432e+00 5.263696610927581787e-02
7.401448515154548602e+00 2.484060823917388916e-02
7.236714230543675797e+00 6.996979936957359314e-03
7.075210029944779322e+00 1.654725405387580395e-03
6.916872578377233793e+00 1.155582649516873062e-04
6.761639782722777881e+00 0.000000000000000000e+00
6.609450767375272484e+00 0.000000000000000000e+00
6.460245850367914322e+00 0.000000000000000000e+00
6.313966519968543523e+00 0.000000000000000000e+00
6.170555411733865903e+00 0.000000000000000000e+00
6.029956286013593569e+00 0.000000000000000000e+00
5.892114005895679796e+00 0.000000000000000000e+00
5.756974515583999974e+00 0.000000000000000000e+00
5.624484819200000096e+00 0.000000000000000000e+00
5.494592960000000303e+00 0.000000000000000000e+00
5.367248000000000019e+00 0.000000000000000000e+00
5.242399999999999949e+00 0.000000000000000000e+00
5.120000000000000107e+00 0.000000000000000000e+00
5.000000000000000000e+00 0.000000000000000000e+00
