3.537197473298937211e+01 9.997801780700683594e-01
3.465879875783272013e+01 9.997801780700683594e-01
3.395960662532619523e+01 9.997802376747131348e-01
3.327412414247665851e+01 9.997802972793579102e-01
3.260208249262417723e+01 9.997802972793579102e-01
3.194321813002370192e+01 9.997805356979370117e-01
3.129727267649382583e+01 9.997805953025817871e-01
3.066399282009198757e+01 9.997806549072265625e-01
3.004313021577645770e+01 9.997806549072265625e-01
2.943444138801613619e+01 9.997844099998474121e-01
2.883768763530993695e+01 9.997844696044921875e-01
2.825263493657836733e+01 9.997845292091369629e-01
2.767905385939055662e+01 9.997845888137817383e-01
2.711671946999074123e+01 9.997845888137817383e-01
2.656541124508895990e+01 9.997848272323608398e-01
2.602491298538133435e+01 9.997848272323608398e-01
2.549501273076601393e+01 9.997848868370056152e-01
2.497550267722158068e+01 9.997849464416503906e-01
2.446617909531527602e+01 9.997849464416503906e-01
2.396684225030909232e+01 9.997854232788085938e-01
2.347729632383244436e+01 9.997859001159667969e-01
2.299734933709063256e+01 9.997859001159667969e-01
2.252681307557904944e+01 9.997859597206115723e-01
2.206550301527357760e+01 9.997808933258056641e-01
2.161323825026821410e+01 9.997766613960266113e-01
2.116984142183158113e+01 9.997698664665222168e-01
2.073513864885449109e+01 9.997593164443969727e-01
2.030895945966126703e+01 9.997425079345703125e-01
1.989113672515810549e+01 9.997157454490661621e-01
1.948150659329225931e+01 9.996717572212219238e-01
1.907990842479633287e+01 9.996134042739868164e-01
1.868618473019248327e+01 9.995324015617370605e-01
1.830018110803184683e+01 9.994201064109802246e-01
1.792174618434494704e+01 9.992717504501342773e-01
1.755073155327935908e+01 9.990814924240112305e-01
1.718699171890133215e+01 9.988396763801574707e-01
1.683038403813856121e+01 9.985355138778686523e-01
1.648076866484172598e+01 9.981582164764404297e-01
1.613800849494286993e+01 9.977006316184997559e-01
1.580196911268908622e+01 9.971210360527038574e-01
1.547251873793047494e+01 9.964070916175842285e-01
1.514952817444164168e+01 9.955572485923767090e-01
1.483287075925650988e+01 9.945358037948608398e-01
1.452242231299657860e+01 9.933007359504699707e-01
1.421806109117311578e+01 9.918069243431091309e-01
1.391966773644423050e+01 9.900520443916320801e-01
1.362712523180806912e+01 9.879270792007446289e-01
1.334031885471379297e+01 9.853887557983398438e-01
1.305913613207234647e+01 9.824565649032592773e-01
1.278346679614935866e+01 9.790711402893066406e-01
1.251320274132289967e+01 9.751145243644714355e-01
1.224823798168911715e+01 9.705431461334228516e-01
1.198846860949913484e+01 9.653579592704772949e-01
1.173379275441091707e+01 9.594383835792541504e-01
1.148411054354011540e+01 9.526160955429077148e-01
1.123932406229423009e+01 9.449809193611145020e-01
1.099933731597473496e+01 9.364104866981506348e-01
1.076405619213209341e+01 9.264578223228454590e-01
1.053338842365891459e+01 9.152103066444396973e-01
1.030724355260677960e+01 9.029826521873474121e-01
1.008553289471252867e+01 8.894835114479064941e-01
9.868169504620125210e+00 8.743600845336914062e-01
9.655068141784436619e+00 8.578455448150634766e-01
9.446145237043564791e+00 8.397325277328491211e-01
9.241318859846632705e+00 8.197084665298461914e-01
9.040508686124150373e+00 7.976756691932678223e-01
8.843635966788381708e+00 7.736131548881530762e-01
8.650623496851354233e+00 7.469909787178039551e-01
8.461395585148386189e+00 7.177906632423400879e-01
8.275878024655280996e+00 6.862664818763732910e-01
8.093998063387530806e+00 6.519427895545959473e-01
7.915684375870128520e+00 6.149153113365173340e-01
7.740867035166791865e+00 5.748713612556457520e-01
7.569477485457639432e+00 5.313967466354370117e-01
7.401448515154548602e+00 4.843572080135345459e-01
7.236714230543675797e+00 4.339229762554168701e-01
7.075210029944779322e+00 3.800517618656158447e-01
6.916872578377233793e+00 3.226013183593750000e-01
6.761639782722777881e+00 2.618430852890014648e-01
6.609450767375272484e+00 2.022252976894378662e-01
6.460245850367914322e+00 1.452950835227966309e-01
6.313966519968543523e+00 9.530968219041824341e-02
6.170555411733865903e+00 5.561944842338562012e-02
6.029956286013593569e+00 2.755161561071872711e-02
5.892114005895679796e+00 8.635577745735645294e-03
5.756974515583999974e+00 2.509956248104572296e-03
5.624484819200000096e+00 3.547574451658874750e-04
5.494592960000000303e+00 0.000000000000000000e+00
5.367248000000000019e+00 0.000000000000000000e+00
5.242399999999999949e+00 0.000000000000000000e+00
5.120000000000000107e+00 0.000000000000000000e+00
5.000000000000000000e+00 0.000000000000000000e+00
