3.537197473298937211e+01 9.997801780700683594e-01
3.465879875783272013e+01 9.997801780700683594e-01
3.395960662532619523e+01 9.997802376747131348e-01
3.327412414247665851e+01 9.997802972793579102e-01
3.260208249262417723e+01 9.997802972793579102e-01
3.194321813002370192e+01 9.997805356979370117e-01
3.129727267649382583e+01 9.997805953025817871e-01
3.066399282009198757e+01 9.997806549072265625e-01
3.004313021577645770e+01 9.997806549072265625e-01
2.943444138801613619e+01 9.997844099998474121e-01
2.883768763530993695e+01 9.997844696044921875e-01
2.825263493657836733e+01 9.997845292091369629e-01
2.767905385939055662e+01 9.997845888137817383e-01
2.711671946999074123e+01 9.997740983963012695e-01
2.656541124508895990e+01 9.997682571411132812e-01
2.602491298538133435e+01 9.997597336769104004e-01
2.549501273076601393e+01 9.997435808181762695e-01
2.497550267722158068e+01 9.997149109840393066e-01
2.446617909531527602e+01 9.996690750122070312e-01
2.396684225030909232e+01 9.996050596237182617e-01
2.347729632383244436e+01 9.995196461677551270e-01
2.299734933709063256e+01 9.994086027145385742e-01
2.252681307557904944e+01 9.992643594741821289e-01
2.206550301527357760e+01 9.990752935409545898e-01
2.161323825026821410e+01 9.988362193107604980e-01
2.116984142183158113e+01 9.985344409942626953e-01
2.073513864885449109e+01 9.981431961059570312e-01
2.030895945966126703e+01 9.976601004600524902e-01
1.989113672515810549e+01 9.970383048057556152e-01
1.948150659329225931e+01 9.962682723999023438e-01
1.907990842479633287e+01 9.953055977821350098e-01
1.868618473019248327e+01 9.940954446792602539e-01
1.830018110803184683e+01 9.925918579101562500e-01
1.792174618434494704e+01 9.907641410827636719e-01
1.755073155327935908e+01 9.885362982749938965e-01
1.718699171890133215e+01 9.858290553092956543e-01
1.683038403813856121e+01 9.825659990310668945e-01
1.648076866484172598e+01 9.786584377288818359e-01
1.613800849494286993e+01 9.740433096885681152e-01
1.580196911268908622e+01 9.686025381088256836e-01
1.547251873793047494e+01 9.622298479080200195e-01
1.514952817444164168e+01 9.548446536064147949e-01
1.483287075925650988e+01 9.464332461357116699e-01
1.452242231299657860e+01 9.367694854736328125e-01
1.421806109117311578e+01 9.256058335304260254e-01
1.391966773644423050e+01 9.128155112266540527e-01
1.362712523180806912e+01 8.982627391815185547e-01
1.334031885471379297e+01 8.818612098693847656e-01
1.305913613207234647e+01 8.633359670639038086e-01
1.278346679614935866e+01 8.424968719482421875e-01
1.251320274132289967e+01 8.191853761672973633e-01
1.224823798168911715e+01 7.932729125022888184e-01
1.198846860949913484e+01 7.645539641380310059e-01
1.173379275441091707e+01 7.325844764709472656e-01
1.148411054354011540e+01 6.971180438995361328e-01
1.123932406229423009e+01 6.579729318618774414e-01
1.099933731597473496e+01 6.148774623870849609e-01
1.076405619213209341e+01 5.676967501640319824e-01
1.053338842365891459e+01 5.162221789360046387e-01
1.030724355260677960e+01 4.597290754318237305e-01
1.008553289471252867e+01 3.982340097427368164e-01
9.868169504620125210e+00 3.315495252609252930e-01
9.655068141784436619e+00 2.588773369789123535e-01
9.446145237043564791e+00 1.840178668498992920e-01
9.241318859846632705e+00 1.141334772109985352e-01
9.040508686124150373e+00 5.871261656284332275e-02
8.843635966788381708e+00 2.286333218216896057e-02
8.650623496851354233e+00 4.810330923646688461e-03
8.461395585148386189e+00 9.958387818187475204e-04
8.275878024655280996e+00 0.000000000000000000e+00
8.093998063387530806e+00 0.000000000000000000e+00
7.915684375870128520e+00 0.000000000000000000e+00
7.740867035166791865e+00 0.000000000000000000e+00
7.569477485457639432e+00 0.000000000000000000e+00
7.401448515154548602e+00 0.000000000000000000e+00
7.236714230543675797e+00 0.000000000000000000e+00
7.075210029944779322e+00 0.000000000000000000e+00
6.916872578377233793e+00 0.000000000000000000e+00
6.761639782722777881e+00 0.000000000000000000e+00
6.609450767375272484e+00 0.000000000000000000e+00
6.460245850367914322e+00 0.000000000000000000e+00
6.313966519968543523e+00 0.000000000000000000e+00
6.170555411733865903e+00 0.000000000000000000e+00
6.029956286013593569e+00 0.000000000000000000e+00
5.892114005895679796e+00 0.000000000000000000e+00
5.756974515583999974e+00 0.000000000000000000e+00
5.624484819200000096e+00 0.000000000000000000e+00
5.494592960000000303e+00 0.000000000000000000e+00
5.367248000000000019e+00 0.000000000000000000e+00
5.242399999999999949e+00 0.000000000000000000e+00
5.120000000000000107e+00 0.000000000000000000e+00
5.000000000000000000e+00 0.000000000000000000e+00
