3.537197473298937211e+01 9.997801780700683594e-01
3.465879875783272013e+01 9.997801780700683594e-01
3.395960662532619523e+01 9.997802376747131348e-01
3.327412414247665851e+01 9.997802972793579102e-01
3.260208249262417723e+01 9.997802972793579102e-01
3.194321813002370192e+01 9.997805356979370117e-01
3.129727267649382583e+01 9.997805953025817871e-01
3.066399282009198757e+01 9.997806549072265625e-01
3.004313021577645770e+01 9.997806549072265625e-01
2.943444138801613619e+01 9.997844099998474121e-01
2.883768763530993695e+01 9.997844696044921875e-01
2.825263493657836733e+01 9.997845292091369629e-01
2.767905385939055662e+01 9.997845888137817383e-01
2.711671946999074123e+01 9.997845888137817383e-01
2.656541124508895990e+01 9.997848272323608398e-01
2.602491298538133435e+01 9.997848272323608398e-01
2.549501273076601393e+01 9.997848868370056152e-01
2.497550267722158068e+01 9.997849464416503906e-01
2.446617909531527602e+01 9.997849464416503906e-01
2.396684225030909232e+01 9.997854232788085938e-01
2.347729632383244436e+01 9.997859001159667969e-01
2.299734933709063256e+01 9.997859001159667969e-01
2.252681307557904944e+01 9.997859597206115723e-01
2.206550301527357760e+01 9.997860193252563477e-01
2.161323825026821410e+01 9.997791051864624023e-01
2.116984142183158113e+01 9.997734427452087402e-01
2.073513864885449109e+01 9.997650980949401855e-01
2.030895945966126703e+01 9.997504353523254395e-01
1.989113672515810549e+01 9.997285008430480957e-01
1.948150659329225931e+01 9.996929764747619629e-01
1.907990842479633287e+01 9.996418952941894531e-01
1.868618473019248327e+01 9.995698928833007812e-01
1.830018110803184683e+01 9.994699954986572266e-01
1.792174618434494704e+01 9.993398785591125488e-01
1.755073155327935908e+01 9.991689324378967285e-01
1.718699171890133215e+01 9.989373087882995605e-01
1.683038403813856121e+01 9.986482262611389160e-01
1.648076866484172598e+01 9.982962012290954590e-01
1.613800849494286993e+01 9.978505969047546387e-01
1.580196911268908622e+01 9.972851872444152832e-01
1.547251873793047494e+01 9.965807199478149414e-01
1.514952817444164168e+01 9.957357048988342285e-01
1.483287075925650988e+01 9.946994781494140625e-01
1.452242231299657860e+01 9.934300184249877930e-01
1.421806109117311578e+01 9.918830990791320801e-01
1.391966773644423050e+01 9.900320768356323242e-01
1.362712523180806912e+01 9.877942800521850586e-01
1.334031885471379297e+01 9.851584434509277344e-01
1.305913613207234647e+01 9.820401668548583984e-01
1.278346679614935866e+01 9.782944917678833008e-01
1.251320274132289967e+01 9.737889766693115234e-01
1.224823798168911715e+01 9.686332345008850098e-01
1.198846860949913484e+01 9.626694321632385254e-01
1.173379275441091707e+01 9.557099938392639160e-01
1.148411054354011540e+01 9.476165175437927246e-01
1.123932406229423009e+01 9.383662939071655273e-01
1.099933731597473496e+01 9.277784228324890137e-01
1.076405619213209341e+01 9.155769348144531250e-01
1.053338842365891459e+01 9.017760753631591797e-01
1.030724355260677960e+01 8.862198591232299805e-01
1.008553289471252867e+01 8.683986067771911621e-01
9.868169504620125210e+00 8.478431701660156250e-01
9.655068141784436619e+00 8.250302672386169434e-01
9.446145237043564791e+00 7.993142604827880859e-01
9.241318859846632705e+00 7.701202630996704102e-01
9.040508686124150373e+00 7.374445199966430664e-01
8.843635966788381708e+00 7.009706497192382812e-01
8.650623496851354233e+00 6.601691246032714844e-01
8.461395585148386189e+00 6.145195960998535156e-01
8.275878024655280996e+00 5.637342333793640137e-01
8.093998063387530806e+00 5.068303346633911133e-01
7.915684375870128520e+00 4.433000683784484863e-01
7.740867035166791865e+00 3.733913302421569824e-01
7.569477485457639432e+00 2.969097793102264404e-01
7.401448515154548602e+00 2.211353629827499390e-01
7.236714230543675797e+00 1.485796868801116943e-01
7.075210029944779322e+00 8.862762898206710815e-02
6.916872578377233793e+00 4.525187239050865173e-02
6.761639782722777881e+00 1.511100120842456818e-02
6.609450767375272484e+00 4.090991336852312088e-03
6.460245850367914322e+00 8.309389231726527214e-04
6.313966519968543523e+00 0.000000000000000000e+00
6.170555411733865903e+00 0.000000000000000000e+00
6.029956286013593569e+00 0.000000000000000000e+00
5.892114005895679796e+00 0.000000000000000000e+00
5.756974515583999974e+00 0.000000000000000000e+00
5.624484819200000096e+00 0.000000000000000000e+00
5.494592960000000303e+00 0.000000000000000000e+00
5.367248000000000019e+00 0.000000000000000000e+00
5.242399999999999949e+00 0.000000000000000000e+00
5.120000000000000107e+00 0.000000000000000000e+00
5.000000000000000000e+00 0.000000000000000000e+00
