3.537197473298937211e+01 9.997801780700683594e-01
3.465879875783272013e+01 9.997801780700683594e-01
3.395960662532619523e+01 9.997802376747131348e-01
3.327412414247665851e+01 9.997802972793579102e-01
3.260208249262417723e+01 9.997802972793579102e-01
3.194321813002370192e+01 9.997805356979370117e-01
3.129727267649382583e+01 9.997805953025817871e-01
3.066399282009198757e+01 9.997806549072265625e-01
3.004313021577645770e+01 9.997806549072265625e-01
2.943444138801613619e+01 9.997844696044921875e-01
2.883768763530993695e+01 9.997844696044921875e-01
2.825263493657836733e+01 9.997845292091369629e-01
2.767905385939055662e+01 9.997845888137817383e-01
2.711671946999074123e+01 9.997845888137817383e-01
2.656541124508895990e+01 9.997848272323608398e-01
2.602491298538133435e+01 9.997848272323608398e-01
2.549501273076601393e+01 9.997848868370056152e-01
2.497550267722158068e+01 9.997849464416503906e-01
2.446617909531527602e+01 9.997849464416503906e-01
2.396684225030909232e+01 9.997853636741638184e-01
2.347729632383244436e+01 9.997859001159667969e-01
2.299734933709063256e+01 9.997859001159667969e-01
2.252681307557904944e+01 9.997859597206115723e-01
2.206550301527357760e+01 9.997860193252563477e-01
2.161323825026821410e+01 9.997860193252563477e-01
2.116984142183158113e+01 9.997862577438354492e-01
2.073513864885449109e+01 9.997822642326354980e-01
2.030895945966126703e+01 9.997785687446594238e-01
1.989113672515810549e+01 9.997715950012207031e-01
1.948150659329225931e+01 9.997606873512268066e-01
1.907990842479633287e+01 9.997420310974121094e-01
1.868618473019248327e+01 9.997099041938781738e-01
1.830018110803184683e+01 9.996578693389892578e-01
1.792174618434494704e+01 9.995838999748229980e-01
1.755073155327935908e+01 9.994840025901794434e-01
1.718699171890133215e+01 9.993414282798767090e-01
1.683038403813856121e+01 9.991493225097656250e-01
1.648076866484172598e+01 9.989104866981506348e-01
1.613800849494286993e+01 9.986069798469543457e-01
1.580196911268908622e+01 9.982134103775024414e-01
1.547251873793047494e+01 9.977092146873474121e-01
1.514952817444164168e+01 9.970953464508056641e-01
1.483287075925650988e+01 9.963280558586120605e-01
1.452242231299657860e+01 9.953489899635314941e-01
1.421806109117311578e+01 9.941624999046325684e-01
1.391966773644423050e+01 9.927148818969726562e-01
1.362712523180806912e+01 9.909229874610900879e-01
1.334031885471379297e+01 9.887462854385375977e-01
1.305913613207234647e+01 9.861363768577575684e-01
1.278346679614935866e+01 9.829652309417724609e-01
1.251320274132289967e+01 9.789897799491882324e-01
1.224823798168911715e+01 9.744251370429992676e-01
1.198846860949913484e+01 9.690684080123901367e-01
1.173379275441091707e+01 9.626925587654113770e-01
1.148411054354011540e+01 9.553204774856567383e-01
1.123932406229423009e+01 9.468165040016174316e-01
1.099933731597473496e+01 9.369168877601623535e-01
1.076405619213209341e+01 9.255172014236450195e-01
1.053338842365891459e+01 9.126589298248291016e-01
1.030724355260677960e+01 8.978887200355529785e-01
1.008553289471252867e+01 8.801946640014648438e-01
9.868169504620125210e+00 8.604314327239990234e-01
9.655068141784436619e+00 8.386495113372802734e-01
9.446145237043564791e+00 8.139339089393615723e-01
9.241318859846632705e+00 7.858120799064636230e-01
9.040508686124150373e+00 7.542952299118041992e-01
8.843635966788381708e+00 7.189354300498962402e-01
8.650623496851354233e+00 6.790916919708251953e-01
8.461395585148386189e+00 6.348608732223510742e-01
8.275878024655280996e+00 5.858110189437866211e-01
8.093998063387530806e+00 5.305191278457641602e-01
7.915684375870128520e+00 4.693332016468048096e-01
7.740867035166791865e+00 4.021310210227966309e-01
7.569477485457639432e+00 3.277806937694549561e-01
7.401448515154548602e+00 2.484212070703506470e-01
7.236714230543675797e+00 1.718841791152954102e-01
7.075210029944779322e+00 1.038752496242523193e-01
6.916872578377233793e+00 5.313067883253097534e-02
6.761639782722777881e+00 1.906763948500156403e-02
6.609450767375272484e+00 4.476074595004320145e-03
6.460245850367914322e+00 1.004253979772329330e-03
6.313966519968543523e+00 0.000000000000000000e+00
6.170555411733865903e+00 0.000000000000000000e+00
6.029956286013593569e+00 0.000000000000000000e+00
5.892114005895679796e+00 0.000000000000000000e+00
5.756974515583999974e+00 0.000000000000000000e+00
5.624484819200000096e+00 0.000000000000000000e+00
5.494592960000000303e+00 0.000000000000000000e+00
5.367248000000000019e+00 0.000000000000000000e+00
5.242399999999999949e+00 0.000000000000000000e+00
5.120000000000000107e+00 0.000000000000000000e+00
5.000000000000000000e+00 0.000000000000000000e+00
