3.537197473298937211e+01 9.997801780700683594e-01
3.465879875783272013e+01 9.997801780700683594e-01
3.395960662532619523e+01 9.997802376747131348e-01
3.327412414247665851e+01 9.997802972793579102e-01
3.260208249262417723e+01 9.997802972793579102e-01
3.194321813002370192e+01 9.997805356979370117e-01
3.129727267649382583e+01 9.997805953025817871e-01
3.066399282009198757e+01 9.997806549072265625e-01
3.004313021577645770e+01 9.997806549072265625e-01
2.943444138801613619e+01 9.997844696044921875e-01
2.883768763530993695e+01 9.997844696044921875e-01
2.825263493657836733e+01 9.997845292091369629e-01
2.767905385939055662e+01 9.997845888137817383e-01
2.711671946999074123e+01 9.997845888137817383e-01
2.656541124508895990e+01 9.997848272323608398e-01
2.602491298538133435e+01 9.997848272323608398e-01
2.549501273076601393e+01 9.997848868370056152e-01
2.497550267722158068e+01 9.997849464416503906e-01
2.446617909531527602e+01 9.997849464416503906e-01
2.396684225030909232e+01 9.997853636741638184e-01
2.347729632383244436e+01 9.997859001159667969e-01
2.299734933709063256e+01 9.997859001159667969e-01
2.252681307557904944e+01 9.997859597206115723e-01
2.206550301527357760e+01 9.997860193252563477e-01
2.161323825026821410e+01 9.997860193252563477e-01
2.116984142183158113e+01 9.997862577438354492e-01
2.073513864885449109e+01 9.997809529304504395e-01
2.030895945966126703e+01 9.997768402099609375e-01
1.989113672515810549e+01 9.997696280479431152e-01
1.948150659329225931e+01 9.997591972351074219e-01
1.907990842479633287e+01 9.997428655624389648e-01
1.868618473019248327e+01 9.997152686119079590e-01
1.830018110803184683e+01 9.996723532676696777e-01
1.792174618434494704e+01 9.996120929718017578e-01
1.755073155327935908e+01 9.995334148406982422e-01
1.718699171890133215e+01 9.994279146194458008e-01
1.683038403813856121e+01 9.992899298667907715e-01
1.648076866484172598e+01 9.991117119789123535e-01
1.613800849494286993e+01 9.988923668861389160e-01
1.580196911268908622e+01 9.986177682876586914e-01
1.547251873793047494e+01 9.982639551162719727e-01
1.514952817444164168e+01 9.978300333023071289e-01
1.483287075925650988e+01 9.973024725914001465e-01
1.452242231299657860e+01 9.966561198234558105e-01
1.421806109117311578e+01 9.958726167678833008e-01
1.391966773644423050e+01 9.949197173118591309e-01
1.362712523180806912e+01 9.937577843666076660e-01
1.334031885471379297e+01 9.923555850982666016e-01
1.305913613207234647e+01 9.907072186470031738e-01
1.278346679614935866e+01 9.887529015541076660e-01
1.251320274132289967e+01 9.863770008087158203e-01
1.224823798168911715e+01 9.836332201957702637e-01
1.198846860949913484e+01 9.803953170776367188e-01
1.173379275441091707e+01 9.766467809677124023e-01
1.148411054354011540e+01 9.723366498947143555e-01
1.123932406229423009e+01 9.673629403114318848e-01
1.099933731597473496e+01 9.616773724555969238e-01
1.076405619213209341e+01 9.551938772201538086e-01
1.053338842365891459e+01 9.478936791419982910e-01
1.030724355260677960e+01 9.396007061004638672e-01
1.008553289471252867e+01 9.303396940231323242e-01
9.868169504620125210e+00 9.199325442314147949e-01
9.655068141784436619e+00 9.083142280578613281e-01
9.446145237043564791e+00 8.954483270645141602e-01
9.241318859846632705e+00 8.812668919563293457e-01
9.040508686124150373e+00 8.655786514282226562e-01
8.843635966788381708e+00 8.483224511146545410e-01
8.650623496851354233e+00 8.293597102165222168e-01
8.461395585148386189e+00 8.085367083549499512e-01
8.275878024655280996e+00 7.858831286430358887e-01
8.093998063387530806e+00 7.611029744148254395e-01
7.915684375870128520e+00 7.339280843734741211e-01
7.740867035166791865e+00 7.042232155799865723e-01
7.569477485457639432e+00 6.720735430717468262e-01
7.401448515154548602e+00 6.371533274650573730e-01
7.236714230543675797e+00 5.994802117347717285e-01
7.075210029944779322e+00 5.588884949684143066e-01
6.916872578377233793e+00 5.150265693664550781e-01
6.761639782722777881e+00 4.678770303726196289e-01
6.609450767375272484e+00 4.172457754611968994e-01
6.460245850367914322e+00 3.632087707519531250e-01
6.313966519968543523e+00 3.059320747852325439e-01
6.170555411733865903e+00 2.454290091991424561e-01
6.029956286013593569e+00 1.864779889583587646e-01
5.892114005895679796e+00 1.304553002119064331e-01
5.756974515583999974e+00 8.253851532936096191e-02
5.624484819200000096e+00 4.575055837631225586e-02
5.494592960000000303e+00 1.993401162326335907e-02
5.367248000000000019e+00 5.375424865633249283e-03
5.242399999999999949e+00 1.110060489736497402e-03
5.120000000000000107e+00 1.584083975103567354e-06
5.000000000000000000e+00 0.000000000000000000e+00
