3.537197473298937211e+01 9.997801780700683594e-01
3.465879875783272013e+01 9.997801780700683594e-01
3.395960662532619523e+01 9.997802376747131348e-01
3.327412414247665851e+01 9.997802972793579102e-01
3.260208249262417723e+01 9.997802972793579102e-01
3.194321813002370192e+01 9.997805356979370117e-01
3.129727267649382583e+01 9.997805953025817871e-01
3.066399282009198757e+01 9.997806549072265625e-01
3.004313021577645770e+01 9.997806549072265625e-01
2.943444138801613619e+01 9.997844099998474121e-01
2.883768763530993695e+01 9.997844696044921875e-01
2.825263493657836733e+01 9.997845292091369629e-01
2.767905385939055662e+01 9.997845888137817383e-01
2.711671946999074123e+01 9.997845888137817383e-01
2.656541124508895990e+01 9.997848272323608398e-01
2.602491298538133435e+01 9.997848272323608398e-01
2.549501273076601393e+01 9.997848868370056152e-01
2.497550267722158068e+01 9.997849464416503906e-01
2.446617909531527602e+01 9.997849464416503906e-01
2.396684225030909232e+01 9.997854232788085938e-01
2.347729632383244436e+01 9.997781515121459961e-01
2.299734933709063256e+01 9.997733831405639648e-01
2.252681307557904944e+01 9.997653961181640625e-01
2.206550301527357760e+01 9.997529983520507812e-01
2.161323825026821410e+01 9.997348189353942871e-01
2.116984142183158113e+01 9.997029304504394531e-01
2.073513864885449109e+01 9.996556043624877930e-01
2.030895945966126703e+01 9.995904564857482910e-01
1.989113672515810549e+01 9.995051622390747070e-01
1.948150659329225931e+01 9.993928074836730957e-01
1.907990842479633287e+01 9.992461204528808594e-01
1.868618473019248327e+01 9.990573525428771973e-01
1.830018110803184683e+01 9.988279938697814941e-01
1.792174618434494704e+01 9.985401034355163574e-01
1.755073155327935908e+01 9.981650114059448242e-01
1.718699171890133215e+01 9.977115988731384277e-01
1.683038403813856121e+01 9.971577525138854980e-01
1.648076866484172598e+01 9.964830875396728516e-01
1.613800849494286993e+01 9.956652522087097168e-01
1.580196911268908622e+01 9.946708083152770996e-01
1.547251873793047494e+01 9.934564232826232910e-01
1.514952817444164168e+01 9.920020103454589844e-01
1.483287075925650988e+01 9.902893304824829102e-01
1.452242231299657860e+01 9.882459640502929688e-01
1.421806109117311578e+01 9.857970476150512695e-01
1.391966773644423050e+01 9.829561114311218262e-01
1.362712523180806912e+01 9.796107411384582520e-01
1.334031885471379297e+01 9.757509827613830566e-01
1.305913613207234647e+01 9.713121056556701660e-01
1.278346679614935866e+01 9.661930203437805176e-01
1.251320274132289967e+01 9.603588581085205078e-01
1.224823798168911715e+01 9.537102580070495605e-01
1.198846860949913484e+01 9.462482333183288574e-01
1.173379275441091707e+01 9.377754330635070801e-01
1.148411054354011540e+01 9.283258318901062012e-01
1.123932406229423009e+01 9.177135825157165527e-01
1.099933731597473496e+01 9.059158563613891602e-01
1.076405619213209341e+01 8.928806185722351074e-01
1.053338842365891459e+01 8.785100579261779785e-01
1.030724355260677960e+01 8.626298308372497559e-01
1.008553289471252867e+01 8.451994657516479492e-01
9.868169504620125210e+00 8.260801434516906738e-01
9.655068141784436619e+00 8.051211833953857422e-01
9.446145237043564791e+00 7.823750972747802734e-01
9.241318859846632705e+00 7.575147151947021484e-01
9.040508686124150373e+00 7.303198575973510742e-01
8.843635966788381708e+00 7.006299495697021484e-01
8.650623496851354233e+00 6.686064600944519043e-01
8.461395585148386189e+00 6.338654160499572754e-01
8.275878024655280996e+00 5.964606404304504395e-01
8.093998063387530806e+00 5.562821030616760254e-01
7.915684375870128520e+00 5.129284262657165527e-01
7.740867035166791865e+00 4.664457738399505615e-01
7.569477485457639432e+00 4.166768789291381836e-01
7.401448515154548602e+00 3.636027276515960693e-01
7.236714230543675797e+00 3.075617253780364990e-01
7.075210029944779322e+00 2.484730184078216553e-01
6.916872578377233793e+00 1.902093440294265747e-01
6.761639782722777881e+00 1.350697726011276245e-01
6.609450767375272484e+00 8.690953254699707031e-02
6.460245850367914322e+00 4.923801496624946594e-02
6.313966519968543523e+00 2.313100919127464294e-02
6.170555411733865903e+00 6.645750720053911209e-03
6.029956286013593569e+00 1.657020999118685722e-03
5.892114005895679796e+00 1.153090415755286813e-04
5.756974515583999974e+00 0.000000000000000000e+00
5.624484819200000096e+00 0.000000000000000000e+00
5.494592960000000303e+00 0.000000000000000000e+00
5.367248000000000019e+00 0.000000000000000000e+00
5.242399999999999949e+00 0.000000000000000000e+00
5.120000000000000107e+00 0.000000000000000000e+00
5.000000000000000000e+00 0.000000000000000000e+00
