3.537197473298937211e+01 9.997801780700683594e-01
3.465879875783272013e+01 9.997801780700683594e-01
3.395960662532619523e+01 9.997802376747131348e-01
3.327412414247665851e+01 9.997802972793579102e-01
3.260208249262417723e+01 9.997802972793579102e-01
3.194321813002370192e+01 9.997805356979370117e-01
3.129727267649382583e+01 9.997805953025817871e-01
3.066399282009198757e+01 9.997806549072265625e-01
3.004313021577645770e+01 9.997806549072265625e-01
2.943444138801613619e+01 9.997844099998474121e-01
2.883768763530993695e+01 9.997844696044921875e-01
2.825263493657836733e+01 9.997845292091369629e-01
2.767905385939055662e+01 9.997845888137817383e-01
2.711671946999074123e+01 9.997845888137817383e-01
2.656541124508895990e+01 9.997848272323608398e-01
2.602491298538133435e+01 9.997848272323608398e-01
2.549501273076601393e+01 9.997848868370056152e-01
2.497550267722158068e+01 9.997849464416503906e-01
2.446617909531527602e+01 9.997849464416503906e-01
2.396684225030909232e+01 9.997854232788085938e-01
2.347729632383244436e+01 9.997859001159667969e-01
2.299734933709063256e+01 9.997859001159667969e-01
2.252681307557904944e+01 9.997800588607788086e-01
2.206550301527357760e+01 9.997746944427490234e-01
2.161323825026821410e+01 9.997675418853759766e-01
2.116984142183158113e+01 9.997538328170776367e-01
2.073513864885449109e+01 9.997341036796569824e-01
2.030895945966126703e+01 9.997004270553588867e-01
1.989113672515810549e+01 9.996491074562072754e-01
1.948150659329225931e+01 9.995758533477783203e-01
1.907990842479633287e+01 9.994785785675048828e-01
1.868618473019248327e+01 9.993445277214050293e-01
1.830018110803184683e+01 9.991667270660400391e-01
1.792174618434494704e+01 9.989378452301025391e-01
1.755073155327935908e+01 9.986479878425598145e-01
1.718699171890133215e+01 9.982872605323791504e-01
1.683038403813856121e+01 9.978238940238952637e-01
1.648076866484172598e+01 9.972422122955322266e-01
1.613800849494286993e+01 9.965453743934631348e-01
1.580196911268908622e+01 9.956717491149902344e-01
1.547251873793047494e+01 9.945828914642333984e-01
1.514952817444164168e+01 9.932535290718078613e-01
1.483287075925650988e+01 9.916665554046630859e-01
1.452242231299657860e+01 9.897522926330566406e-01
1.421806109117311578e+01 9.874171614646911621e-01
1.391966773644423050e+01 9.846652746200561523e-01
1.362712523180806912e+01 9.813098311424255371e-01
1.334031885471379297e+01 9.772170782089233398e-01
1.305913613207234647e+01 9.725247621536254883e-01
1.278346679614935866e+01 9.670627713203430176e-01
1.251320274132289967e+01 9.606527686119079590e-01
1.224823798168911715e+01 9.531838297843933105e-01
1.198846860949913484e+01 9.447124004364013672e-01
1.173379275441091707e+01 9.348587393760681152e-01
1.148411054354011540e+01 9.234552383422851562e-01
1.123932406229423009e+01 9.105500578880310059e-01
1.099933731597473496e+01 8.960326313972473145e-01
1.076405619213209341e+01 8.790943622589111328e-01
1.053338842365891459e+01 8.597164154052734375e-01
1.030724355260677960e+01 8.384323120117187500e-01
1.008553289471252867e+01 8.144453763961791992e-01
9.868169504620125210e+00 7.870053052902221680e-01
9.655068141784436619e+00 7.564323544502258301e-01
9.446145237043564791e+00 7.221530079841613770e-01
9.241318859846632705e+00 6.836072206497192383e-01
9.040508686124150373e+00 6.408782601356506348e-01
8.843635966788381708e+00 5.933336019515991211e-01
8.650623496851354233e+00 5.400612950325012207e-01
8.461395585148386189e+00 4.805921018123626709e-01
8.275878024655280996e+00 4.154238104820251465e-01
8.093998063387530806e+00 3.431034386157989502e-01
7.915684375870128520e+00 2.654934823513031006e-01
7.740867035166791865e+00 1.900445222854614258e-01
7.569477485457639432e+00 1.206137239933013916e-01
7.401448515154548602e+00 6.626266986131668091e-02
7.236714230543675797e+00 2.914524823427200317e-02
7.075210029944779322e+00 7.945554330945014954e-03
6.916872578377233793e+00 2.203389769420027733e-03
6.761639782722777881e+00 1.067815610440447927e-04
6.609450767375272484e+00 0.000000000000000000e+00
6.460245850367914322e+00 0.000000000000000000e+00
6.313966519968543523e+00 0.000000000000000000e+00
6.170555411733865903e+00 0.000000000000000000e+00
6.029956286013593569e+00 0.000000000000000000e+00
5.892114005895679796e+00 0.000000000000000000e+00
5.756974515583999974e+00 0.000000000000000000e+00
5.624484819200000096e+00 0.000000000000000000e+00
5.494592960000000303e+00 0.000000000000000000e+00
5.367248000000000019e+00 0.000000000000000000e+00
5.242399999999999949e+00 0.000000000000000000e+00
5.120000000000000107e+00 0.000000000000000000e+00
5.000000000000000000e+00 0.000000000000000000e+00
