3.537197473298937211e+01 9.997801780700683594e-01
3.465879875783272013e+01 9.997801780700683594e-01
3.395960662532619523e+01 9.997802376747131348e-01
3.327412414247665851e+01 9.997802972793579102e-01
3.260208249262417723e+01 9.997802972793579102e-01
3.194321813002370192e+01 9.997805356979370117e-01
3.129727267649382583e+01 9.997805953025817871e-01
3.066399282009198757e+01 9.997806549072265625e-01
3.004313021577645770e+01 9.997806549072265625e-01
2.943444138801613619e+01 9.997844099998474121e-01
2.883768763530993695e+01 9.997844696044921875e-01
2.825263493657836733e+01 9.997845292091369629e-01
2.767905385939055662e+01 9.997845888137817383e-01
2.711671946999074123e+01 9.997845888137817383e-01
2.656541124508895990e+01 9.997848272323608398e-01
2.602491298538133435e+01 9.997848272323608398e-01
2.549501273076601393e+01 9.997848868370056152e-01
2.497550267722158068e+01 9.997849464416503906e-01
2.446617909531527602e+01 9.997849464416503906e-01
2.396684225030909232e+01 9.997853636741638184e-01
2.347729632383244436e+01 9.997798800468444824e-01
2.299734933709063256e+01 9.997752904891967773e-01
2.252681307557904944e+01 9.997673630714416504e-01
2.206550301527357760e+01 9.997542500495910645e-01
2.161323825026821410e+01 9.997338652610778809e-01
2.116984142183158113e+01 9.996964335441589355e-01
2.073513864885449109e+01 9.996392726898193359e-01
2.030895945966126703e+01 9.995591044425964355e-01
1.989113672515810549e+01 9.994495511054992676e-01
1.948150659329225931e+01 9.992938637733459473e-01
1.907990842479633287e+01 9.990916848182678223e-01
1.868618473019248327e+01 9.988397359848022461e-01
1.830018110803184683e+01 9.985163807868957520e-01
1.792174618434494704e+01 9.981001019477844238e-01
1.755073155327935908e+01 9.975779056549072266e-01
1.718699171890133215e+01 9.969317913055419922e-01
1.683038403813856121e+01 9.961224794387817383e-01
1.648076866484172598e+01 9.950931072235107422e-01
1.613800849494286993e+01 9.938601851463317871e-01
1.580196911268908622e+01 9.923413991928100586e-01
1.547251873793047494e+01 9.904704689979553223e-01
1.514952817444164168e+01 9.882086515426635742e-01
1.483287075925650988e+01 9.854937791824340820e-01
1.452242231299657860e+01 9.821398854255676270e-01
1.421806109117311578e+01 9.780558347702026367e-01
1.391966773644423050e+01 9.733446836471557617e-01
1.362712523180806912e+01 9.677986502647399902e-01
1.334031885471379297e+01 9.612280726432800293e-01
1.305913613207234647e+01 9.536682963371276855e-01
1.278346679614935866e+01 9.449360966682434082e-01
1.251320274132289967e+01 9.347613453865051270e-01
1.224823798168911715e+01 9.231913089752197266e-01
1.198846860949913484e+01 9.100618362426757812e-01
1.173379275441091707e+01 8.948904275894165039e-01
1.148411054354011540e+01 8.767771124839782715e-01
1.123932406229423009e+01 8.568719625473022461e-01
1.099933731597473496e+01 8.348480463027954102e-01
1.076405619213209341e+01 8.097659945487976074e-01
1.053338842365891459e+01 7.814138531684875488e-01
1.030724355260677960e+01 7.496919035911560059e-01
1.008553289471252867e+01 7.141287922859191895e-01
9.868169504620125210e+00 6.741983890533447266e-01
9.655068141784436619e+00 6.299943923950195312e-01
9.446145237043564791e+00 5.809803605079650879e-01
9.241318859846632705e+00 5.256896615028381348e-01
9.040508686124150373e+00 4.649416208267211914e-01
8.843635966788381708e+00 3.981471061706542969e-01
8.650623496851354233e+00 3.243022561073303223e-01
8.461395585148386189e+00 2.456460297107696533e-01
8.275878024655280996e+00 1.699656844139099121e-01
8.093998063387530806e+00 1.026164665818214417e-01
7.915684375870128520e+00 5.248006433248519897e-02
7.740867035166791865e+00 1.891802251338958740e-02
7.569477485457639432e+00 4.457820672541856766e-03
7.401448515154548602e+00 1.031850464642047882e-03
7.236714230543675797e+00 0.000000000000000000e+00
7.075210029944779322e+00 0.000000000000000000e+00
6.916872578377233793e+00 0.000000000000000000e+00
6.761639782722777881e+00 0.000000000000000000e+00
6.609450767375272484e+00 0.000000000000000000e+00
6.460245850367914322e+00 0.000000000000000000e+00
6.313966519968543523e+00 0.000000000000000000e+00
6.170555411733865903e+00 0.000000000000000000e+00
6.029956286013593569e+00 0.000000000000000000e+00
5.892114005895679796e+00 0.000000000000000000e+00
5.756974515583999974e+00 0.000000000000000000e+00
5.624484819200000096e+00 0.000000000000000000e+00
5.494592960000000303e+00 0.000000000000000000e+00
5.367248000000000019e+00 0.000000000000000000e+00
5.242399999999999949e+00 0.000000000000000000e+00
5.120000000000000107e+00 0.000000000000000000e+00
5.000000000000000000e+00 0.000000000000000000e+00
