3.537197473298937211e+01 9.997801780700683594e-01
3.465879875783272013e+01 9.997801780700683594e-01
3.395960662532619523e+01 9.997802376747131348e-01
3.327412414247665851e+01 9.997802972793579102e-01
3.260208249262417723e+01 9.997802972793579102e-01
3.194321813002370192e+01 9.997805356979370117e-01
3.129727267649382583e+01 9.997805953025817871e-01
3.066399282009198757e+01 9.997806549072265625e-01
3.004313021577645770e+01 9.997806549072265625e-01
2.943444138801613619e+01 9.997844099998474121e-01
2.883768763530993695e+01 9.997844696044921875e-01
2.825263493657836733e+01 9.997845292091369629e-01
2.767905385939055662e+01 9.997845888137817383e-01
2.711671946999074123e+01 9.997845888137817383e-01
2.656541124508895990e+01 9.997848272323608398e-01
2.602491298538133435e+01 9.997848272323608398e-01
2.549501273076601393e+01 9.997848868370056152e-01
2.497550267722158068e+01 9.997849464416503906e-01
2.446617909531527602e+01 9.997849464416503906e-01
2.396684225030909232e+01 9.997854232788085938e-01
2.347729632383244436e+01 9.997859001159667969e-01
2.299734933709063256e+01 9.997859001159667969e-01
2.252681307557904944e+01 9.997859597206115723e-01
2.206550301527357760e+01 9.997783899307250977e-01
2.161323825026821410e+01 9.997735023498535156e-01
2.116984142183158113e+01 9.997649788856506348e-01
2.073513864885449109e+01 9.997519850730895996e-01
2.030895945966126703e+01 9.997323155403137207e-01
1.989113672515810549e+01 9.997006654739379883e-01
1.948150659329225931e+01 9.996550083160400391e-01
1.907990842479633287e+01 9.995922446250915527e-01
1.868618473019248327e+01 9.995086789131164551e-01
1.830018110803184683e+01 9.993971586227416992e-01
1.792174618434494704e+01 9.992536306381225586e-01
1.755073155327935908e+01 9.990696310997009277e-01
1.718699171890133215e+01 9.988359212875366211e-01
1.683038403813856121e+01 9.985455870628356934e-01
1.648076866484172598e+01 9.981916546821594238e-01
1.613800849494286993e+01 9.977532625198364258e-01
1.580196911268908622e+01 9.972077608108520508e-01
1.547251873793047494e+01 9.965357780456542969e-01
1.514952817444164168e+01 9.957231283187866211e-01
1.483287075925650988e+01 9.947564005851745605e-01
1.452242231299657860e+01 9.936012029647827148e-01
1.421806109117311578e+01 9.922008514404296875e-01
1.391966773644423050e+01 9.905411601066589355e-01
1.362712523180806912e+01 9.885659217834472656e-01
1.334031885471379297e+01 9.862759709358215332e-01
1.305913613207234647e+01 9.835743308067321777e-01
1.278346679614935866e+01 9.804327487945556641e-01
1.251320274132289967e+01 9.767382740974426270e-01
1.224823798168911715e+01 9.725424051284790039e-01
1.198846860949913484e+01 9.677238464355468750e-01
1.173379275441091707e+01 9.622274041175842285e-01
1.148411054354011540e+01 9.559936523437500000e-01
1.123932406229423009e+01 9.489322900772094727e-01
1.099933731597473496e+01 9.410049915313720703e-01
1.076405619213209341e+01 9.320811629295349121e-01
1.053338842365891459e+01 9.221324920654296875e-01
1.030724355260677960e+01 9.109249711036682129e-01
1.008553289471252867e+01 8.985897898674011230e-01
9.868169504620125210e+00 8.848437666893005371e-01
9.655068141784436619e+00 8.696654438972473145e-01
9.446145237043564791e+00 8.530930280685424805e-01
9.241318859846632705e+00 8.348735570907592773e-01
9.040508686124150373e+00 8.148492574691772461e-01
8.843635966788381708e+00 7.928673028945922852e-01
8.650623496851354233e+00 7.687873244285583496e-01
8.461395585148386189e+00 7.424108982086181641e-01
8.275878024655280996e+00 7.136682271957397461e-01
8.093998063387530806e+00 6.822995543479919434e-01
7.915684375870128520e+00 6.482932567596435547e-01
7.740867035166791865e+00 6.116635799407958984e-01
7.569477485457639432e+00 5.719283819198608398e-01
7.401448515154548602e+00 5.288732051849365234e-01
7.236714230543675797e+00 4.826136529445648193e-01
7.075210029944779322e+00 4.326150119304656982e-01
6.916872578377233793e+00 3.792816400527954102e-01
6.761639782722777881e+00 3.223776221275329590e-01
6.609450767375272484e+00 2.622273266315460205e-01
6.460245850367914322e+00 2.033187299966812134e-01
6.313966519968543523e+00 1.468178033828735352e-01
6.170555411733865903e+00 9.699991345405578613e-02
6.029956286013593569e+00 5.729727447032928467e-02
5.892114005895679796e+00 2.902239561080932617e-02
5.756974515583999974e+00 9.393649175763130188e-03
5.624484819200000096e+00 2.729589818045496941e-03
5.494592960000000303e+00 4.253473598510026932e-04
5.367248000000000019e+00 0.000000000000000000e+00
5.242399999999999949e+00 0.000000000000000000e+00
5.120000000000000107e+00 0.000000000000000000e+00
5.000000000000000000e+00 0.000000000000000000e+00
