3.537197473298937211e+01 9.997801780700683594e-01
3.465879875783272013e+01 9.997801780700683594e-01
3.395960662532619523e+01 9.997802376747131348e-01
3.327412414247665851e+01 9.997802972793579102e-01
3.260208249262417723e+01 9.997802972793579102e-01
3.194321813002370192e+01 9.997805356979370117e-01
3.129727267649382583e+01 9.997805953025817871e-01
3.066399282009198757e+01 9.997806549072265625e-01
3.004313021577645770e+01 9.997806549072265625e-01
2.943444138801613619e+01 9.997844696044921875e-01
2.883768763530993695e+01 9.997844696044921875e-01
2.825263493657836733e+01 9.997845292091369629e-01
2.767905385939055662e+01 9.997845888137817383e-01
2.711671946999074123e+01 9.997845888137817383e-01
2.656541124508895990e+01 9.997848272323608398e-01
2.602491298538133435e+01 9.997848272323608398e-01
2.549501273076601393e+01 9.997848868370056152e-01
2.497550267722158068e+01 9.997849464416503906e-01
2.446617909531527602e+01 9.997849464416503906e-01
2.396684225030909232e+01 9.997853636741638184e-01
2.347729632383244436e+01 9.997859001159667969e-01
2.299734933709063256e+01 9.997859001159667969e-01
2.252681307557904944e+01 9.997859597206115723e-01
2.206550301527357760e+01 9.997860193252563477e-01
2.161323825026821410e+01 9.997860193252563477e-01
2.116984142183158113e+01 9.997862577438354492e-01
2.073513864885449109e+01 9.997862577438354492e-01
2.030895945966126703e+01 9.997862577438354492e-01
1.989113672515810549e+01 9.997863173484802246e-01
1.948150659329225931e+01 9.997863769531250000e-01
1.907990842479633287e+01 9.997863769531250000e-01
1.868618473019248327e+01 9.997823238372802734e-01
1.830018110803184683e+01 9.997786283493041992e-01
1.792174618434494704e+01 9.997729063034057617e-01
1.755073155327935908e+01 9.997626543045043945e-01
1.718699171890133215e+01 9.997453689575195312e-01
1.683038403813856121e+01 9.997196793556213379e-01
1.648076866484172598e+01 9.996819496154785156e-01
1.613800849494286993e+01 9.996258616447448730e-01
1.580196911268908622e+01 9.995502233505249023e-01
1.547251873793047494e+01 9.994476437568664551e-01
1.514952817444164168e+01 9.993144869804382324e-01
1.483287075925650988e+01 9.991348981857299805e-01
1.452242231299657860e+01 9.989138245582580566e-01
1.421806109117311578e+01 9.986315965652465820e-01
1.391966773644423050e+01 9.982748031616210938e-01
1.362712523180806912e+01 9.978369474411010742e-01
1.334031885471379297e+01 9.973037838935852051e-01
1.305913613207234647e+01 9.966539144515991211e-01
1.278346679614935866e+01 9.958558678627014160e-01
1.251320274132289967e+01 9.949073791503906250e-01
1.224823798168911715e+01 9.937548041343688965e-01
1.198846860949913484e+01 9.923773407936096191e-01
1.173379275441091707e+01 9.907490611076354980e-01
1.148411054354011540e+01 9.888228774070739746e-01
1.123932406229423009e+01 9.865382313728332520e-01
1.099933731597473496e+01 9.838203787803649902e-01
1.076405619213209341e+01 9.806926846504211426e-01
1.053338842365891459e+01 9.771052002906799316e-01
1.030724355260677960e+01 9.729500412940979004e-01
1.008553289471252867e+01 9.681385159492492676e-01
9.868169504620125210e+00 9.626919031143188477e-01
9.655068141784436619e+00 9.565506577491760254e-01
9.446145237043564791e+00 9.495175480842590332e-01
9.241318859846632705e+00 9.416030645370483398e-01
9.040508686124150373e+00 9.327418804168701172e-01
8.843635966788381708e+00 9.226600527763366699e-01
8.650623496851354233e+00 9.110964536666870117e-01
8.461395585148386189e+00 8.984634280204772949e-01
8.275878024655280996e+00 8.845459818840026855e-01
8.093998063387530806e+00 8.689826130867004395e-01
7.915684375870128520e+00 8.519588112831115723e-01
7.740867035166791865e+00 8.333323001861572266e-01
7.569477485457639432e+00 8.126280903816223145e-01
7.401448515154548602e+00 7.897958755493164062e-01
7.236714230543675797e+00 7.647646665573120117e-01
7.075210029944779322e+00 7.371394038200378418e-01
6.916872578377233793e+00 7.065931558609008789e-01
6.761639782722777881e+00 6.737567782402038574e-01
6.609450767375272484e+00 6.379359960556030273e-01
6.460245850367914322e+00 5.989089012145996094e-01
6.313966519968543523e+00 5.565981268882751465e-01
6.170555411733865903e+00 5.107432007789611816e-01
6.029956286013593569e+00 4.606728851795196533e-01
5.892114005895679796e+00 4.069392979145050049e-01
5.756974515583999974e+00 3.494123816490173340e-01
5.624484819200000096e+00 2.879297435283660889e-01
5.494592960000000303e+00 2.262048721313476562e-01
5.367248000000000019e+00 1.667237281799316406e-01
5.242399999999999949e+00 1.128348931670188904e-01
5.120000000000000107e+00 6.902867555618286133e-02
5.000000000000000000e+00 3.708244487643241882e-02
