3.537197473298937211e+01 9.997801780700683594e-01
3.465879875783272013e+01 9.997801780700683594e-01
3.395960662532619523e+01 9.997802376747131348e-01
3.327412414247665851e+01 9.997802972793579102e-01
3.260208249262417723e+01 9.997802972793579102e-01
3.194321813002370192e+01 9.997805356979370117e-01
3.129727267649382583e+01 9.997805953025817871e-01
3.066399282009198757e+01 9.997806549072265625e-01
3.004313021577645770e+01 9.997806549072265625e-01
2.943444138801613619e+01 9.997844696044921875e-01
2.883768763530993695e+01 9.997844696044921875e-01
2.825263493657836733e+01 9.997845292091369629e-01
2.767905385939055662e+01 9.997845888137817383e-01
2.711671946999074123e+01 9.997845888137817383e-01
2.656541124508895990e+01 9.997848272323608398e-01
2.602491298538133435e+01 9.997848272323608398e-01
2.549501273076601393e+01 9.997848868370056152e-01
2.497550267722158068e+01 9.997849464416503906e-01
2.446617909531527602e+01 9.997849464416503906e-01
2.396684225030909232e+01 9.997853636741638184e-01
2.347729632383244436e+01 9.997859001159667969e-01
2.299734933709063256e+01 9.997859001159667969e-01
2.252681307557904944e+01 9.997859597206115723e-01
2.206550301527357760e+01 9.997860193252563477e-01
2.161323825026821410e+01 9.997860193252563477e-01
2.116984142183158113e+01 9.997862577438354492e-01
2.073513864885449109e+01 9.997862577438354492e-01
2.030895945966126703e+01 9.997862577438354492e-01
1.989113672515810549e+01 9.997863173484802246e-01
1.948150659329225931e+01 9.997829198837280273e-01
1.907990842479633287e+01 9.997794628143310547e-01
1.868618473019248327e+01 9.997736811637878418e-01
1.830018110803184683e+01 9.997643828392028809e-01
1.792174618434494704e+01 9.997493028640747070e-01
1.755073155327935908e+01 9.997249841690063477e-01
1.718699171890133215e+01 9.996877312660217285e-01
1.683038403813856121e+01 9.996324777603149414e-01
1.648076866484172598e+01 9.995582103729248047e-01
1.613800849494286993e+01 9.994559884071350098e-01
1.580196911268908622e+01 9.993143081665039062e-01
1.547251873793047494e+01 9.991369247436523438e-01
1.514952817444164168e+01 9.989074468612670898e-01
1.483287075925650988e+01 9.986171722412109375e-01
1.452242231299657860e+01 9.982615113258361816e-01
1.421806109117311578e+01 9.978220462799072266e-01
1.391966773644423050e+01 9.972751140594482422e-01
1.362712523180806912e+01 9.965897202491760254e-01
1.334031885471379297e+01 9.957702159881591797e-01
1.305913613207234647e+01 9.947909712791442871e-01
1.278346679614935866e+01 9.936083555221557617e-01
1.251320274132289967e+01 9.921727180480957031e-01
1.224823798168911715e+01 9.904716610908508301e-01
1.198846860949913484e+01 9.884425997734069824e-01
1.173379275441091707e+01 9.859945774078369141e-01
1.148411054354011540e+01 9.831395745277404785e-01
1.123932406229423009e+01 9.798597693443298340e-01
1.099933731597473496e+01 9.760339260101318359e-01
1.076405619213209341e+01 9.715721607208251953e-01
1.053338842365891459e+01 9.665247201919555664e-01
1.030724355260677960e+01 9.607571959495544434e-01
1.008553289471252867e+01 9.541091322898864746e-01
9.868169504620125210e+00 9.466119408607482910e-01
9.655068141784436619e+00 9.382249712944030762e-01
9.446145237043564791e+00 9.285850524902343750e-01
9.241318859846632705e+00 9.174636602401733398e-01
9.040508686124150373e+00 9.053943753242492676e-01
8.843635966788381708e+00 8.920962810516357422e-01
8.650623496851354233e+00 8.771484494209289551e-01
8.461395585148386189e+00 8.607532978057861328e-01
8.275878024655280996e+00 8.428393602371215820e-01
8.093998063387530806e+00 8.229848742485046387e-01
7.915684375870128520e+00 8.010609149932861328e-01
7.740867035166791865e+00 7.770621180534362793e-01
7.569477485457639432e+00 7.506492137908935547e-01
7.401448515154548602e+00 7.213504314422607422e-01
7.236714230543675797e+00 6.897627711296081543e-01
7.075210029944779322e+00 6.553031206130981445e-01
6.916872578377233793e+00 6.180341243743896484e-01
6.761639782722777881e+00 5.776080489158630371e-01
6.609450767375272484e+00 5.337194800376892090e-01
6.460245850367914322e+00 4.862055182456970215e-01
6.313966519968543523e+00 4.348946511745452881e-01
6.170555411733865903e+00 3.801384270191192627e-01
6.029956286013593569e+00 3.214147686958312988e-01
5.892114005895679796e+00 2.593993842601776123e-01
5.756974515583999974e+00 1.989281624555587769e-01
5.624484819200000096e+00 1.410829275846481323e-01
5.494592960000000303e+00 9.116570651531219482e-02
5.367248000000000019e+00 5.212104320526123047e-02
5.242399999999999949e+00 2.433242276310920715e-02
5.120000000000000107e+00 7.274946197867393494e-03
5.000000000000000000e+00 2.137829083949327469e-03
