3.537197473298937211e+01 9.997801780700683594e-01
3.465879875783272013e+01 9.997801780700683594e-01
3.395960662532619523e+01 9.997802376747131348e-01
3.327412414247665851e+01 9.997802972793579102e-01
3.260208249262417723e+01 9.997802972793579102e-01
3.194321813002370192e+01 9.997805356979370117e-01
3.129727267649382583e+01 9.997805953025817871e-01
3.066399282009198757e+01 9.997806549072265625e-01
3.004313021577645770e+01 9.997806549072265625e-01
2.943444138801613619e+01 9.997844099998474121e-01
2.883768763530993695e+01 9.997844696044921875e-01
2.825263493657836733e+01 9.997845292091369629e-01
2.767905385939055662e+01 9.997845888137817383e-01
2.711671946999074123e+01 9.997845888137817383e-01
2.656541124508895990e+01 9.997848272323608398e-01
2.602491298538133435e+01 9.997848272323608398e-01
2.549501273076601393e+01 9.997848868370056152e-01
2.497550267722158068e+01 9.997849464416503906e-01
2.446617909531527602e+01 9.997849464416503906e-01
2.396684225030909232e+01 9.997768402099609375e-01
2.347729632383244436e+01 9.997705221176147461e-01
2.299734933709063256e+01 9.997606277465820312e-01
2.252681307557904944e+01 9.997459650039672852e-01
2.206550301527357760e+01 9.997220635414123535e-01
2.161323825026821410e+01 9.996816515922546387e-01
2.116984142183158113e+01 9.996232390403747559e-01
2.073513864885449109e+01 9.995430707931518555e-01
2.030895945966126703e+01 9.994381666183471680e-01
1.989113672515810549e+01 9.993019700050354004e-01
1.948150659329225931e+01 9.991264343261718750e-01
1.907990842479633287e+01 9.989026784896850586e-01
1.868618473019248327e+01 9.986178278923034668e-01
1.830018110803184683e+01 9.982604384422302246e-01
1.792174618434494704e+01 9.978207945823669434e-01
1.755073155327935908e+01 9.972634911537170410e-01
1.718699171890133215e+01 9.965677261352539062e-01
1.683038403813856121e+01 9.957247972488403320e-01
1.648076866484172598e+01 9.946586489677429199e-01
1.613800849494286993e+01 9.933792352676391602e-01
1.580196911268908622e+01 9.918297529220581055e-01
1.547251873793047494e+01 9.899328351020812988e-01
1.514952817444164168e+01 9.876427054405212402e-01
1.483287075925650988e+01 9.849186539649963379e-01
1.452242231299657860e+01 9.816528558731079102e-01
1.421806109117311578e+01 9.776985645294189453e-01
1.391966773644423050e+01 9.731023907661437988e-01
1.362712523180806912e+01 9.677217006683349609e-01
1.334031885471379297e+01 9.614654183387756348e-01
1.305913613207234647e+01 9.542555809020996094e-01
1.278346679614935866e+01 9.458907246589660645e-01
1.251320274132289967e+01 9.363034963607788086e-01
1.224823798168911715e+01 9.253987073898315430e-01
1.198846860949913484e+01 9.130222201347351074e-01
1.173379275441091707e+01 8.989238142967224121e-01
1.148411054354011540e+01 8.829777240753173828e-01
1.123932406229423009e+01 8.649992942810058594e-01
1.099933731597473496e+01 8.448308706283569336e-01
1.076405619213209341e+01 8.222387433052062988e-01
1.053338842365891459e+01 7.969613671302795410e-01
1.030724355260677960e+01 7.685343027114868164e-01
1.008553289471252867e+01 7.367000579833984375e-01
9.868169504620125210e+00 7.011719346046447754e-01
9.655068141784436619e+00 6.616212725639343262e-01
9.446145237043564791e+00 6.179729104042053223e-01
9.241318859846632705e+00 5.696599483489990234e-01
9.040508686124150373e+00 5.160325169563293457e-01
8.843635966788381708e+00 4.568030834197998047e-01
8.650623496851354233e+00 3.917316496372222900e-01
8.461395585148386189e+00 3.200742900371551514e-01
8.275878024655280996e+00 2.436076849699020386e-01
8.093998063387530806e+00 1.699780076742172241e-01
7.915684375870128520e+00 1.038168668746948242e-01
7.740867035166791865e+00 5.398542806506156921e-02
7.569477485457639432e+00 2.046706527471542358e-02
7.401448515154548602e+00 4.859616048634052277e-03
7.236714230543675797e+00 1.150893280282616615e-03
7.075210029944779322e+00 0.000000000000000000e+00
6.916872578377233793e+00 0.000000000000000000e+00
6.761639782722777881e+00 0.000000000000000000e+00
6.609450767375272484e+00 0.000000000000000000e+00
6.460245850367914322e+00 0.000000000000000000e+00
6.313966519968543523e+00 0.000000000000000000e+00
6.170555411733865903e+00 0.000000000000000000e+00
6.029956286013593569e+00 0.000000000000000000e+00
5.892114005895679796e+00 0.000000000000000000e+00
5.756974515583999974e+00 0.000000000000000000e+00
5.624484819200000096e+00 0.000000000000000000e+00
5.494592960000000303e+00 0.000000000000000000e+00
5.367248000000000019e+00 0.000000000000000000e+00
5.242399999999999949e+00 0.000000000000000000e+00
5.120000000000000107e+00 0.000000000000000000e+00
5.000000000000000000e+00 0.000000000000000000e+00
