3.537197473298937211e+01 9.997801780700683594e-01
3.465879875783272013e+01 9.997801780700683594e-01
3.395960662532619523e+01 9.997802376747131348e-01
3.327412414247665851e+01 9.997802972793579102e-01
3.260208249262417723e+01 9.997802972793579102e-01
3.194321813002370192e+01 9.997805356979370117e-01
3.129727267649382583e+01 9.997805953025817871e-01
3.066399282009198757e+01 9.997806549072265625e-01
3.004313021577645770e+01 9.997806549072265625e-01
2.943444138801613619e+01 9.997844099998474121e-01
2.883768763530993695e+01 9.997844696044921875e-01
2.825263493657836733e+01 9.997845292091369629e-01
2.767905385939055662e+01 9.997845888137817383e-01
2.711671946999074123e+01 9.997845888137817383e-01
2.656541124508895990e+01 9.997848272323608398e-01
2.602491298538133435e+01 9.997848272323608398e-01
2.549501273076601393e+01 9.997848868370056152e-01
2.497550267722158068e+01 9.997849464416503906e-01
2.446617909531527602e+01 9.997849464416503906e-01
2.396684225030909232e+01 9.997854232788085938e-01
2.347729632383244436e+01 9.997859001159667969e-01
2.299734933709063256e+01 9.997804164886474609e-01
2.252681307557904944e+01 9.997768998146057129e-01
2.206550301527357760e+01 9.997703433036804199e-01
2.161323825026821410e+01 9.997609257698059082e-01
2.116984142183158113e+01 9.997454881668090820e-01
2.073513864885449109e+01 9.997218847274780273e-01
2.030895945966126703e+01 9.996818900108337402e-01
1.989113672515810549e+01 9.996270537376403809e-01
1.948150659329225931e+01 9.995487928390502930e-01
1.907990842479633287e+01 9.994466304779052734e-01
1.868618473019248327e+01 9.993080496788024902e-01
1.830018110803184683e+01 9.991345405578613281e-01
1.792174618434494704e+01 9.989147782325744629e-01
1.755073155327935908e+01 9.986287951469421387e-01
1.718699171890133215e+01 9.982797503471374512e-01
1.683038403813856121e+01 9.978424310684204102e-01
1.648076866484172598e+01 9.972913861274719238e-01
1.613800849494286993e+01 9.966262578964233398e-01
1.580196911268908622e+01 9.958038330078125000e-01
1.547251873793047494e+01 9.947682619094848633e-01
1.514952817444164168e+01 9.935109019279479980e-01
1.483287075925650988e+01 9.920032620429992676e-01
1.452242231299657860e+01 9.901932477951049805e-01
1.421806109117311578e+01 9.880153536796569824e-01
1.391966773644423050e+01 9.854115247726440430e-01
1.362712523180806912e+01 9.822887182235717773e-01
1.334031885471379297e+01 9.786134362220764160e-01
1.305913613207234647e+01 9.743236899375915527e-01
1.278346679614935866e+01 9.692577719688415527e-01
1.251320274132289967e+01 9.632781147956848145e-01
1.224823798168911715e+01 9.564573764801025391e-01
1.198846860949913484e+01 9.486230611801147461e-01
1.173379275441091707e+01 9.395684599876403809e-01
1.148411054354011540e+01 9.291867017745971680e-01
1.123932406229423009e+01 9.173411130905151367e-01
1.099933731597473496e+01 9.038800597190856934e-01
1.076405619213209341e+01 8.887242674827575684e-01
1.053338842365891459e+01 8.716691136360168457e-01
1.030724355260677960e+01 8.524336218833923340e-01
1.008553289471252867e+01 8.308256268501281738e-01
9.868169504620125210e+00 8.063713312149047852e-01
9.655068141784436619e+00 7.787998914718627930e-01
9.446145237043564791e+00 7.479873299598693848e-01
9.241318859846632705e+00 7.134335637092590332e-01
9.040508686124150373e+00 6.748722195625305176e-01
8.843635966788381708e+00 6.320180892944335938e-01
8.650623496851354233e+00 5.844306945800781250e-01
8.461395585148386189e+00 5.314474701881408691e-01
8.275878024655280996e+00 4.725403785705566406e-01
8.093998063387530806e+00 4.076178669929504395e-01
7.915684375870128520e+00 3.357193171977996826e-01
7.740867035166791865e+00 2.591957449913024902e-01
7.569477485457639432e+00 1.850004792213439941e-01
7.401448515154548602e+00 1.172539070248603821e-01
7.236714230543675797e+00 6.446670740842819214e-02
7.075210029944779322e+00 2.819992229342460632e-02
6.916872578377233793e+00 7.714845240116119385e-03
6.761639782722777881e+00 2.150926040485501289e-03
6.609450767375272484e+00 1.003181314445100725e-04
6.460245850367914322e+00 0.000000000000000000e+00
6.313966519968543523e+00 0.000000000000000000e+00
6.170555411733865903e+00 0.000000000000000000e+00
6.029956286013593569e+00 0.000000000000000000e+00
5.892114005895679796e+00 0.000000000000000000e+00
5.756974515583999974e+00 0.000000000000000000e+00
5.624484819200000096e+00 0.000000000000000000e+00
5.494592960000000303e+00 0.000000000000000000e+00
5.367248000000000019e+00 0.000000000000000000e+00
5.242399999999999949e+00 0.000000000000000000e+00
5.120000000000000107e+00 0.000000000000000000e+00
5.000000000000000000e+00 0.000000000000000000e+00
