3.537197473298937211e+01 9.997801780700683594e-01
3.465879875783272013e+01 9.997801780700683594e-01
3.395960662532619523e+01 9.997802376747131348e-01
3.327412414247665851e+01 9.997802972793579102e-01
3.260208249262417723e+01 9.997802972793579102e-01
3.194321813002370192e+01 9.997805356979370117e-01
3.129727267649382583e+01 9.997805953025817871e-01
3.066399282009198757e+01 9.997806549072265625e-01
3.004313021577645770e+01 9.997806549072265625e-01
2.943444138801613619e+01 9.997844696044921875e-01
2.883768763530993695e+01 9.997844696044921875e-01
2.825263493657836733e+01 9.997845292091369629e-01
2.767905385939055662e+01 9.997845888137817383e-01
2.711671946999074123e+01 9.997845888137817383e-01
2.656541124508895990e+01 9.997848272323608398e-01
2.602491298538133435e+01 9.997848272323608398e-01
2.549501273076601393e+01 9.997848868370056152e-01
2.497550267722158068e+01 9.997849464416503906e-01
2.446617909531527602e+01 9.997849464416503906e-01
2.396684225030909232e+01 9.997853636741638184e-01
2.347729632383244436e+01 9.997859001159667969e-01
2.299734933709063256e+01 9.997859001159667969e-01
2.252681307557904944e+01 9.997859597206115723e-01
2.206550301527357760e+01 9.997860193252563477e-01
2.161323825026821410e+01 9.997860193252563477e-01
2.116984142183158113e+01 9.997862577438354492e-01
2.073513864885449109e+01 9.997862577438354492e-01
2.030895945966126703e+01 9.997862577438354492e-01
1.989113672515810549e+01 9.997863173484802246e-01
1.948150659329225931e+01 9.997810721397399902e-01
1.907990842479633287e+01 9.997766017913818359e-01
1.868618473019248327e+01 9.997698068618774414e-01
1.830018110803184683e+01 9.997581839561462402e-01
1.792174618434494704e+01 9.997406005859375000e-01
1.755073155327935908e+01 9.997135996818542480e-01
1.718699171890133215e+01 9.996708631515502930e-01
1.683038403813856121e+01 9.996139407157897949e-01
1.648076866484172598e+01 9.995349049568176270e-01
1.613800849494286993e+01 9.994327425956726074e-01
1.580196911268908622e+01 9.992971420288085938e-01
1.547251873793047494e+01 9.991226196289062500e-01
1.514952817444164168e+01 9.989005327224731445e-01
1.483287075925650988e+01 9.986231923103332520e-01
1.452242231299657860e+01 9.982876181602478027e-01
1.421806109117311578e+01 9.978703260421752930e-01
1.391966773644423050e+01 9.973526597023010254e-01
1.362712523180806912e+01 9.967089891433715820e-01
1.334031885471379297e+01 9.959269762039184570e-01
1.305913613207234647e+01 9.950016736984252930e-01
1.278346679614935866e+01 9.938896298408508301e-01
1.251320274132289967e+01 9.925476312637329102e-01
1.224823798168911715e+01 9.909413456916809082e-01
1.198846860949913484e+01 9.890416264533996582e-01
1.173379275441091707e+01 9.868249893188476562e-01
1.148411054354011540e+01 9.842113256454467773e-01
1.123932406229423009e+01 9.811757802963256836e-01
1.099933731597473496e+01 9.775907993316650391e-01
1.076405619213209341e+01 9.735043048858642578e-01
1.053338842365891459e+01 9.688210487365722656e-01
1.030724355260677960e+01 9.634626507759094238e-01
1.008553289471252867e+01 9.573796391487121582e-01
9.868169504620125210e+00 9.504817724227905273e-01
9.655068141784436619e+00 9.427127242088317871e-01
9.446145237043564791e+00 9.339600205421447754e-01
9.241318859846632705e+00 9.241939187049865723e-01
9.040508686124150373e+00 9.131882190704345703e-01
8.843635966788381708e+00 9.010374546051025391e-01
8.650623496851354233e+00 8.874856829643249512e-01
8.461395585148386189e+00 8.724538683891296387e-01
8.275878024655280996e+00 8.560426235198974609e-01
8.093998063387530806e+00 8.379848003387451172e-01
7.915684375870128520e+00 8.181208372116088867e-01
7.740867035166791865e+00 7.962561845779418945e-01
7.569477485457639432e+00 7.722394466400146484e-01
7.401448515154548602e+00 7.459331750869750977e-01
7.236714230543675797e+00 7.171977758407592773e-01
7.075210029944779322e+00 6.857781410217285156e-01
6.916872578377233793e+00 6.516361832618713379e-01
6.761639782722777881e+00 6.147494912147521973e-01
6.609450767375272484e+00 5.746720433235168457e-01
6.460245850367914322e+00 5.311733484268188477e-01
6.313966519968543523e+00 4.843758344650268555e-01
6.170555411733865903e+00 4.335753023624420166e-01
6.029956286013593569e+00 3.793536424636840820e-01
5.892114005895679796e+00 3.212181329727172852e-01
5.756974515583999974e+00 2.597959339618682861e-01
5.624484819200000096e+00 2.000415325164794922e-01
5.494592960000000303e+00 1.425643265247344971e-01
5.367248000000000019e+00 9.277798980474472046e-02
5.242399999999999949e+00 5.367554724216461182e-02
5.120000000000000107e+00 2.569566108286380768e-02
5.000000000000000000e+00 7.904719561338424683e-03
